shotest path in graph
34.1 18.3 31.62 30.62 11.25 35.03 19.94 24.7 40.24 15.5 22.66 23.79 33.1 17.2 18.92 25.05 21.37 22.45 17.1 38.15 33.54 31 37.54 26.02 38.43 36.02 28.14 12.69 38.94 27.2 35.2 18.1 14.15 32.6 33.9 15.2 16.6 35.75 19.5 14.05 16.65 0 6.65 16.8 42.08 12 19.7 9.24 6.8 23.93 10.4 21.13 11.2 8.3 36.73 14.6 15.1 6.9 9.1 38.25 3.9 38.84 15.4 20.9 

Distances from the Nouna in not raining season
41.568 27.45 38.592 41.622 22.5 68.202 24.576 50.79 58.29 42.12 53.93 51.87 64.056 23.73 28.89 47.7 50.06 45.9 43.83 53.508 48.24 46.812 89.31 31.872 74.712 55.518 40.14 19.035 72.54 47.94 71.94 46.5 25.035 64.14 64.812 44.58 34.596 72.006 33.72 28.1 35.9 0 19.95 25.2 67.638 28.98 33.9 21.18 19.38 46.59 30.18 31.695 31.65 24.9 69.012 31.38 32.88 8.28 13.65 46.548 4.68 51.678 46.2 60.33 

Distances from the Nouna in raining season
41.568 31.3714 38.592 42.632 27 70.976 24.576 62.0171 65.4343 46.0414 59.55 60.4171 64.056 25.9371 32.8171 51.6214 55.68 52.4571 47.7514 54.5023 53.9486 51.792 100.537 31.872 84.576 60.168 44.6914 21.7543 77.0914 55.0914 87.0914 56.736 29.7543 76.6914 66.456 53.136 37.936 74.656 39.2571 33.72 41.52 0 19.95 28.8 74.712 37.08 40.4 26.68 24.28 57.32 38.68 36.2229 39.6 32.25 77.776 39.08 41.08 8.28 15.6 46.548 4.68 53.388 53.55 64.2514 










