55
 numAddVar 253

Graph (V,E) with |V|= 23 and diameter = 6

Coordinates: 
vertex 1 : 0 0
vertex 2 : 1 0
vertex 3 : 2 0
vertex 4 : 3 0
vertex 5 : 4 0
vertex 6 : 0.5 0.866025
vertex 7 : 1.5 0.866025
vertex 8 : 2.5 0.866025
vertex 9 : 3.5 0.866025
vertex 10 : 0 1.73205
vertex 11 : 1 1.73205
vertex 12 : 2 1.73205
vertex 13 : 3 1.73205
vertex 14 : 4 1.73205
vertex 15 : 0.5 2.59808
vertex 16 : 1.5 2.59808
vertex 17 : 2.5 2.59808
vertex 18 : 3.5 2.59808
vertex 19 : 0 3.4641
vertex 20 : 1 3.4641
vertex 21 : 2 3.4641
vertex 22 : 3 3.4641
vertex 23 : 4 3.4641

Distances: 
  0   1   2   3   4   1 1.73205 2.64575 3.60555 1.73205   2 2.64575 3.4641 4.3589 2.64575   3 3.60555 4.3589 3.4641 3.60555   4 4.58258 5.2915 
  1   0   1   2   3   1   1 1.73205 2.64575   2 1.73205   2 2.64575 3.4641 2.64575 2.64575   3 3.60555 3.60555 3.4641 3.60555   4 4.58258 
  2   1   0   1   2 1.73205   1   1 1.73205 2.64575   2 1.73205   2 2.64575   3 2.64575 2.64575   3   4 3.60555 3.4641 3.60555   4 
  3   2   1   0   1 2.64575 1.73205   1   1 3.4641 2.64575   2 1.73205   2 3.60555   3 2.64575 2.64575 4.58258   4 3.60555 3.4641 3.60555 
  4   3   2   1   0 3.60555 2.64575 1.73205   1 4.3589 3.4641 2.64575   2 1.73205 4.3589 3.60555   3 2.64575 5.2915 4.58258   4 3.60555 3.4641 
  1   1 1.73205 2.64575 3.60555   0   1   2   3   1   1 1.73205 2.64575 3.60555 1.73205   2 2.64575 3.4641 2.64575 2.64575   3 3.60555 4.3589 
1.73205   1   1 1.73205 2.64575   1   0   1   2 1.73205   1   1 1.73205 2.64575   2 1.73205   2 2.64575   3 2.64575 2.64575   3 3.60555 
2.64575 1.73205   1   1 1.73205   2   1   0   1 2.64575 1.73205   1   1 1.73205 2.64575   2 1.73205   2 3.60555   3 2.64575 2.64575   3 
3.60555 2.64575 1.73205   1   1   3   2   1   0 3.60555 2.64575 1.73205   1   1 3.4641 2.64575   2 1.73205 4.3589 3.60555   3 2.64575 2.64575 
1.73205   2 2.64575 3.4641 4.3589   1 1.73205 2.64575 3.60555   0   1   2   3   4   1 1.73205 2.64575 3.60555 1.73205   2 2.64575 3.4641 4.3589 
  2 1.73205   2 2.64575 3.4641   1   1 1.73205 2.64575   1   0   1   2   3   1   1 1.73205 2.64575   2 1.73205   2 2.64575 3.4641 
2.64575   2 1.73205   2 2.64575 1.73205   1   1 1.73205   2   1   0   1   2 1.73205   1   1 1.73205 2.64575   2 1.73205   2 2.64575 
3.4641 2.64575   2 1.73205   2 2.64575 1.73205   1   1   3   2   1   0   1 2.64575 1.73205   1   1 3.4641 2.64575   2 1.73205   2 
4.3589 3.4641 2.64575   2 1.73205 3.60555 2.64575 1.73205   1   4   3   2   1   0 3.60555 2.64575 1.73205   1 4.3589 3.4641 2.64575   2 1.73205 
2.64575 2.64575   3 3.60555 4.3589 1.73205   2 2.64575 3.4641   1   1 1.73205 2.64575 3.60555   0   1   2   3   1   1 1.73205 2.64575 3.60555 
  3 2.64575 2.64575   3 3.60555   2 1.73205   2 2.64575 1.73205   1   1 1.73205 2.64575   1   0   1   2 1.73205   1   1 1.73205 2.64575 
3.60555   3 2.64575 2.64575   3 2.64575   2 1.73205   2 2.64575 1.73205   1   1 1.73205   2   1   0   1 2.64575 1.73205   1   1 1.73205 
4.3589 3.60555   3 2.64575 2.64575 3.4641 2.64575   2 1.73205 3.60555 2.64575 1.73205   1   1   3   2   1   0 3.60555 2.64575 1.73205   1   1 
3.4641 3.60555   4 4.58258 5.2915 2.64575   3 3.60555 4.3589 1.73205   2 2.64575 3.4641 4.3589   1 1.73205 2.64575 3.60555   0   1   2   3   4 
3.60555 3.4641 3.60555   4 4.58258 2.64575 2.64575   3 3.60555   2 1.73205   2 2.64575 3.4641   1   1 1.73205 2.64575   1   0   1   2   3 
  4 3.60555 3.4641 3.60555   4   3 2.64575 2.64575   3 2.64575   2 1.73205   2 2.64575 1.73205   1   1 1.73205   2   1   0   1   2 
4.58258   4 3.60555 3.4641 3.60555 3.60555   3 2.64575 2.64575 3.4641 2.64575   2 1.73205   2 2.64575 1.73205   1   1   3   2   1   0   1 
5.2915 4.58258   4 3.60555 3.4641 4.3589 3.60555   3 2.64575 4.3589 3.4641 2.64575   2 1.73205 3.60555 2.64575 1.73205   1   4   3   2   1   0 
d: 
  0   0   0   0   0   0   0   0   0   0   0   0   0   0   0   0   0   0   0   0   0   0   0 
  2   0   0   0   0   0   0   0   0   0   0   0   0   0   0   0   0   0   0   0   0   0   0 
  1   2   0   0   0   0   0   0   0   0   0   0   0   0   0   0   0   0   0   0   0   0   0 
  0   1   2   0   0   0   0   0   0   0   0   0   0   0   0   0   0   0   0   0   0   0   0 
  0   0   1   2   0   0   0   0   0   0   0   0   0   0   0   0   0   0   0   0   0   0   0 
  2   2 1.26795 0.354249   0   0   0   0   0   0   0   0   0   0   0   0   0   0   0   0   0   0   0 
1.26795   2   2 1.26795 0.354249   2   0   0   0   0   0   0   0   0   0   0   0   0   0   0   0   0   0 
0.354249 1.26795   2   2 1.26795   1   2   0   0   0   0   0   0   0   0   0   0   0   0   0   0   0   0 
  0 0.354249 1.26795   2   2   0   1   2   0   0   0   0   0   0   0   0   0   0   0   0   0   0   0 
1.26795   1 0.354249   0   0   2 1.26795 0.354249   0   0   0   0   0   0   0   0   0   0   0   0   0   0   0 
  1 1.26795   1 0.354249   0   2   2 1.26795 0.354249   2   0   0   0   0   0   0   0   0   0   0   0   0   0 
0.354249   1 1.26795   1 0.354249 1.26795   2   2 1.26795   1   2   0   0   0   0   0   0   0   0   0   0   0   0 
  0 0.354249   1 1.26795   1 0.354249 1.26795   2   2   0   1   2   0   0   0   0   0   0   0   0   0   0   0 
  0   0 0.354249   1 1.26795   0 0.354249 1.26795   2   0   0   1   2   0   0   0   0   0   0   0   0   0   0 
0.354249 0.354249   0   0   0 1.26795   1 0.354249   0   2   2 1.26795 0.354249   0   0   0   0   0   0   0   0   0   0 
  0 0.354249 0.354249   0   0   1 1.26795   1 0.354249 1.26795   2   2 1.26795 0.354249   2   0   0   0   0   0   0   0   0 
  0   0 0.354249 0.354249   0 0.354249   1 1.26795   1 0.354249 1.26795   2   2 1.26795   1   2   0   0   0   0   0   0   0 
  0   0   0 0.354249 0.354249   0 0.354249   1 1.26795   0 0.354249 1.26795   2   2   0   1   2   0   0   0   0   0   0 
  0   0   0   0   0 0.354249   0   0   0 1.26795   1 0.354249   0   0   2 1.26795 0.354249   0   0   0   0   0   0 
  0   0   0   0   0 0.354249 0.354249   0   0   1 1.26795   1 0.354249   0   2   2 1.26795 0.354249   2   0   0   0   0 
  0   0   0   0   0   0 0.354249 0.354249   0 0.354249   1 1.26795   1 0.354249 1.26795   2   2 1.26795   1   2   0   0   0 
  0   0   0   0   0   0   0 0.354249 0.354249   0 0.354249   1 1.26795   1 0.354249 1.26795   2   2   0   1   2   0   0 
  0   0   0   0   0   0   0   0 0.354249   0   0 0.354249   1 1.26795   0 0.354249 1.26795   2   0   0   1   2   0 

max distance : 2
Tighted Bounds for Lambda:   old LB=8  old UB = 16
    Versuch 1  :Tried aggregator 1 time.
MIP Presolve eliminated 48 rows and 2 columns.
MIP Presolve modified 759 coefficients.
Reduced MIP has 506 rows, 276 columns, and 1518 nonzeros.
Reduced MIP has 253 binaries, 0 generals, 0 SOSs, and 0 indicators.
Probing time =    0.00 sec.
Tried aggregator 1 time.
Presolve time =    0.00 sec.
Probing time =    0.00 sec.
MIP emphasis: balance optimality and feasibility.
MIP search method: dynamic search.
Parallel mode: deterministic, using up to 4 threads.
Root relaxation solution time =    0.00 sec.

        Nodes                                         Cuts/
   Node  Left     Objective  IInf  Best Integer    Best Bound    ItCnt     Gap

      0     0        0.0000    89                      0.0000      120         
      0     0        0.0000    31                     Cuts: 8      140         
      0     0        0.0000    29                    Cuts: 97      199         
      0     0        0.0000    26                    Cuts: 63      228         
      0     0        0.0000    36                    Cuts: 39      265         
      0     0        0.0000    34                    Cuts: 13      304         
      0     2        0.0000    23                      0.0000      304         
Elapsed real time =   0.09 sec. (tree size =  0.01 MB, solutions = 0)
*   204+  141                            0.0000        0.0000     3009    0.00%

Implied bound cuts applied:  12
Flow cuts applied:  3
Mixed integer rounding cuts applied:  7
Gomory fractional cuts applied:  2

Root node processing (before b&c):
  Real time             =    0.09
Parallel b&c, 4 threads:
  Real time             =    0.05
  Sync time (average)   =    0.00
  Wait time (average)   =    0.00
                          -------
Total (root+branch&cut) =    0.14 sec.
  new LB=8  new UB = 12
    Versuch 2  :Tried aggregator 1 time.
MIP Presolve eliminated 48 rows and 2 columns.
MIP Presolve modified 759 coefficients.
Reduced MIP has 506 rows, 276 columns, and 1518 nonzeros.
Reduced MIP has 253 binaries, 0 generals, 0 SOSs, and 0 indicators.
Probing time =    0.00 sec.
Tried aggregator 1 time.
Presolve time =    0.00 sec.
Probing time =    0.00 sec.
MIP emphasis: balance optimality and feasibility.
MIP search method: dynamic search.
Parallel mode: deterministic, using up to 4 threads.
Root relaxation solution time =    0.00 sec.

        Nodes                                         Cuts/
   Node  Left     Objective  IInf  Best Integer    Best Bound    ItCnt     Gap

      0     0        0.0000    93                      0.0000      128         
      0     0        0.0000    40                    Cuts: 12      158         
      0     0        0.0000    44                   Cuts: 113      233         
      0     0        0.0000    37                    Cuts: 28      264         
      0     0        0.0000    34                    Cuts: 60      297         
      0     2        0.0000    29                      0.0000      297         
Elapsed real time =   0.09 sec. (tree size =  0.01 MB, solutions = 0)
   3051   108        0.0000    19                      0.0000    27148         
   4775   137        0.0000    23                      0.0000    44105         
   7054   347        0.0000    26                      0.0000    62060         
   7727   120        0.0000    21                      0.0000    82090         
   8977   144        0.0000    16                      0.0000   117356         
  10178   169        0.0000    26                      0.0000   153202         
  11411   152        0.0000    18                      0.0000   192149         
  12691   134        0.0000    18                      0.0000   231832         
  14070   132        0.0000    24                      0.0000   271292         
  19418   166        0.0000    18                      0.0000   432874         
Elapsed real time =   3.91 sec. (tree size =  0.03 MB, solutions = 0)
  24859   242        0.0000    23                      0.0000   603678         
  30161   236        0.0000    25                      0.0000   774703         
  35997   315        0.0000    22                      0.0000   947528         
  41702   323        0.0000    21                      0.0000  1121320         
  47490   292        0.0000    17                      0.0000  1294322         
  53189   325        0.0000    29                      0.0000  1470226         
  59174   344        0.0000    25                      0.0000  1640939         
  65155   346        0.0000    24                      0.0000  1812350         
* 70434   301      integral     0        0.0000        0.0000  1971190    0.00%

Root node processing (before b&c):
  Real time             =    0.09
Parallel b&c, 4 threads:
  Real time             =   12.46
  Sync time (average)   =    0.02
  Wait time (average)   =    0.00
                          -------
Total (root+branch&cut) =   12.55 sec.
  new LB=8  new UB = 10
    Versuch 3  :Tried aggregator 1 time.
MIP Presolve eliminated 48 rows and 2 columns.
MIP Presolve modified 759 coefficients.
Reduced MIP has 506 rows, 276 columns, and 1518 nonzeros.
Reduced MIP has 253 binaries, 0 generals, 0 SOSs, and 0 indicators.
Probing time =    0.00 sec.
Tried aggregator 1 time.
Presolve time =    0.00 sec.
Probing time =    0.00 sec.
MIP emphasis: balance optimality and feasibility.
MIP search method: dynamic search.
Parallel mode: deterministic, using up to 4 threads.
Root relaxation solution time =    0.00 sec.

        Nodes                                         Cuts/
   Node  Left     Objective  IInf  Best Integer    Best Bound    ItCnt     Gap

      0     0        0.0000   101                      0.0000      129         
      0     0        0.0000    37                    Cuts: 12      169         
      0     0        0.0000    56                   Cuts: 172      254         
      0     0        0.0000    37                    Cuts: 17      279         
      0     0        0.0000    56                   Cuts: 151      334         
      0     2        0.0000    24                      0.0000      334         
Elapsed real time =   0.09 sec. (tree size =  0.01 MB, solutions = 0)
   2884   125        0.0000    18                      0.0000    30342         
   4899   144        0.0000    29                      0.0000    51850         
   7189   150        0.0000    37                      0.0000    71551         
Elapsed real time =   1.51 sec. (tree size =  0.09 MB, solutions = 0)
   7854   138        0.0000    15                      0.0000    94785         
   9074   124        0.0000    22                      0.0000   133744         
  10328   151        0.0000    30                      0.0000   173844         
  11515   175        0.0000    19                      0.0000   217069         
  12805   135        0.0000    22                      0.0000   260896         
  14073   127        0.0000    20                      0.0000   304452         
  15477   111        0.0000    19                      0.0000   349941         
  16857    94        0.0000    22                      0.0000   394162         
  18062   131        0.0000    17                      0.0000   439815         
  23282   146        0.0000    27                      0.0000   621276         
Elapsed real time =   4.57 sec. (tree size =  0.04 MB, solutions = 0)
  28614   201        0.0000    25                      0.0000   799413         
  34196   224        0.0000    26                      0.0000   984550         
  39906   210        0.0000    30                      0.0000  1170619         
  45713   214        0.0000    24                      0.0000  1356565         
  51326   162        0.0000    31                      0.0000  1545916         
  57121   235        0.0000    29                      0.0000  1736900         
  62864   175        0.0000    29                      0.0000  1929645         
  68453   186        0.0000    24                      0.0000  2121216         
  74317   125        0.0000    30                      0.0000  2313159         

Root node processing (before b&c):
  Real time             =    0.09
Parallel b&c, 4 threads:
  Real time             =   13.53
  Sync time (average)   =    0.02
  Wait time (average)   =    0.00
                          -------
Total (root+branch&cut) =   13.62 sec.
  new LB=9  new UB = 10
    Versuch 4  :Tried aggregator 1 time.
MIP Presolve eliminated 48 rows and 2 columns.
MIP Presolve modified 759 coefficients.
Reduced MIP has 506 rows, 276 columns, and 1518 nonzeros.
Reduced MIP has 253 binaries, 0 generals, 0 SOSs, and 0 indicators.
Probing time =    0.00 sec.
Tried aggregator 1 time.
Presolve time =    0.00 sec.
Probing time =    0.00 sec.
MIP emphasis: balance optimality and feasibility.
MIP search method: dynamic search.
Parallel mode: deterministic, using up to 4 threads.
Root relaxation solution time =    0.00 sec.

        Nodes                                         Cuts/
   Node  Left     Objective  IInf  Best Integer    Best Bound    ItCnt     Gap

      0     0        0.0000    98                      0.0000      135         
      0     0        0.0000    38                    Cuts: 13      165         
      0     0        0.0000    49                   Cuts: 112      250         
      0     0        0.0000    42                    Cuts: 25      274         
      0     0        0.0000    42                   Cuts: 103      310         
      0     2        0.0000    32                      0.0000      310         
Elapsed real time =   0.10 sec. (tree size =  0.01 MB, solutions = 0)
   2629   270        0.0000    18                      0.0000    29376         
   4731   331        0.0000    17                      0.0000    53203         
   6973   716        0.0000    12                      0.0000    74622         
   7056   751        0.0000    30                      0.0000    75541         
   7681   139        0.0000    21                      0.0000    96233         
   8913   154        0.0000    20                      0.0000   135702         
  10206   195        0.0000    27                      0.0000   176350         
  11441   232    infeasible                            0.0000   216619         
  12713   259        0.0000    19                      0.0000   257595         
  18135   411        0.0000    23                      0.0000   428709         
Elapsed real time =   3.66 sec. (tree size =  0.04 MB, solutions = 0)
  23748   604        0.0000    23                      0.0000   605843         
  29568   615        0.0000    26                      0.0000   782506         
  35299   650        0.0000    23                      0.0000   962886         
  40985   827        0.0000    21                      0.0000  1144231         
  46510   816        0.0000    27                      0.0000  1322162         
  52259   900        0.0000    22                      0.0000  1499023         
  57969   882        0.0000    27                      0.0000  1679439         
  63601   918    infeasible                            0.0000  1861306         
  69715   973        0.0000    26                      0.0000  2041970         
  75627   976        0.0000    18                      0.0000  2219525         
Elapsed real time =  13.21 sec. (tree size =  0.11 MB, solutions = 0)
  81599   908        0.0000    30                      0.0000  2401211         
  87327   893        0.0000    19                      0.0000  2584442         
  92968   992        0.0000    21                      0.0000  2768205         
  98943  1019        0.0000    19                      0.0000  2950194         
 104860   996        0.0000    22                      0.0000  3137293         
 110718   930        0.0000    23                      0.0000  3320737         
 116716   919        0.0000    21                      0.0000  3501500         
 122535   952        0.0000    27                      0.0000  3686439         
 128450   893        0.0000    18                      0.0000  3867799         
 134228   897        0.0000    25                      0.0000  4047886         
Elapsed real time =  22.88 sec. (tree size =  0.09 MB, solutions = 0)
 140127   948        0.0000    28                      0.0000  4231160         
 145895  1034        0.0000    30                      0.0000  4411093         
 151696   948        0.0000    30                      0.0000  4595353         
 157497   910        0.0000    30                      0.0000  4778889         
 163304   881        0.0000    23                      0.0000  4963923         
 169303  1021        0.0000    31                      0.0000  5144881         
 175232   917        0.0000    30                      0.0000  5326042         
 181072   921        0.0000    25                      0.0000  5510648         
 187186   916        0.0000    31                      0.0000  5692528         
 193185  1001        0.0000    22                      0.0000  5874592         
Elapsed real time =  32.55 sec. (tree size =  0.11 MB, solutions = 0)
 199108   941        0.0000    23                      0.0000  6056202         
 204988   953        0.0000    24                      0.0000  6240955         
 210977   972        0.0000    20                      0.0000  6426254         
 217237  1020        0.0000    21                      0.0000  6615920         
 223515  1020        0.0000    22                      0.0000  6805483         
 229644   987        0.0000    23                      0.0000  6987913         
 235556  1112        0.0000    22                      0.0000  7172083         
 241410  1113        0.0000    26                      0.0000  7356920         
 247125  1102        0.0000    33                      0.0000  7543662         
 253108  1013        0.0000    30                      0.0000  7729369         
Elapsed real time =  42.21 sec. (tree size =  0.13 MB, solutions = 0)
 259107  1067        0.0000    23                      0.0000  7916307         
 265293   984        0.0000    29                      0.0000  8102822         
 271527  1004        0.0000    26                      0.0000  8288807         
 277690   989        0.0000    19                      0.0000  8480822         
 283709   990        0.0000    13                      0.0000  8664985         
 289965   946        0.0000    21                      0.0000  8853165         
 296117   901        0.0000    22                      0.0000  9038881         
 302296   854        0.0000    26                      0.0000  9225065         
 308259   821        0.0000    26                      0.0000  9410126         
 314404   808        0.0000    33                      0.0000  9593241         
Elapsed real time =  51.85 sec. (tree size =  0.08 MB, solutions = 0)
 320598   828        0.0000    22                      0.0000  9778253         
 326524   837        0.0000    24                      0.0000  9962519         
 332646   768        0.0000    24                      0.0000 10143036         
 338883   731        0.0000    23                      0.0000 10325516         
 344725   715        0.0000    25                      0.0000 10512088         
 350728   693        0.0000    21                      0.0000 10694376         
 356853   641        0.0000    19                      0.0000 10878470         
 362808   697        0.0000    27                      0.0000 11068217         
 368984   678        0.0000    24                      0.0000 11255512         
 375200   664        0.0000    24                      0.0000 11440039         
Elapsed real time =  61.53 sec. (tree size =  0.07 MB, solutions = 0)
 381352   570        0.0000    24                      0.0000 11626583         
 387501   589        0.0000    23                      0.0000 11813831         
 393753   562        0.0000    27                      0.0000 11998863         
 399716   591        0.0000    16                      0.0000 12187186         
 405703   592        0.0000    25                      0.0000 12370239         
 411832   585        0.0000    30                      0.0000 12556240         
 417739   678        0.0000    25                      0.0000 12740603         
 423765   682        0.0000    22                      0.0000 12931079         
 429847   626        0.0000    24                      0.0000 13118960         
 436076   564        0.0000    21                      0.0000 13308576         
Elapsed real time =  71.18 sec. (tree size =  0.06 MB, solutions = 0)
 442333   547        0.0000    23                      0.0000 13497587         
 448596   629        0.0000    29                      0.0000 13680832         
 454759   715        0.0000    27                      0.0000 13862207         
 460911   635        0.0000    32                      0.0000 14046235         
 467028   637        0.0000    26                      0.0000 14229536         
 473122   493        0.0000    31                      0.0000 14416525         
 479128   509        0.0000    30                      0.0000 14602108         
 485299   420        0.0000    24                      0.0000 14788923         
 491400   326        0.0000    24                      0.0000 14976937         
 497613   167        0.0000    27                      0.0000 15166478         
Elapsed real time =  80.85 sec. (tree size =  0.03 MB, solutions = 0)
 503643   151        0.0000    30                      0.0000 15352242         
 509607   126        0.0000    15                      0.0000 15535318         
 515998   156        0.0000    22                      0.0000 15718218         
 522234   167        0.0000    23                      0.0000 15904571         
 528576   122        0.0000    23                      0.0000 16093385         
 534884   135        0.0000    24                      0.0000 16278588         
 541060   140        0.0000    35                      0.0000 16465350         
 547273   116        0.0000    25                      0.0000 16649747         
 553424    75        0.0000    25                      0.0000 16832054         

Root node processing (before b&c):
  Real time             =    0.09
Parallel b&c, 4 threads:
  Real time             =   90.81
  Sync time (average)   =    0.07
  Wait time (average)   =    0.00
                          -------
Total (root+branch&cut) =   90.90 sec.
  new LB=9.5  new UB = 10
Tried aggregator 1 time.
MIP Presolve eliminated 25 rows and 1 columns.
MIP Presolve modified 759 coefficients.
Reduced MIP has 529 rows, 277 columns, and 1564 nonzeros.
Reduced MIP has 253 binaries, 0 generals, 0 SOSs, and 0 indicators.
Probing time =    0.00 sec.
Tried aggregator 1 time.
Presolve time =    0.00 sec.
Probing time =    0.00 sec.
MIP emphasis: balance optimality and feasibility.
MIP search method: dynamic search.
Parallel mode: deterministic, using up to 4 threads.
Root relaxation solution time =    0.00 sec.

        Nodes                                         Cuts/
   Node  Left     Objective  IInf  Best Integer    Best Bound    ItCnt     Gap

      0     0        9.5000   152                      9.5000      168         
      0     0        9.5000    41                     Cuts: 7      187         
      0     0        9.5000    62                   Cuts: 143      285         
      0     0        9.5000    33                    Cuts: 20      313         
      0     0        9.5000    41                    Cuts: 76      368         
      0     2        9.5000    32                      9.5000      368         
Elapsed real time =   0.10 sec. (tree size =  0.01 MB, solutions = 0)
   2447   205        9.5000    22                      9.5000    26065         
   4750   292        9.5000    26                      9.5000    51467         
   7025   352        9.5000    37                      9.5000    70883         
Elapsed real time =   1.68 sec. (tree size =  0.12 MB, solutions = 0)
   7730    94       11.0000    18                      9.5000    91496         
   8990   230        9.5000    22                      9.5000   128251         
  10245   325        9.5359    27                      9.5000   165428         
  11573   345        9.5000    22                      9.5000   204473         
  12927   374        9.5000    23                      9.5000   243654         
  14297   501       10.2679    21                      9.5000   282441         
  15613   688        9.5000    16                      9.5000   321075         
  16958   701        9.5000    23                      9.5000   362285         
  18285   776        9.5000    30                      9.5000   402794         
* 18537   755      integral     0        9.8666        9.5000   409472    3.72%
Elapsed real time =   3.94 sec. (tree size =  0.07 MB, solutions = 0)
* 18561+  756                            9.8666        9.5000   410246    3.72%
  23207   730        9.5000    27        9.8666        9.5000   550928    3.72%
  27813   870        9.6274    29        9.8666        9.5000   693943    3.72%
  33264  1077        9.5000    23        9.8666        9.5000   844744    3.72%
  38715  1017        9.5000    25        9.8666        9.5000  1000191    3.72%
  43883  1151        9.5000    28        9.8666        9.5000  1155423    3.72%
  48009  1327        9.5000    20        9.8666        9.5000  1283690    3.72%
  53413  1386        9.5000    28        9.8666        9.5000  1441614    3.72%
  58820  1453        9.5000    29        9.8666        9.5000  1602740    3.72%
  64097  1452        9.5000    27        9.8666        9.5000  1762147    3.72%
  67786  1503        9.5000    29        9.8666        9.5000  1865346    3.72%
Elapsed real time =  14.98 sec. (tree size =  0.29 MB, solutions = 1)
  73289  1528        9.5000    22        9.8666        9.5000  2031352    3.72%
  78655  1524        9.5000    13        9.8666        9.5000  2193100    3.72%
  84011  1573        9.5000    31        9.8666        9.5000  2355172    3.72%
  89100  1561        9.5000    27        9.8666        9.5000  2518018    3.72%
* 93144  1623      integral     0        9.7803        9.5000  2654530    2.87%
  98385  1504        9.5000    24        9.7803        9.5000  2817814    2.87%
 103458  1600        9.5000    21        9.7803        9.5000  2982229    2.87%
 108612  1588        9.5000    18        9.7803        9.5000  3142876    2.87%
 113872  1460        9.5359    19        9.7803        9.5000  3300223    2.87%
 119391  1564        9.5000    18        9.7803        9.5000  3462333    2.87%
Elapsed real time =  24.73 sec. (tree size =  0.29 MB, solutions = 2)
 124972  1635        9.5000    20        9.7803        9.5000  3626970    2.87%
 130237  1668        9.5000    19        9.7803        9.5000  3791903    2.87%
 135392  1696        9.5000    22        9.7803        9.5000  3953968    2.87%
 140754  1617        9.5000    24        9.7803        9.5000  4117167    2.87%
 145932  1589        9.5000    27        9.7803        9.5000  4284756    2.87%
 151219  1586        9.5000    20        9.7803        9.5000  4447987    2.87%
*152842+ 1703                            9.7803        9.5000  4500551    2.87%
 153235  1714        9.5000    23        9.7803        9.5000  4513002    2.87%
 158594  1851        9.5000    23        9.7803        9.5000  4682493    2.87%
 163842  1794        9.5000    27        9.7803        9.5000  4855153    2.87%
 168916  1782        9.5000    27        9.7803        9.5000  5023073    2.87%
Elapsed real time =  35.51 sec. (tree size =  0.36 MB, solutions = 2)
 174104  1841        9.5000    18        9.7803        9.5000  5190898    2.87%
 179363  1911        9.5000    16        9.7803        9.5000  5355397    2.87%
 184767  1975        9.5000    25        9.7803        9.5000  5521121    2.87%
 190175  1942        9.5000    33        9.7803        9.5000  5681445    2.87%
 195356  1972        9.5000    24        9.7803        9.5000  5846156    2.87%
 200500  1904        9.5000    22        9.7803        9.5000  6012683    2.87%
 205888  1852        9.5000    24        9.7803        9.5000  6182075    2.87%
 211257  2079        9.5000    28        9.7803        9.5000  6347315    2.87%
 216606  2081       11.0000    20        9.7803        9.5000  6513415    2.87%
 221810  2180        9.5000    27        9.7803        9.5000  6674861    2.87%
Elapsed real time =  45.50 sec. (tree size =  0.50 MB, solutions = 2)
 227100  2158        9.5000    21        9.7803        9.5000  6838458    2.87%
 232314  2111        9.5000    19        9.7803        9.5000  7001393    2.87%
 237512  2089        9.5000    24        9.7803        9.5000  7164489    2.87%
 242730  2119        9.5000    32        9.7803        9.5000  7324903    2.87%
 247927  2087        9.5000    26        9.7803        9.5000  7488088    2.87%
 253125  2088        9.5000    20        9.7803        9.5000  7650597    2.87%
 258164  2114        9.5000    18        9.7803        9.5000  7812053    2.87%
 263445  2110        9.5000    22        9.7803        9.5000  7966123    2.87%
 268491  2128       10.5359    17        9.7803        9.5000  8124256    2.87%
 270994  2213        9.5000    23        9.7803        9.5000  8206889    2.87%
Elapsed real time =  56.58 sec. (tree size =  0.51 MB, solutions = 2)
 276320  2338        9.5000    23        9.7803        9.5000  8390397    2.87%
 281413  2422        9.5000    16        9.7803        9.5000  8554841    2.87%
 286787  2393        9.5000    16        9.7803        9.5000  8720795    2.87%
 292094  2453        9.5000    26        9.7803        9.5000  8885925    2.87%
 297186  2479    infeasible              9.7803        9.5000  9055741    2.87%
 302435  2475        9.5000    22        9.7803        9.5000  9224580    2.87%
 307687  2495        9.5000    18        9.7803        9.5000  9394778    2.87%
 313078  2532        9.5000    18        9.7803        9.5000  9558192    2.87%
 318464  2552        9.5359    19        9.7803        9.5000  9727634    2.87%
 323609  2615        9.5000    22        9.7803        9.5000  9895116    2.87%
Elapsed real time =  66.60 sec. (tree size =  0.62 MB, solutions = 2)
 328568  2595        9.5000    28        9.7803        9.5000 10060577    2.87%
 333801  2574        9.5000    28        9.7803        9.5000 10229786    2.87%
 338934  2544        9.5359    21        9.7803        9.5000 10396683    2.87%
 343801  2567        9.5000    23        9.7803        9.5000 10561569    2.87%
 348783  2601        9.5000    25        9.7803        9.5000 10737587    2.87%
 353543  2559        9.5000    22        9.7803        9.5000 10896005    2.87%
 358749  2543        9.5000    23        9.7803        9.5000 11060726    2.87%
 363901  2640        9.5000    20        9.7803        9.5000 11219899    2.87%
 369029  2646        9.5000    18        9.7803        9.5000 11380143    2.87%
 374184  2644        9.5000    27        9.7803        9.5000 11537523    2.87%
Elapsed real time =  76.69 sec. (tree size =  0.63 MB, solutions = 2)
 379394  2710        9.5000    17        9.7803        9.5000 11697221    2.87%
 384685  2767        9.5000    20        9.7803        9.5000 11853045    2.87%
 385524  2773        9.5000    21        9.7803        9.5000 11876506    2.87%
 390893  2709        9.5000    23        9.7803        9.5000 12031441    2.87%
 396407  2670        9.5000    19        9.7803        9.5000 12196290    2.87%
 401692  2615        9.5000    18        9.7803        9.5000 12366771    2.87%
 406801  2656        9.5000    19        9.7803        9.5000 12539586    2.87%
 412105  2670        9.5359    17        9.7803        9.5000 12712272    2.87%
 417273  2611        9.5000    29        9.7803        9.5000 12885554    2.87%
 422651  2651        9.5000    24        9.7803        9.5000 13058633    2.87%
Elapsed real time =  87.36 sec. (tree size =  0.64 MB, solutions = 2)
 427918  2603    infeasible              9.7803        9.5000 13233203    2.87%
 433184  2640        9.5000    25        9.7803        9.5000 13405931    2.87%
 438563  2645        9.5000    24        9.7803        9.5000 13576922    2.87%
 443914  2650        9.5000    20        9.7803        9.5000 13744859    2.87%
 449231  2630        9.5000    16        9.7803        9.5000 13915846    2.87%
 454486  2574        9.5000    25        9.7803        9.5000 14086701    2.87%
 459999  2558        9.5000    28        9.7803        9.5000 14254812    2.87%
 465413  2587        9.5000    25        9.7803        9.5000 14420466    2.87%
 470603  2640        9.5000    19        9.7803        9.5000 14588612    2.87%
 491606  2446        9.5000    23        9.7803        9.5000 15264968    2.87%
Elapsed real time = 100.24 sec. (tree size =  0.58 MB, solutions = 2)
 513270  2320        9.5000    23        9.7803        9.5000 15924303    2.87%
 533554  2159        9.5000    18        9.7803        9.5000 16585192    2.87%
 554250  2174        9.5000    19        9.7803        9.5000 17252267    2.87%
 569967  2188        9.5000    28        9.7803        9.5000 17762037    2.87%
 590843  2164        9.5000    23        9.7803        9.5000 18441866    2.87%
 611839  2096        9.5000    37        9.7803        9.5000 19112102    2.87%
 632649  2031        9.5000    19        9.7803        9.5000 19779325    2.87%
 648568  2044        9.5000    22        9.7803        9.5000 20300963    2.87%
 669416  2078        9.5000    18        9.7803        9.5000 20988386    2.87%
 690221  2086        9.5000    20        9.7803        9.5000 21672455    2.87%
Elapsed real time = 140.97 sec. (tree size =  0.48 MB, solutions = 2)
 706216  1940        9.5000    24        9.7803        9.5000 22185633    2.87%
 727941  1846        9.5000    20        9.7803        9.5000 22859156    2.87%
 748935  1793        9.5000    21        9.7803        9.5000 23534807    2.87%
 769515  1819        9.5000    18        9.7803        9.5000 24198494    2.87%
 784770  1822        9.6222    13        9.7803        9.5000 24676696    2.87%

Root node processing (before b&c):
  Real time             =    0.10
Parallel b&c, 4 threads:
  Real time             =  164.11
  Sync time (average)   =    0.15
  Wait time (average)   =    0.07
                          -------
Total (root+branch&cut) =  164.20 sec.
Solution status = Optimal
 Number of constraints = 554
Solution value  = 9.78029
c(0)=7.51234 c(1)=9.78029 c(2)=1.26795 c(3)=3.5359 c(4)=5.89015 c(5)=2.6222 c(6)=4.89015 c(7)=7.1581 c(8)=9.42605 c(9)=6.2444 c(10)=8.51234 c(11)=0 c(12)=2.26795 c(13)=4.5359 c(14)=1.35425 c(15)=3.6222 c(16)=5.89015 c(17)=8.1581 c(18)=4.97645 c(19)=7.2444 c(20)=9.78029 c(21)=1 c(22)=3.26795 

1046.66user 0.22system 4:42.09elapsed 371%CPU (0avgtext+0avgdata 69552maxresident)k
0inputs+12280outputs (0major+17814minor)pagefaults 0swaps
