23 20
20 19 18 17 16 15 14 13 12 11 10 9 8 7 6 5 4 3 2 1
0
10 0
20 10 0
30 20 10 0
40 30 20 10 0
10 10 20 30 40 0
20 10 10 20 30 10 0
30 20 10 10 20 20 10 0
40 30 20 10 10 30 20 10 0
20 20 30 40 50 10 20 30 40 0
20 20 20 30 40 10 10 20 30 10 0
30 20 20 20 30 20 10 10 20 20 10 0
40 30 20 20 20 30 20 10 10 30 20 10 0
50 40 30 20 20 40 30 20 10 40 30 20 10 0
30 30 30 40 50 20 20 30 40 10 10 20 30 40 0
30 30 30 30 40 20 20 20 30 20 10 10 20 30 10 0
40 30 30 30 30 30 20 20 20 30 20 10 10 20 20 10 0
50 40 30 30 30 40 30 20 20 40 30 20 10 10 30 20 10 0
40 40 40 50 60 30 30 40 50 20 20 30 40 50 10 20 30 40 0
40 40 40 40 50 30 30 30 40 20 20 20 30 40 10 10 20 30 10 0
40 40 40 40 40 30 30 30 30 30 20 20 20 30 20 10 10 20 20 10 0
50 40 40 40 40 40 30 30 30 40 30 20 20 20 30 20 10 10 30 20 10 0
60 50 40 40 40 50 40 30 30 50 40 30 20 20 40 30 20 10 40 30 20 10 0 