55
 numAddVar 253

Graph (V,E) with |V|= 23 and diameter = 6

Coordinates: 
vertex 1 : 0 0
vertex 2 : 1 0
vertex 3 : 2 0
vertex 4 : 3 0
vertex 5 : 4 0
vertex 6 : 0.5 0.866025
vertex 7 : 1.5 0.866025
vertex 8 : 2.5 0.866025
vertex 9 : 3.5 0.866025
vertex 10 : 0 1.73205
vertex 11 : 1 1.73205
vertex 12 : 2 1.73205
vertex 13 : 3 1.73205
vertex 14 : 4 1.73205
vertex 15 : 0.5 2.59808
vertex 16 : 1.5 2.59808
vertex 17 : 2.5 2.59808
vertex 18 : 3.5 2.59808
vertex 19 : 0 3.4641
vertex 20 : 1 3.4641
vertex 21 : 2 3.4641
vertex 22 : 3 3.4641
vertex 23 : 4 3.4641

Distances: 
  0   1   2   3   4   1 1.73205 2.64575 3.60555 1.73205   2 2.64575 3.4641 4.3589 2.64575   3 3.60555 4.3589 3.4641 3.60555   4 4.58258 5.2915 
  1   0   1   2   3   1   1 1.73205 2.64575   2 1.73205   2 2.64575 3.4641 2.64575 2.64575   3 3.60555 3.60555 3.4641 3.60555   4 4.58258 
  2   1   0   1   2 1.73205   1   1 1.73205 2.64575   2 1.73205   2 2.64575   3 2.64575 2.64575   3   4 3.60555 3.4641 3.60555   4 
  3   2   1   0   1 2.64575 1.73205   1   1 3.4641 2.64575   2 1.73205   2 3.60555   3 2.64575 2.64575 4.58258   4 3.60555 3.4641 3.60555 
  4   3   2   1   0 3.60555 2.64575 1.73205   1 4.3589 3.4641 2.64575   2 1.73205 4.3589 3.60555   3 2.64575 5.2915 4.58258   4 3.60555 3.4641 
  1   1 1.73205 2.64575 3.60555   0   1   2   3   1   1 1.73205 2.64575 3.60555 1.73205   2 2.64575 3.4641 2.64575 2.64575   3 3.60555 4.3589 
1.73205   1   1 1.73205 2.64575   1   0   1   2 1.73205   1   1 1.73205 2.64575   2 1.73205   2 2.64575   3 2.64575 2.64575   3 3.60555 
2.64575 1.73205   1   1 1.73205   2   1   0   1 2.64575 1.73205   1   1 1.73205 2.64575   2 1.73205   2 3.60555   3 2.64575 2.64575   3 
3.60555 2.64575 1.73205   1   1   3   2   1   0 3.60555 2.64575 1.73205   1   1 3.4641 2.64575   2 1.73205 4.3589 3.60555   3 2.64575 2.64575 
1.73205   2 2.64575 3.4641 4.3589   1 1.73205 2.64575 3.60555   0   1   2   3   4   1 1.73205 2.64575 3.60555 1.73205   2 2.64575 3.4641 4.3589 
  2 1.73205   2 2.64575 3.4641   1   1 1.73205 2.64575   1   0   1   2   3   1   1 1.73205 2.64575   2 1.73205   2 2.64575 3.4641 
2.64575   2 1.73205   2 2.64575 1.73205   1   1 1.73205   2   1   0   1   2 1.73205   1   1 1.73205 2.64575   2 1.73205   2 2.64575 
3.4641 2.64575   2 1.73205   2 2.64575 1.73205   1   1   3   2   1   0   1 2.64575 1.73205   1   1 3.4641 2.64575   2 1.73205   2 
4.3589 3.4641 2.64575   2 1.73205 3.60555 2.64575 1.73205   1   4   3   2   1   0 3.60555 2.64575 1.73205   1 4.3589 3.4641 2.64575   2 1.73205 
2.64575 2.64575   3 3.60555 4.3589 1.73205   2 2.64575 3.4641   1   1 1.73205 2.64575 3.60555   0   1   2   3   1   1 1.73205 2.64575 3.60555 
  3 2.64575 2.64575   3 3.60555   2 1.73205   2 2.64575 1.73205   1   1 1.73205 2.64575   1   0   1   2 1.73205   1   1 1.73205 2.64575 
3.60555   3 2.64575 2.64575   3 2.64575   2 1.73205   2 2.64575 1.73205   1   1 1.73205   2   1   0   1 2.64575 1.73205   1   1 1.73205 
4.3589 3.60555   3 2.64575 2.64575 3.4641 2.64575   2 1.73205 3.60555 2.64575 1.73205   1   1   3   2   1   0 3.60555 2.64575 1.73205   1   1 
3.4641 3.60555   4 4.58258 5.2915 2.64575   3 3.60555 4.3589 1.73205   2 2.64575 3.4641 4.3589   1 1.73205 2.64575 3.60555   0   1   2   3   4 
3.60555 3.4641 3.60555   4 4.58258 2.64575 2.64575   3 3.60555   2 1.73205   2 2.64575 3.4641   1   1 1.73205 2.64575   1   0   1   2   3 
  4 3.60555 3.4641 3.60555   4   3 2.64575 2.64575   3 2.64575   2 1.73205   2 2.64575 1.73205   1   1 1.73205   2   1   0   1   2 
4.58258   4 3.60555 3.4641 3.60555 3.60555   3 2.64575 2.64575 3.4641 2.64575   2 1.73205   2 2.64575 1.73205   1   1   3   2   1   0   1 
5.2915 4.58258   4 3.60555 3.4641 4.3589 3.60555   3 2.64575 4.3589 3.4641 2.64575   2 1.73205 3.60555 2.64575 1.73205   1   4   3   2   1   0 
d: 
  0   2   1   0   0   2 1.26795 0.354249   0 1.26795   1 0.354249   0   0 0.354249   0   0   0   0   0   0   0   0 
  2   0   2   1   0   2   2 1.26795 0.354249   1 1.26795   1 0.354249   0 0.354249 0.354249   0   0   0   0   0   0   0 
  1   2   0   2   1 1.26795   2   2 1.26795 0.354249   1 1.26795   1 0.354249   0 0.354249 0.354249   0   0   0   0   0   0 
  0   1   2   0   2 0.354249 1.26795   2   2   0 0.354249   1 1.26795   1   0   0 0.354249 0.354249   0   0   0   0   0 
  0   0   1   2   0   0 0.354249 1.26795   2   0   0 0.354249   1 1.26795   0   0   0 0.354249   0   0   0   0   0 
  2   2 1.26795 0.354249   0   0   2   1   0   2   2 1.26795 0.354249   0 1.26795   1 0.354249   0 0.354249 0.354249   0   0   0 
1.26795   2   2 1.26795 0.354249   2   0   2   1 1.26795   2   2 1.26795 0.354249   1 1.26795   1 0.354249   0 0.354249 0.354249   0   0 
0.354249 1.26795   2   2 1.26795   1   2   0   2 0.354249 1.26795   2   2 1.26795 0.354249   1 1.26795   1   0   0 0.354249 0.354249   0 
  0 0.354249 1.26795   2   2   0   1   2   0   0 0.354249 1.26795   2   2   0 0.354249   1 1.26795   0   0   0 0.354249 0.354249 
1.26795   1 0.354249   0   0   2 1.26795 0.354249   0   0   2   1   0   0   2 1.26795 0.354249   0 1.26795   1 0.354249   0   0 
  1 1.26795   1 0.354249   0   2   2 1.26795 0.354249   2   0   2   1   0   2   2 1.26795 0.354249   1 1.26795   1 0.354249   0 
0.354249   1 1.26795   1 0.354249 1.26795   2   2 1.26795   1   2   0   2   1 1.26795   2   2 1.26795 0.354249   1 1.26795   1 0.354249 
  0 0.354249   1 1.26795   1 0.354249 1.26795   2   2   0   1   2   0   2 0.354249 1.26795   2   2   0 0.354249   1 1.26795   1 
  0   0 0.354249   1 1.26795   0 0.354249 1.26795   2   0   0   1   2   0   0 0.354249 1.26795   2   0   0 0.354249   1 1.26795 
0.354249 0.354249   0   0   0 1.26795   1 0.354249   0   2   2 1.26795 0.354249   0   0   2   1   0   2   2 1.26795 0.354249   0 
  0 0.354249 0.354249   0   0   1 1.26795   1 0.354249 1.26795   2   2 1.26795 0.354249   2   0   2   1 1.26795   2   2 1.26795 0.354249 
  0   0 0.354249 0.354249   0 0.354249   1 1.26795   1 0.354249 1.26795   2   2 1.26795   1   2   0   2 0.354249 1.26795   2   2 1.26795 
  0   0   0 0.354249 0.354249   0 0.354249   1 1.26795   0 0.354249 1.26795   2   2   0   1   2   0   0 0.354249 1.26795   2   2 
  0   0   0   0   0 0.354249   0   0   0 1.26795   1 0.354249   0   0   2 1.26795 0.354249   0   0   2   1   0   0 
  0   0   0   0   0 0.354249 0.354249   0   0   1 1.26795   1 0.354249   0   2   2 1.26795 0.354249   2   0   2   1   0 
  0   0   0   0   0   0 0.354249 0.354249   0 0.354249   1 1.26795   1 0.354249 1.26795   2   2 1.26795   1   2   0   2   1 
  0   0   0   0   0   0   0 0.354249 0.354249   0 0.354249   1 1.26795   1 0.354249 1.26795   2   2   0   1   2   0   2 
  0   0   0   0   0   0   0   0 0.354249   0   0 0.354249   1 1.26795   0 0.354249 1.26795   2   0   0   1   2   0 

max distance : 2
Number of variables 277
Tried aggregator 1 time.
MIP Presolve eliminated 23 rows and 1 columns.
Reduced MIP has 563 rows, 277 columns, and 1666 nonzeros.
Reduced MIP has 253 binaries, 0 generals, 0 SOSs, and 0 indicators.
Probing time =    0.00 sec.
Tried aggregator 1 time.
Presolve time =    0.00 sec.
Probing time =    0.00 sec.
MIP emphasis: balance optimality and feasibility.
MIP search method: dynamic search.
Parallel mode: deterministic, using up to 4 threads.
Root relaxation solution time =    0.00 sec.

        Nodes                                         Cuts/
   Node  Left     Objective  IInf  Best Integer    Best Bound    ItCnt     Gap

*     0+    0                           36.0000                    205     --- 
      0     0        2.0000   171       36.0000        2.0000      205   94.44%
      0     0        2.0657   171       36.0000     Cuts: 240      469   94.26%
      0     0        2.6828   137       36.0000     Cuts: 240      695   92.55%
      0     0        3.0893   146       36.0000      Cuts: 93      813   91.42%
      0     0        3.0893   135       36.0000      Cuts: 89      924   91.42%
      0     0        3.2113   144       36.0000      Cuts: 75     1033   91.08%
      0     0        3.2113   139       36.0000      Cuts: 88     1143   91.08%
      0     0        3.2113   153       36.0000      Cuts: 81     1215   91.08%
*     0+    0                           13.9619        3.2113     1215   77.00%
      0     2        3.2113   153       13.9619        3.2113     1215   77.00%
Elapsed real time =   0.12 sec. (tree size =  0.01 MB, solutions = 2)
*   197+  197                           13.8038        3.3333     8361   75.85%
*   210+  210                           13.7803        3.3333     8574   75.81%
*   384   369      integral     0       13.6940        3.3333    10564   75.66%
*   403+  384                           13.4025        3.3333    11100   75.13%
*   405   384      integral     0       13.0482        3.3333    11124   74.45%
*   406   383      integral     0       12.7803        3.3333    11128   73.92%
*   830   732      integral     0       12.5123        3.4023    19844   72.81%
*   994   839      integral     0       12.3397        3.5422    22184   71.29%
*  1003   842      integral     0       12.2208        3.5422    22371   71.02%
*  1004   841      integral     0       12.1345        3.5422    22374   70.81%
*  1042   867      integral     0       11.8901        3.5447    23373   70.19%
*  1276+ 1072                           11.8666        3.5483    29107   70.10%
*  1276+ 1072                           11.7085        3.5483    29107   69.69%
*  1276+ 1072                           11.5986        3.5483    29107   69.41%
*  1276+ 1072                           11.5123        3.5483    29107   69.18%
*  1356  1104      integral     0       11.3542        3.5483    30922   68.75%
*  2055+ 1606                           11.3307        3.7560    47354   66.85%
*  2312+ 1202                           11.2444        3.7560    56628   66.60%
   2312  1204        3.6453   121       11.2444        3.7560    56628   66.60%
Elapsed real time =   1.38 sec. (tree size =  0.44 MB, solutions = 19)
*  2842   829      integral     0       11.0627        4.1786    67116   62.23%
*  3082   734      integral     0       10.9764        4.1786    70994   61.93%
*  3298   730      integral     0       10.9619        4.5359    74668   58.62%
*  3370+  735                           10.9529        4.6013    75973   57.99%
*  3421   743      integral     0       10.7085        4.6013    76721   57.03%
*  3767+  935                           10.6940        4.7113    82597   55.94%
*  3788   952      integral     0       10.6940        4.7113    82924   55.94%
*  3875   999      integral     0       10.6849        4.7847    84138   55.22%
*  4121+ 1183                           10.5986        4.8453    87876   54.28%
*  4129  1190      integral     0       10.5123        4.8453    87960   53.91%
*  4152  1197      integral     0       10.3307        4.8453    88361   53.10%
*  7398  2813      integral     0       10.2444        5.6911   138713   44.45%
  14975  5737       10.1581     9       10.2444        6.4226   259793   37.31%
Elapsed real time =   3.18 sec. (tree size =  2.14 MB, solutions = 33)
* 17174  6451      integral     0       10.2208        6.5359   296640   36.05%
* 17641  6607      integral     0       10.1345        6.5359   304662   35.51%
* 17686  6629      integral     0        9.8666        6.5359   305302   33.76%
  24840  8160        7.5359    27        9.8666        6.8038   404657   31.04%
* 25835  8286      integral     0        9.7803        6.8492   417488   29.97%
  34143  8840        7.6013    29        9.7803        7.2679   523750   25.69%
  38839  9208    infeasible              9.7803        7.2771   586799   25.59%
* 43072  9157      integral     0        9.7803        7.5000   634788   23.32%
  51708  8889        7.7679    24        9.7803        7.6699   733217   21.58%
  61256  8348        7.9585    28        9.7803        7.9346   829957   18.87%
Elapsed real time =   7.87 sec. (tree size =  3.23 MB, solutions = 38)
  71744  7121        8.2679    21        9.7803        8.2679   930379   15.46%
  83583  4675        8.5359    31        9.7803        8.5359  1029618   12.72%

Cover cuts applied:  3
Implied bound cuts applied:  209
Flow cuts applied:  96
Mixed integer rounding cuts applied:  191
Gomory fractional cuts applied:  28

Root node processing (before b&c):
  Real time             =    0.11
Parallel b&c, 4 threads:
  Real time             =    9.89
  Sync time (average)   =    0.01
  Wait time (average)   =    0.00
                          -------
Total (root+branch&cut) =   10.00 sec.
STATUS : Optimal
Solution status = Optimal
 Number of constraints = 586
Solution value  = 9.78029
c(0)=5.5359 c(1)=9.42605 c(2)=2.26795 c(3)=5.89015 c(4)=9.78029 c(5)=3.5359 c(6)=7.1581 c(7)=0 c(8)=3.6222 c(9)=8.42605 c(10)=1.26795 c(11)=4.89015 c(12)=8.51234 c(13)=1.35425 c(14)=6.1581 c(15)=9.78029 c(16)=2.6222 c(17)=6.2444 c(18)=0 c(19)=3.89015 c(20)=7.51234 c(21)=0.354249 c(22)=3.97645 
