Start with the file ../data/triangular_lattice.dat

Graph (V,E) with |V|= 23 and diameter = 6

Coordinates: 
vertex 1 : 0 0
vertex 2 : 1 0
vertex 3 : 2 0
vertex 4 : 3 0
vertex 5 : 4 0
vertex 6 : 0.5 0.87
vertex 7 : 1.5 0.87
vertex 8 : 2.5 0.87
vertex 9 : 3.5 0.87
vertex 10 : 0 1.73
vertex 11 : 1 1.73
vertex 12 : 2 1.73
vertex 13 : 3 1.73
vertex 14 : 4 1.73
vertex 15 : 0.5 2.6
vertex 16 : 1.5 2.6
vertex 17 : 2.5 2.6
vertex 18 : 3.5 2.6
vertex 19 : 0 3.46
vertex 20 : 1 3.46
vertex 21 : 2 3.46
vertex 22 : 3 3.46
vertex 23 : 4 3.46

Distances: 
  0   1   2   3   4 1.00344 1.73404 2.64705 3.60651 1.73 1.99822 2.64441 3.46308 4.35808 2.64764 3.00167 3.60694 4.36005 3.46 3.60161 3.99645 4.57948 5.28882 
  1   0   1   2   3 1.00344 1.00344 1.73404 2.64705 1.99822 1.73 1.99822 2.64441 3.46308 2.64764 2.64764 3.00167 3.60694 3.60161 3.46 3.60161 3.99645 4.57948 
  2   1   0   1   2 1.73404 1.00344 1.00344 1.73404 2.64441 1.99822 1.73 1.99822 2.64441 3.00167 2.64764 2.64764 3.00167 3.99645 3.60161 3.46 3.60161 3.99645 
  3   2   1   0   1 2.64705 1.73404 1.00344 1.00344 3.46308 2.64441 1.99822 1.73 1.99822 3.60694 3.00167 2.64764 2.64764 4.57948 3.99645 3.60161 3.46 3.60161 
  4   3   2   1   0 3.60651 2.64705 1.73404 1.00344 4.35808 3.46308 2.64441 1.99822 1.73 4.36005 3.60694 3.00167 2.64764 5.28882 4.57948 3.99645 3.60161 3.46 
1.00344 1.00344 1.73404 2.64705 3.60651   0   1   2   3 0.994786 0.994786 1.72905 2.64379 3.60411 1.73 1.99822 2.64441 3.46308 2.63782 2.63782 2.99301 3.59974 4.35409 
1.73404 1.00344 1.00344 1.73404 2.64705   1   0   1   2 1.72905 0.994786 0.994786 1.72905 2.64379 1.99822 1.73 1.99822 2.64441 2.99301 2.63782 2.63782 2.99301 3.59974 
2.64705 1.73404 1.00344 1.00344 1.73404   2   1   0   1 2.64379 1.72905 0.994786 0.994786 1.72905 2.64441 1.99822 1.73 1.99822 3.59974 2.99301 2.63782 2.63782 2.99301 
3.60651 2.64705 1.73404 1.00344 1.00344   3   2   1   0 3.60411 2.64379 1.72905 0.994786 0.994786 3.46308 2.64441 1.99822 1.73 4.35409 3.59974 2.99301 2.63782 2.63782 
1.73 1.99822 2.64441 3.46308 4.35808 0.994786 1.72905 2.64379 3.60411   0   1   2   3   4 1.00344 1.73404 2.64705 3.60651 1.73 1.99822 2.64441 3.46308 4.35808 
1.99822 1.73 1.99822 2.64441 3.46308 0.994786 0.994786 1.72905 2.64379   1   0   1   2   3 1.00344 1.00344 1.73404 2.64705 1.99822 1.73 1.99822 2.64441 3.46308 
2.64441 1.99822 1.73 1.99822 2.64441 1.72905 0.994786 0.994786 1.72905   2   1   0   1   2 1.73404 1.00344 1.00344 1.73404 2.64441 1.99822 1.73 1.99822 2.64441 
3.46308 2.64441 1.99822 1.73 1.99822 2.64379 1.72905 0.994786 0.994786   3   2   1   0   1 2.64705 1.73404 1.00344 1.00344 3.46308 2.64441 1.99822 1.73 1.99822 
4.35808 3.46308 2.64441 1.99822 1.73 3.60411 2.64379 1.72905 0.994786   4   3   2   1   0 3.60651 2.64705 1.73404 1.00344 4.35808 3.46308 2.64441 1.99822 1.73 
2.64764 2.64764 3.00167 3.60694 4.36005 1.73 1.99822 2.64441 3.46308 1.00344 1.00344 1.73404 2.64705 3.60651   0   1   2   3 0.994786 0.994786 1.72905 2.64379 3.60411 
3.00167 2.64764 2.64764 3.00167 3.60694 1.99822 1.73 1.99822 2.64441 1.73404 1.00344 1.00344 1.73404 2.64705   1   0   1   2 1.72905 0.994786 0.994786 1.72905 2.64379 
3.60694 3.00167 2.64764 2.64764 3.00167 2.64441 1.99822 1.73 1.99822 2.64705 1.73404 1.00344 1.00344 1.73404   2   1   0   1 2.64379 1.72905 0.994786 0.994786 1.72905 
4.36005 3.60694 3.00167 2.64764 2.64764 3.46308 2.64441 1.99822 1.73 3.60651 2.64705 1.73404 1.00344 1.00344   3   2   1   0 3.60411 2.64379 1.72905 0.994786 0.994786 
3.46 3.60161 3.99645 4.57948 5.28882 2.63782 2.99301 3.59974 4.35409 1.73 1.99822 2.64441 3.46308 4.35808 0.994786 1.72905 2.64379 3.60411   0   1   2   3   4 
3.60161 3.46 3.60161 3.99645 4.57948 2.63782 2.63782 2.99301 3.59974 1.99822 1.73 1.99822 2.64441 3.46308 0.994786 0.994786 1.72905 2.64379   1   0   1   2   3 
3.99645 3.60161 3.46 3.60161 3.99645 2.99301 2.63782 2.63782 2.99301 2.64441 1.99822 1.73 1.99822 2.64441 1.72905 0.994786 0.994786 1.72905   2   1   0   1   2 
4.57948 3.99645 3.60161 3.46 3.60161 3.59974 2.99301 2.63782 2.63782 3.46308 2.64441 1.99822 1.73 1.99822 2.64379 1.72905 0.994786 0.994786   3   2   1   0   1 
5.28882 4.57948 3.99645 3.60161 3.46 4.35409 3.59974 2.99301 2.63782 4.35808 3.46308 2.64441 1.99822 1.73 3.60411 2.64379 1.72905 0.994786   4   3   2   1   0 
d: 
  4   3   2   1   0   3   2   1   0   2   2   1   0   0   1   1   0   0   0   0   0   0   0 
  3   4   3   2   1   3   3   2   1   2   2   2   1   0   1   1   1   0   0   0   0   0   0 
  2   3   4   3   2   2   3   3   2   1   2   2   2   1   1   1   1   1   0   0   0   0   0 
  1   2   3   4   3   1   2   3   3   0   1   2   2   2   0   1   1   1   0   0   0   0   0 
  0   1   2   3   4   0   1   2   3   0   0   1   2   2   0   0   1   1   0   0   0   0   0 
  3   3   2   1   0   4   3   2   1   3   3   2   1   0   2   2   1   0   1   1   1   0   0 
  2   3   3   2   1   3   4   3   2   2   3   3   2   1   2   2   2   1   1   1   1   1   0 
  1   2   3   3   2   2   3   4   3   1   2   3   3   2   1   2   2   2   0   1   1   1   1 
  0   1   2   3   3   1   2   3   4   0   1   2   3   3   0   1   2   2   0   0   1   1   1 
  2   2   1   0   0   3   2   1   0   4   3   2   1   0   3   2   1   0   2   2   1   0   0 
  2   2   2   1   0   3   3   2   1   3   4   3   2   1   3   3   2   1   2   2   2   1   0 
  1   2   2   2   1   2   3   3   2   2   3   4   3   2   2   3   3   2   1   2   2   2   1 
  0   1   2   2   2   1   2   3   3   1   2   3   4   3   1   2   3   3   0   1   2   2   2 
  0   0   1   2   2   0   1   2   3   0   1   2   3   4   0   1   2   3   0   0   1   2   2 
  1   1   1   0   0   2   2   1   0   3   3   2   1   0   4   3   2   1   3   3   2   1   0 
  1   1   1   1   0   2   2   2   1   2   3   3   2   1   3   4   3   2   2   3   3   2   1 
  0   1   1   1   1   1   2   2   2   1   2   3   3   2   2   3   4   3   1   2   3   3   2 
  0   0   1   1   1   0   1   2   2   0   1   2   3   3   1   2   3   4   0   1   2   3   3 
  0   0   0   0   0   1   1   0   0   2   2   1   0   0   3   2   1   0   4   3   2   1   0 
  0   0   0   0   0   1   1   1   0   2   2   2   1   0   3   3   2   1   3   4   3   2   1 
  0   0   0   0   0   1   1   1   1   1   2   2   2   1   2   3   3   2   2   3   4   3   2 
  0   0   0   0   0   0   1   1   1   0   1   2   2   2   1   2   3   3   1   2   3   4   3 
  0   0   0   0   0   0   0   1   1   0   0   1   2   2   0   1   2   3   0   1   2   3   4 

max distance : 7
Number of variables 277
Tried aggregator 1 time.
MIP Presolve eliminated 24 rows and 1 columns.
Reduced MIP has 529 rows, 277 columns, and 1564 nonzeros.
Reduced MIP has 253 binaries, 0 generals, 0 SOSs, and 0 indicators.
Probing fixed 0 vars, tightened 1 bounds.
Probing time =    0.00 sec.
Tried aggregator 1 time.
Presolve time =    0.01 sec.
Found feasible solution after 0.01 sec.  Objective = 92.0000
Probing time =    0.00 sec.
MIP emphasis: balance optimality and feasibility.
MIP search method: dynamic search.
Parallel mode: deterministic, using up to 4 threads.
Root relaxation solution time =    0.00 sec.

        Nodes                                         Cuts/
   Node  Left     Objective  IInf  Best Integer    Best Bound    ItCnt     Gap

*     0+    0                           92.0000                    191     --- 
*     0+    0                           54.0000                    191     --- 
      0     0        3.0000   191       54.0000        3.0000      191   94.44%
      0     0        3.0000   159       54.0000     Cuts: 206      361   94.44%
      0     0        3.0000   161       54.0000     Cuts: 232      541   94.44%
      0     0        3.0000   116       54.0000     Cuts: 232      682   94.44%
      0     0        3.0000   164       54.0000     Cuts: 232      862   94.44%
*     0+    0                           40.0000        3.0000      862   92.50%
      0     2        3.0000   129       40.0000        3.0000      862   92.50%
Elapsed time =   0.14 sec. (tree size =  0.01 MB, solutions = 3)
*    14+   14                           33.0000        3.0000     1980   90.91%
*   140+  140                           32.0000        3.0000     4807   90.62%
*   167+  167                           30.0000        3.0000     5223   90.00%
*   218+  218                           28.0000        3.0000     5945   89.29%
*   307+  307                           27.0000        3.0000     6633   88.89%
*   423+  423                           26.0000        3.0000     7382   88.46%
*   463+  463                           25.0000        3.0000     7614   88.00%
*   794+  759                           24.0000        3.0978    13008   87.09%
    794   761       11.0000    44       24.0000        3.0978    13008   87.09%
*  2035  1748      integral     0       23.0000        5.0000    25709   78.26%
   2322  1890        4.0000   143       23.0000        5.0000    30278   78.26%
   2323  1891        4.0000   132       23.0000        5.0000    30299   78.26%
   2325  1893        4.5000   110       23.0000        5.0000    30424   78.26%
   2330  1897        6.0000    87       23.0000        5.0000    30685   78.26%
   2872  1960        8.0000    53       23.0000        5.0000    35997   78.26%
   4862  2450       13.0000    30       23.0000        6.0000    54857   73.91%
*  5451  2584      integral     0       22.0000        6.0000    61349   72.73%
*  9799  5474      integral     0       21.0000        6.4482   121598   69.29%
Elapsed time =   6.31 sec. (tree size =  2.33 MB, solutions = 13)
* 11831  6327      integral     0       20.0000        7.0000   152297   65.00%
  18177  9587       17.0000    17       20.0000        8.0000   241084   60.00%
  24094 13235       15.0000    22       20.0000        8.0000   323484   60.00%
  28302 15750       13.0000    29       20.0000        8.1600   380000   59.20%
  34455 19355       11.0000    32       20.0000        8.5000   457590   57.50%
  40569 22943       17.0000    20       20.0000        9.0000   533267   55.00%
  46624 26466       19.0000    12       20.0000        9.0000   609022   55.00%
  52767 29982       14.0000    32       20.0000        9.0000   685306   55.00%
  58722 33389       12.1154    40       20.0000        9.0000   763629   55.00%
  60808 34669       14.0000    24       20.0000        9.0000   789943   55.00%
Elapsed time =  32.83 sec. (tree size = 14.70 MB, solutions = 15)
* 64265 36608      integral     0       19.0000        9.0000   834820   52.63%
  70382 36370       16.0000    22       19.0000        9.5000   909917   50.00%
  76458 39422       11.0000    41       19.0000        9.5000   980221   50.00%
  82604 42509       11.0000    30       19.0000       10.0000  1054286   47.37%
  88904 45695       16.0000    21       19.0000       10.0000  1127857   47.37%
  94934 48737       11.5000    39       19.0000       10.0000  1200121   47.37%
 101063 51689       10.0000    38       19.0000       10.0000  1272233   47.37%
 107284 54744       14.0000    23       19.0000       10.0000  1346696   47.37%
 113298 57673       18.0000    13       19.0000       10.0000  1417433   47.37%
 119341 60560       16.0000    19       19.0000       10.0000  1490527   47.37%
Elapsed time =  59.02 sec. (tree size = 24.97 MB, solutions = 16)
 125341 63478       14.0000    26       19.0000       10.0000  1562979   47.37%
 131039 66196       14.0000    30       19.0000       10.0000  1634820   47.37%
 136873 69000       12.0000    29       19.0000       10.0000  1706141   47.37%
 142431 71583       16.3200    27       19.0000       10.1600  1771812   46.53%
 148235 74279       16.0000    21       19.0000       10.5000  1836894   44.74%
 154547 77249       16.0000    24       19.0000       10.5000  1907186   44.74%
 161235 80362       16.8955    24       19.0000       10.5000  1979019   44.74%
 167549 83212       18.0000    10       19.0000       10.6538  2049278   43.93%
 173954 86083       18.0000    12       19.0000       11.0000  2120060   42.11%
 180342 89112       12.5000    27       19.0000       11.0000  2188695   42.11%
Elapsed time =  87.54 sec. (tree size = 38.33 MB, solutions = 16)
 186819 92114       17.0000    22       19.0000       11.0000  2263138   42.11%
 193324 95189       16.0000    17       19.0000       11.0000  2335341   42.11%
 199822 98160       18.0000    11       19.0000       11.0000  2410196   42.11%
 206254 101038       12.5000    28       19.0000       11.0000  2481818   42.11%
 212826 103898       14.0000    25       19.0000       11.0000  2553009   42.11%
 219442 106909       17.0000    16       19.0000       11.0000  2624787   42.11%
 226066 109948       11.0000    36       19.0000       11.0000  2697561   42.11%
 232643 112970       18.0000    19       19.0000       11.0000  2770538   42.11%
 239292 115944       15.0000    25       19.0000       11.0000  2844387   42.11%
 246027 118927       18.0000    12       19.0000       11.0000  2917138   42.11%
Elapsed time = 113.25 sec. (tree size = 50.44 MB, solutions = 16)
 252689 121864       11.0000    30       19.0000       11.0000  2990730   42.11%
 259353 124798       17.0000    14       19.0000       11.0000  3064792   42.11%
 266078 127876       11.0000    37       19.0000       11.0000  3137319   42.11%
 272733 130860       11.0000    34       19.0000       11.0000  3212941   42.11%
 279380 133898       13.0000    20       19.0000       11.0000  3285116   42.11%
 285935 136841       11.0000    38       19.0000       11.0000  3360403   42.11%
 292654 139802       16.0000    20       19.0000       11.0000  3434373   42.11%
 299304 142668       17.0000    17       19.0000       11.0000  3507806   42.11%
 305778 145622       14.0000    24       19.0000       11.0000  3582325   42.11%
 312344 148587       11.0000    38       19.0000       11.0000  3656552   42.11%
Elapsed time = 138.84 sec. (tree size = 64.17 MB, solutions = 16)
 318764 151494       13.0000    45       19.0000       11.0000  3733520   42.11%
 325181 154316       17.0000    23       19.0000       11.0000  3809872   42.11%
 331554 157183       16.0000    17       19.0000       11.0000  3885029   42.11%
 337991 160066       13.0000    29       19.0000       11.0000  3958118   42.11%
 344441 162952       18.0000     9       19.0000       11.0000  4031852   42.11%
 350801 165808       18.0000    14       19.0000       11.0000  4104144   42.11%
 357162 168753       17.0000    16       19.0000       11.0000  4178829   42.11%
 363641 171652       18.0000     8       19.0000       11.0000  4251918   42.11%
 370371 174541       11.0769    33       19.0000       11.0625  4322797   41.78%
 377098 177490       17.0000    13       19.0000       11.1154  4393848   41.50%
Elapsed time = 164.68 sec. (tree size = 77.00 MB, solutions = 16)
 383814 180331       16.0000    19       19.0000       11.2308  4464920   40.89%
 390570 182980       18.0000    11       19.0000       11.3462  4538374   40.28%
 397417 185834       13.5000    19       19.0000       11.5000  4606792   39.47%
 404476 188870       18.0000    10       19.0000       11.5000  4674013   39.47%
 411443 191667       16.0000    15       19.0000       11.5000  4744588   39.47%
 418327 194526       15.5000    19       19.0000       11.5000  4815564   39.47%
 425306 197251       18.0000     8       19.0000       11.5000  4885147   39.47%
 431993 199946       18.5000    16       19.0000       11.5000  4955873   39.47%
 439192 202577       15.0000    28       19.0000       12.0000  5026466   36.84%
 446049 205349       16.0000    20       19.0000       12.0000  5095200   36.84%
Elapsed time = 190.39 sec. (tree size = 89.76 MB, solutions = 16)
 452997 208223       17.0000    13       19.0000       12.0000  5165704   36.84%
 459811 211042       16.5000    22       19.0000       12.0000  5236224   36.84%
 466621 213742       18.0000    12       19.0000       12.0000  5307244   36.84%
 473563 216579       14.5000    21       19.0000       12.0000  5378860   36.84%
 480387 219377       17.0000    18       19.0000       12.0000  5447914   36.84%
 487440 222226       17.5000    16       19.0000       12.0000  5517690   36.84%
 494253 224962       12.0000    37       19.0000       12.0000  5587569   36.84%
 501127 227876       18.0000    14       19.0000       12.0000  5657218   36.84%
 508049 230721       17.0000    11       19.0000       12.0000  5728734   36.84%
 514801 233445       13.0000    26       19.0000       12.0000  5799123   36.84%
Elapsed time = 215.88 sec. (tree size = 102.86 MB, solutions = 16)
 521787 236291       15.0000    23       19.0000       12.0000  5868336   36.84%
 528834 239049       16.0000    17       19.0000       12.0000  5936891   36.84%
 535987 241944       16.5000    17       19.0000       12.0000  6005919   36.84%
 542947 244634       18.0000    16       19.0000       12.0000  6074326   36.84%
 550069 247333       14.0000    20       19.0000       12.0000  6143379   36.84%
 557233 250143       16.0000    19       19.0000       12.0000  6212078   36.84%
 564372 252964       15.0000    27       19.0000       12.0000  6280134   36.84%
 571492 255751       14.0000    27       19.0000       12.0000  6348270   36.84%
 578602 258504       16.5000    21       19.0000       12.0000  6417094   36.84%
 606913 269492       17.0000    13       19.0000       12.0000  6693502   36.84%
Elapsed time = 249.01 sec. (tree size = 117.64 MB, solutions = 16)
 634975 280181       18.0000    18       19.0000       12.0000  6971412   36.84%
 662266 290870       17.0000    15       19.0000       12.0000  7244086   36.84%
 688819 301378       16.0000    26       19.0000       12.0000  7508086   36.84%
 715378 311693    infeasible             19.0000       12.0000  7774055   36.84%
 741448 321994       14.0000    26       19.0000       12.0000  8034249   36.84%
 767355 332250       16.0000    20       19.0000       12.0000  8300314   36.84%
 793259 342651       18.0000    16       19.0000       12.0000  8570315   36.84%
 818897 352946       16.0000    18       19.0000       12.0000  8838002   36.84%
 844976 363146       15.0000    21       19.0000       12.0385  9104046   36.64%
 872261 372915       14.2222    29       19.0000       12.2000  9364025   35.79%
Elapsed time = 350.16 sec. (tree size = 162.82 MB, solutions = 16)
Nodefile size = 34.98 MB (17.93 MB after compression)
 899646 382197       15.0000    22       19.0000       12.5000  9624958   34.21%
 927916 392169       17.0000    20       19.0000       12.5000  9876548   34.21%
 955553 402188       16.0000    23       19.0000       12.5000 10127799   34.21%
 983163 411647       16.0000    15       19.0000       12.9451 10386055   31.87%
 1011158 421282       18.0000     8       19.0000       13.0000 10647194   31.58%
 1038903 430946       13.0000    24       19.0000       13.0000 10910913   31.58%
 1066221 440387       13.0000    24       19.0000       13.0000 11171024   31.58%
 1093696 450118       17.0000    11       19.0000       13.0000 11432559   31.58%
 1121186 460175       16.0000    18       19.0000       13.0000 11693612   31.58%
 1148594 470145       18.0000    13       19.0000       13.0000 11956869   31.58%
Elapsed time = 451.38 sec. (tree size = 203.82 MB, solutions = 16)
Nodefile size = 75.97 MB (37.91 MB after compression)
 1175901 480038        cutoff             19.0000       13.0000 12217355   31.58%
 1203009 489852        cutoff             19.0000       13.0000 12478619   31.58%
 1230884 499424       16.0000    19       19.0000       13.0000 12739090   31.58%
 1259145 508971       13.0000    28       19.0000       13.0000 12994733   31.58%
 1287234 518512       17.0000    27       19.0000       13.0000 13249845   31.58%
 1315049 527838       15.0000    23       19.0000       13.0000 13505409   31.58%
 1343311 537437       16.0000    20       19.0000       13.0000 13760232   31.58%
 1371571 546977       17.0000    14       19.0000       13.0000 14013087   31.58%
 1399998 556739       16.0000    16       19.0000       13.0000 14269059   31.58%
*1421144 563969      integral     0       18.0000       13.0000 14461830   27.78%
Elapsed time = 549.97 sec. (tree size = 243.40 MB, solutions = 16)
Nodefile size = 115.97 MB (56.90 MB after compression)
 1439041 517476       16.0000    15       18.0000       13.0000 14623496   27.78%
 1468112 523927       16.5000    18       18.0000       13.0000 14884634   27.78%
 1496595 530736       16.5000    22       18.0000       13.0000 15145022   27.78%
 1525531 537410       13.0000    24       18.0000       13.0000 15405897   27.78%
 1554124 544241       13.0000    35       18.0000       13.0000 15669376   27.78%
 1582473 550953       15.0000    14       18.0000       13.0000 15935027   27.78%
 1611310 557692       15.0000    22       18.0000       13.0000 16201454   27.78%
 1640014 564391       14.0000    24       18.0000       13.0000 16468960   27.78%
 1668310 571357       13.0000    34       18.0000       13.0000 16738409   27.78%
 1696726 577967       17.0000    24       18.0000       13.0000 17005777   27.78%
Elapsed time = 651.01 sec. (tree size = 249.67 MB, solutions = 17)
Nodefile size = 121.98 MB (59.50 MB after compression)
 1724933 584760       17.0000    14       18.0000       13.0000 17272635   27.78%
 1752709 591589       17.0000    14       18.0000       13.0000 17539342   27.78%
 1780645 598441       16.0000    13       18.0000       13.0000 17810498   27.78%
 1808749 604999       13.0000    22       18.0000       13.0000 18085072   27.78%
 1836815 611703       16.5000    22       18.0000       13.0000 18354507   27.78%
 1864494 618557       16.0000    15       18.0000       13.0000 18629699   27.78%
 1892035 625171       17.0000    27       18.0000       13.0000 18906066   27.78%
 1920126 631871       16.5000    18       18.0000       13.0000 19182410   27.78%
 1950356 638057       14.1600    24       18.0000       13.0870 19439597   27.29%
 1980700 642686       13.7308    27       18.0000       13.2308 19693747   26.50%
Elapsed time = 753.95 sec. (tree size = 277.00 MB, solutions = 17)
Nodefile size = 148.97 MB (72.70 MB after compression)
 2011426 647055       17.0000    14       18.0000       13.5000 19939855   25.00%
 2042823 652229       17.0000    16       18.0000       13.5000 20180227   25.00%
 2073222 657319       13.5000    33       18.0000       13.5000 20425621   25.00%
 2103413 662555       14.0000    31       18.0000       13.5000 20677927   25.00%
 2133488 667323       13.7143    42       18.0000       13.6818 20929196   23.99%
 2163838 671378       16.5000    16       18.0000       14.0000 21191935   22.22%
 2194275 675670       15.0000    22       18.0000       14.0000 21463300   22.22%
 2224151 680185       14.0000    26       18.0000       14.0000 21733008   22.22%
 2253827 684770       14.1875    27       18.0000       14.0000 22001708   22.22%
 2283881 689656       14.0000    19       18.0000       14.0000 22265914   22.22%
Elapsed time = 858.68 sec. (tree size = 296.86 MB, solutions = 17)
Nodefile size = 168.97 MB (82.49 MB after compression)
 2314040 694532       15.0000    21       18.0000       14.0000 22530354   22.22%
 2343800 699264       17.0000    17       18.0000       14.0000 22796097   22.22%
 2373529 704169       17.0000    13       18.0000       14.0000 23062932   22.22%
 2403050 709006       17.0000    16       18.0000       14.0000 23331206   22.22%
 2432599 713558       17.0000    15       18.0000       14.0000 23599663   22.22%
 2463087 717515       14.0000    25       18.0000       14.0000 23862414   22.22%
 2493905 721453       16.0000    19       18.0000       14.0000 24122477   22.22%
 2524843 725481       15.0000    16       18.0000       14.0000 24385065   22.22%
 2555364 729324       16.5000    19       18.0000       14.0000 24644085   22.22%
 2585743 733256       14.0000    23       18.0000       14.0000 24899712   22.22%
Elapsed time = 963.12 sec. (tree size = 315.38 MB, solutions = 17)
Nodefile size = 187.97 MB (91.48 MB after compression)
 2616286 737184       14.0000    24       18.0000       14.0000 25155781   22.22%
 2647190 740981       17.0000    11       18.0000       14.0000 25414330   22.22%
 2677676 745292       18.0000    15       18.0000       14.0000 25668310   22.22%
 2708253 749366       17.0000    11       18.0000       14.0000 25925911   22.22%
 2738796 753561       14.5000    22       18.0000       14.0000 26184633   22.22%
 2769909 757589       15.0000    22       18.0000       14.0000 26443246   22.22%
 2800212 761682       17.0000    11       18.0000       14.0000 26700322   22.22%
 2830785 766026       16.0000    15       18.0000       14.0000 26959095   22.22%
 2860917 770137       16.0000    21       18.0000       14.0000 27216127   22.22%
 2890747 774590       16.0000    18       18.0000       14.0000 27472057   22.22%
Elapsed time = 1066.89 sec. (tree size = 333.16 MB, solutions = 17)
Nodefile size = 205.96 MB (100.10 MB after compression)
 2921617 778734       16.0000    13       18.0000       14.0000 27731340   22.22%
 2951832 782975       16.0000    14       18.0000       14.0000 27990818   22.22%
 2982058 787247       16.0000    21       18.0000       14.0000 28251031   22.22%
 3012057 791430       17.0000    21       18.0000       14.0000 28509926   22.22%
 3042178 795832       16.0000    28       18.0000       14.0000 28770289   22.22%
 3072017 800346       15.0000    21       18.0000       14.0000 29031112   22.22%
 3102260 804656       15.5000    18       18.0000       14.0000 29292482   22.22%
 3132250 808955       15.0000    19       18.0000       14.0000 29556835   22.22%
 3161857 813401       14.0000    26       18.0000       14.0000 29816818   22.22%
 3191832 817864       17.0000    16       18.0000       14.0000 30081222   22.22%
Elapsed time = 1170.70 sec. (tree size = 351.72 MB, solutions = 17)
Nodefile size = 223.96 MB (108.66 MB after compression)
 3221659 822159       15.0000    19       18.0000       14.0000 30346692   22.22%
 3251435 826428    infeasible             18.0000       14.0000 30605892   22.22%
 3280900 830942       16.0000    19       18.0000       14.0000 30869776   22.22%
 3310729 835241       15.0000    28       18.0000       14.0000 31134214   22.22%
 3340656 839674       17.5000    12       18.0000       14.0000 31403261   22.22%
 3370052 844015       16.0000    12       18.0000       14.0000 31666092   22.22%
 3399962 848450       17.0000    17       18.0000       14.0000 31931525   22.22%
 3429428 852937       16.0000    16       18.0000       14.0000 32195053   22.22%
 3458812 857575       14.0000    18       18.0000       14.0000 32459581   22.22%
 3488195 862399       14.0000    24       18.0000       14.0000 32729626   22.22%
Elapsed time = 1274.43 sec. (tree size = 370.81 MB, solutions = 17)
Nodefile size = 242.95 MB (117.69 MB after compression)
 3517788 867029       17.0000    16       18.0000       14.0000 32995573   22.22%
 3547003 871712       17.0000    10       18.0000       14.0000 33263994   22.22%
 3576015 876344       14.0000    25       18.0000       14.0000 33532483   22.22%
 3604886 880852       16.0000    13       18.0000       14.0000 33802577   22.22%
 3633645 885342       17.0000    14       18.0000       14.0000 34078750   22.22%
 3662652 889478       16.5000    35       18.0000       14.0000 34350698   22.22%
 3692285 893693       17.0000    21       18.0000       14.0000 34618612   22.22%
 3724389 896930       14.0800    21       18.0000       14.0800 34869504   21.78%
 3756577 899010       14.1600    25       18.0000       14.1538 35117928   21.37%
 3790723 899203    infeasible             18.0000       14.3462 35361067   20.30%
Elapsed time = 1378.73 sec. (tree size = 386.67 MB, solutions = 17)
Nodefile size = 258.95 MB (125.30 MB after compression)
 3824022 900900       17.0000    15       18.0000       14.5000 35604345   19.44%
 3857343 903078       16.0000    20       18.0000       14.5000 35843017   19.44%
 3890397 905012       15.5000    25       18.0000       14.5000 36085123   19.44%
 3923315 907135       17.0435    20       18.0000       14.5000 36325369   19.44%
 3955860 909627       15.5000    18       18.0000       14.5000 36572213   19.44%
 3987564 912450       14.5000    34       18.0000       14.5000 36824106   19.44%
 4021384 913331       17.0000     9       18.0000       15.0000 37071405   16.67%
 4053514 915029       17.0000    12       18.0000       15.0000 37334986   16.67%
 4085511 916215       17.0000    13       18.0000       15.0000 37593872   16.67%
 4117506 917101       15.0000    18       18.0000       15.0000 37866142   16.67%
Elapsed time = 1484.82 sec. (tree size = 394.50 MB, solutions = 17)
Nodefile size = 266.95 MB (129.33 MB after compression)
 4148929 918496       17.0000    12       18.0000       15.0000 38134862   16.67%
 4180860 920141       17.0000    17       18.0000       15.0000 38404000   16.67%
 4212370 921726       15.0000    20       18.0000       15.0000 38671319   16.67%
 4244046 923574       15.0000    26       18.0000       15.0000 38938161   16.67%
 4275310 925334       15.5000    27       18.0000       15.0000 39201856   16.67%
 4306949 926954       16.5000    13       18.0000       15.0000 39469385   16.67%
 4338495 928701       17.0000    14       18.0000       15.0000 39730904   16.67%
 4369495 930579       17.0000    12       18.0000       15.0000 39995482   16.67%
 4400730 932403       17.0000    12       18.0000       15.0000 40258792   16.67%
 4432243 934363       17.0000    11       18.0000       15.0000 40524448   16.67%
Elapsed time = 1590.61 sec. (tree size = 402.04 MB, solutions = 17)
Nodefile size = 273.95 MB (132.75 MB after compression)
 4463311 936277       15.0000    14       18.0000       15.0000 40787614   16.67%
 4494234 938567       15.0000    23       18.0000       15.0000 41054876   16.67%
 4524809 940875       15.0000    22       18.0000       15.0000 41322417   16.67%
 4555798 943007       17.0000    13       18.0000       15.0000 41588754   16.67%
 4586503 944844       17.0000    14       18.0000       15.0000 41855637   16.67%
 4617471 946506       15.0000    28       18.0000       15.0000 42120643   16.67%
 4649331 947674       16.0000    17       18.0000       15.0000 42387323   16.67%
 4681165 948380       17.0000    16       18.0000       15.0000 42652319   16.67%
 4713350 948998       16.0000    17       18.0000       15.0000 42918478   16.67%
 4745505 949722       15.0000    22       18.0000       15.0000 43179641   16.67%
Elapsed time = 1696.37 sec. (tree size = 408.78 MB, solutions = 17)
Nodefile size = 280.95 MB (136.19 MB after compression)
 4777105 950586       15.0000    20       18.0000       15.0000 43443300   16.67%
 4809090 951162       17.0000    14       18.0000       15.0000 43710998   16.67%
 4841330 951631       17.0000    20       18.0000       15.0000 43974649   16.67%
 4873253 952201       17.0000    15       18.0000       15.0000 44239538   16.67%
 4904960 952578       16.0000    21       18.0000       15.0000 44497511   16.67%
 4936540 953053       16.0000    15       18.0000       15.0000 44759844   16.67%
 4968524 953568       16.0000    16       18.0000       15.0000 45024176   16.67%
 5000833 953934       15.0000    17       18.0000       15.0000 45286126   16.67%
 5032827 954418       16.0000    21       18.0000       15.0000 45549459   16.67%
 5064491 954748       15.0000    18       18.0000       15.0000 45809762   16.67%
Elapsed time = 1802.53 sec. (tree size = 411.15 MB, solutions = 17)
Nodefile size = 283.95 MB (137.72 MB after compression)
 5096559 955222       17.0000    16       18.0000       15.0000 46073517   16.67%
 5128367 955751       16.0000    14       18.0000       15.0000 46337977   16.67%
 5160259 956377       15.0000    19       18.0000       15.0000 46601915   16.67%
 5192020 956767       17.0000    16       18.0000       15.0000 46864246   16.67%
 5223490 957360       15.0000    21       18.0000       15.0000 47130831   16.67%
 5255030 957962       17.0000    13       18.0000       15.0000 47399374   16.67%
 5287004 958371       15.0000    15       18.0000       15.0000 47664440   16.67%
 5318676 958878       17.0000    14       18.0000       15.0000 47933557   16.67%
 5349979 959475       16.0000    17       18.0000       15.0000 48196225   16.67%
 5381518 960242        cutoff             18.0000       15.0000 48464887   16.67%
Elapsed time = 1908.83 sec. (tree size = 413.66 MB, solutions = 17)
Nodefile size = 285.95 MB (138.75 MB after compression)
 5413222 961126       15.0000    19       18.0000       15.0000 48731993   16.67%
 5444218 961901       16.0870    22       18.0000       15.0000 48997286   16.67%
 5475639 962528       15.0000    13       18.0000       15.0000 49260990   16.67%
 5507076 963322       15.0000    21       18.0000       15.0000 49524832   16.67%
 5538227 964310       15.0000    16       18.0000       15.0000 49785991   16.67%
 5569820 965232       17.0000    15       18.0000       15.0000 50052475   16.67%
 5600923 966181       15.0000    16       18.0000       15.0000 50318639   16.67%
 5632415 967213       15.0000    25       18.0000       15.0000 50584041   16.67%
 5663627 968127       15.0000    24       18.0000       15.0000 50848625   16.67%
 5695287 969199       16.0000    17       18.0000       15.0000 51114400   16.67%
Elapsed time = 2014.86 sec. (tree size = 417.63 MB, solutions = 17)
Nodefile size = 289.94 MB (140.77 MB after compression)
 5726815 970062       15.5000    21       18.0000       15.0000 51381966   16.67%
 5757905 971246       17.0000    14       18.0000       15.0000 51646047   16.67%
 5788947 972545       15.0000    17       18.0000       15.0000 51911738   16.67%
 5820481 973806       16.0000    19       18.0000       15.0000 52177349   16.67%
 5851726 974843       17.0000    13       18.0000       15.0000 52440750   16.67%
 5882848 976098       15.0000    21       18.0000       15.0000 52704003   16.67%
 5913664 977230       17.0000    16       18.0000       15.0000 52964308   16.67%
 5944883 978231        cutoff             18.0000       15.0000 53230422   16.67%
 5975447 979659       15.0000    21       18.0000       15.0000 53497241   16.67%
 6006806 980744       16.0000    18       18.0000       15.0000 53763977   16.67%
Elapsed time = 2120.44 sec. (tree size = 422.84 MB, solutions = 17)
Nodefile size = 294.94 MB (143.23 MB after compression)
 6038229 981963       17.0000    17       18.0000       15.0000 54021885   16.67%
 6069414 983065       16.0000    20       18.0000       15.0000 54286405   16.67%
 6100111 984204       17.0000    10       18.0000       15.0000 54552266   16.67%
 6131497 985323       17.0000    16       18.0000       15.0000 54818155   16.67%
 6162244 986409       16.0000    19       18.0000       15.0000 55085850   16.67%
 6193655 987773       15.0000    13       18.0000       15.0000 55354081   16.67%
 6224197 989184       17.0000    18       18.0000       15.0000 55620323   16.67%
 6254732 990707       17.0000    15       18.0000       15.0000 55884452   16.67%
 6285604 992329       17.0000    18       18.0000       15.0000 56149660   16.67%
 6316685 993675       15.0000    24       18.0000       15.0000 56419212   16.67%
Elapsed time = 2225.73 sec. (tree size = 428.65 MB, solutions = 17)
Nodefile size = 300.94 MB (146.18 MB after compression)
 6347437 994964       17.0000    13       18.0000       15.0000 56683076   16.67%
 6378450 996397       17.0000    18       18.0000       15.0000 56953268   16.67%
 6408925 997984       15.0000    21       18.0000       15.0000 57220161   16.67%
 6439253 999363       17.5000    13       18.0000       15.0000 57488915   16.67%
 6470531 1000826       16.5000    25       18.0000       15.0000 57756187   16.67%
 6501205 1002307       16.0000    20       18.0000       15.0000 58024140   16.67%
 6531589 1003679       16.3333    24       18.0000       15.0000 58290891   16.67%
 6562291 1005331       15.0000    19       18.0000       15.0000 58562081   16.67%
 6592411 1007264       15.0000    22       18.0000       15.0000 58833366   16.67%
 6622550 1008746       17.0000    15       18.0000       15.0000 59104299   16.67%
Elapsed time = 2330.82 sec. (tree size = 435.40 MB, solutions = 17)
Nodefile size = 307.94 MB (149.62 MB after compression)
 6652818 1010254       16.0000    15       18.0000       15.0000 59377548   16.67%
 6683019 1012063       17.0000    27       18.0000       15.0000 59651664   16.67%
 6712984 1013781       17.0000    11       18.0000       15.0000 59924903   16.67%
 6743088 1015276       17.0000    14       18.0000       15.0000 60197103   16.67%
 6773549 1016849       15.5000    31       18.0000       15.0000 60470054   16.67%
 6803631 1018313       16.0000    22       18.0000       15.0000 60738235   16.67%
 6835394 1018942       15.0417    33       18.0000       15.0400 60995234   16.44%
 6869153 1018707       15.0800    27       18.0000       15.0800 61232715   16.22%
 6902588 1017765       17.0000    18       18.0000       15.1154 61474084   16.03%
 6937912 1014774       15.2308    14       18.0000       15.2308 61715612   15.38%
Elapsed time = 2436.63 sec. (tree size = 438.36 MB, solutions = 17)
Nodefile size = 312.94 MB (152.10 MB after compression)
 6973773 1009897       17.0000    16       18.0000       15.5000 61954722   13.89%
 7005099 1007630       16.5000    17       18.0000       15.5000 62168263   13.89%
 7033726 1005652       15.5000    23       18.0000       15.5000 62362860   13.89%
 7066026 1003035       15.5000    23       18.0000       15.5000 62583253   13.89%
 7097978 1000486       15.5000    19       18.0000       15.5000 62803323   13.89%
 7129976 997986       15.5000    25       18.0000       15.5000 63027271   13.89%
 7162626 995322       15.5000    18       18.0000       15.5000 63262734   13.89%
 7194545 993094       15.5000    23       18.0000       15.5000 63497982   13.89%
 7226903 989095       17.0000    13       18.0000       16.0000 63723776   11.11%
 7260430 988264       17.0000    15       18.0000       16.0000 63965972   11.11%
Elapsed time = 2541.05 sec. (tree size = 427.40 MB, solutions = 17)
Nodefile size = 299.90 MB (147.70 MB after compression)
 7291710 986390       16.0000    17       18.0000       16.0000 64224300   11.11%
 7322862 983936       16.0000    11       18.0000       16.0000 64477766   11.11%
 7351859 980982       17.0000    12       18.0000       16.0000 64720014   11.11%
 7384192 977946       16.5000    22       18.0000       16.0000 64987303   11.11%
 7415800 975084       17.5000    17       18.0000       16.0000 65248838   11.11%
 7447684 972420       16.5000    16       18.0000       16.0000 65516553   11.11%
 7479933 970154       16.6600    23       18.0000       16.0000 65780157   11.11%
 7511198 967525       17.5000     8       18.0000       16.0000 66039242   11.11%
 7543359 965287       16.5000    18       18.0000       16.0000 66302440   11.11%
 7573999 963012       17.0000    10       18.0000       16.0000 66557596   11.11%
Elapsed time = 2646.73 sec. (tree size = 416.94 MB, solutions = 17)
Nodefile size = 289.89 MB (143.57 MB after compression)
 7606206 961267       16.0000    10       18.0000       16.0000 66818151   11.11%
 7638064 959488       16.0000    17       18.0000       16.0000 67079052   11.11%
 7668615 957367       16.0000    14       18.0000       16.0000 67330009   11.11%
 7700927 955517       17.0000    16       18.0000       16.0000 67588603   11.11%
 7733128 953691       16.0000    17       18.0000       16.0000 67850595   11.11%
 7764977 952061       16.0000    19       18.0000       16.0000 68110316   11.11%
 7796975 950798       17.5000    14       18.0000       16.0000 68369105   11.11%
 7828631 949185       17.0000    19       18.0000       16.0000 68624685   11.11%
 7860366 947549       16.0000    19       18.0000       16.0000 68885202   11.11%
 7892403 946238       16.0000    16       18.0000       16.0000 69141971   11.11%
Elapsed time = 2752.14 sec. (tree size = 410.01 MB, solutions = 17)
Nodefile size = 283.89 MB (140.76 MB after compression)
 7923852 944972       17.0000    10       18.0000       16.0000 69400001   11.11%
 7955821 943737       16.0000    17       18.0000       16.0000 69659393   11.11%
 7986875 942566       16.0000    17       18.0000       16.0000 69918814   11.11%
 8019198 941548       17.5000    11       18.0000       16.0000 70176061   11.11%
 8051016 940688       16.0000    19       18.0000       16.0000 70438179   11.11%
 8082350 939784    infeasible             18.0000       16.0000 70695632   11.11%
 8114039 938729       17.0000    14       18.0000       16.0000 70956512   11.11%
 8145499 937407       17.0000    15       18.0000       16.0000 71219922   11.11%
 8177587 935425       16.0000    23       18.0000       16.0000 71473490   11.11%
 8209491 933346       16.0000    17       18.0000       16.0000 71730500   11.11%
Elapsed time = 2857.29 sec. (tree size = 404.75 MB, solutions = 17)
Nodefile size = 277.89 MB (137.83 MB after compression)
 8241893 930946       17.0000    15       18.0000       16.0000 71989318   11.11%
 8274474 928667       16.0000    11       18.0000       16.0000 72245837   11.11%
 8307378 926191       16.0000    15       18.0000       16.0000 72503368   11.11%
 8340186 923746       16.0000    19       18.0000       16.0000 72756630   11.11%
 8372416 921500       16.0000    12       18.0000       16.0000 73013410   11.11%
 8404635 919438       16.0000    16       18.0000       16.0000 73269013   11.11%
 8437698 916547       16.5000    21       18.0000       16.0000 73524178   11.11%
 8470367 913901       16.5000    13       18.0000       16.0000 73779448   11.11%
 8503113 911125       16.0000    15       18.0000       16.0000 74034181   11.11%
 8535578 908537       17.0000    12       18.0000       16.0000 74292203   11.11%
Elapsed time = 2962.99 sec. (tree size = 394.46 MB, solutions = 17)
Nodefile size = 270.89 MB (134.37 MB after compression)
 8568285 905589       17.0000    11       18.0000       16.0000 74551889   11.11%
 8601167 902586       16.0000    24       18.0000       16.0000 74806079   11.11%
 8634067 899728       16.0000    21       18.0000       16.0000 75059695   11.11%
 8666738 897258       17.0000     7       18.0000       16.0000 75313993   11.11%
 8699438 894615       17.0000    15       18.0000       16.0000 75569527   11.11%
 8731949 892020       17.0000    12       18.0000       16.0000 75826079   11.11%
 8764252 889331       17.0000    11       18.0000       16.0000 76085341   11.11%
 8796641 886952       16.0000    24       18.0000       16.0000 76342715   11.11%
 8830061 882744       17.0000    17       18.0000       16.0000 76604458   11.11%
 8862553 880331       17.0000    12       18.0000       16.0000 76859234   11.11%
Elapsed time = 3069.01 sec. (tree size = 382.67 MB, solutions = 17)
Nodefile size = 258.90 MB (128.43 MB after compression)
 8895110 877891       16.5000    15       18.0000       16.0000 77115479   11.11%
 8927563 875573       16.0000    18       18.0000       16.0000 77370989   11.11%
 8960106 873144       17.0000    13       18.0000       16.0000 77627307   11.11%
 8992870 870689       17.0000    16       18.0000       16.0000 77880576   11.11%
 9025623 868179       17.0000     8       18.0000       16.0000 78135832   11.11%
 9058388 865752       16.0000    15       18.0000       16.0000 78390631   11.11%
 9090652 863533       17.0000    16       18.0000       16.0000 78648923   11.11%
 9123299 861268       16.5000    12       18.0000       16.0000 78902212   11.11%
 9155766 858981       16.5000    13       18.0000       16.0000 79154616   11.11%
 9188064 856552        cutoff             18.0000       16.0000 79410623   11.11%
Elapsed time = 3174.61 sec. (tree size = 372.82 MB, solutions = 17)
Nodefile size = 258.90 MB (128.43 MB after compression)
 9220471 854302       17.0000    17       18.0000       16.0000 79667823   11.11%
 9253292 849447       16.0000    10       18.0000       16.0000 79926191   11.11%
 9286568 843060       17.0000    12       18.0000       16.0000 80188639   11.11%
 9318658 841101       17.0000    12       18.0000       16.0000 80449159   11.11%
 9350723 838888       16.5000    19       18.0000       16.0000 80708998   11.11%
 9382762 836517       16.0000    16       18.0000       16.0000 80969509   11.11%
 9415011 834574       17.0000    15       18.0000       16.0000 81224852   11.11%
 9447190 832669       17.0000    14       18.0000       16.0000 81480086   11.11%
 9479396 830539       16.0000    19       18.0000       16.0000 81739826   11.11%
 9511497 828770       16.0000    11       18.0000       16.0000 81996481   11.11%
Elapsed time = 3280.30 sec. (tree size = 361.23 MB, solutions = 17)
Nodefile size = 248.90 MB (123.73 MB after compression)
 9543725 826877       16.0000    15       18.0000       16.0000 82253680   11.11%
 9576019 824799       16.0000    17       18.0000       16.0000 82510451   11.11%
 9608076 823021       16.0000    20       18.0000       16.0000 82765875   11.11%
 9640243 821375       16.0000    16       18.0000       16.0000 83022524   11.11%
 9672545 819601       16.0000    18       18.0000       16.0000 83279582   11.11%
 9704792 817538       16.0000    13       18.0000       16.0000 83536823   11.11%
 9736851 815615       17.0000    14       18.0000       16.0000 83792344   11.11%
 9768952 813803       16.0000    13       18.0000       16.0000 84047228   11.11%
 9801218 811946       16.0000    22       18.0000       16.0000 84303557   11.11%
 9833270 810262       16.0000    21       18.0000       16.0000 84559340   11.11%
Elapsed time = 3385.64 sec. (tree size = 353.58 MB, solutions = 17)
Nodefile size = 248.90 MB (123.73 MB after compression)
 9865882 806328       16.0000    17       18.0000       16.0000 84818788   11.11%
 9898669 800641       17.0000    15       18.0000       16.0000 85080751   11.11%
 9931160 796467       16.0000    20       18.0000       16.0000 85340457   11.11%
 9963309 794786    infeasible             18.0000       16.0000 85597164   11.11%
 9995196 793444       16.0000    23       18.0000       16.0000 85855575   11.11%
 10027334 791611       17.0000     9       18.0000       16.0000 86113435   11.11%
 10059441 789964       16.1600    18       18.0000       16.0000 86371197   11.11%
 10091435 788181       16.0000    19       18.0000       16.0000 86627147   11.11%
 10123366 786557       16.0000    18       18.0000       16.0000 86884599   11.11%
 10155304 784704       17.0000     8       18.0000       16.0000 87144707   11.11%
Elapsed time = 3491.09 sec. (tree size = 342.90 MB, solutions = 17)
Nodefile size = 237.90 MB (118.52 MB after compression)
 10187161 783168       17.0000    17       18.0000       16.0000 87401731   11.11%
 10219081 781648       16.0000    21       18.0000       16.0000 87659782   11.11%
 10251499 779864       16.0000    15       18.0000       16.0000 87913555   11.11%
 10283612 778336       17.0000    12       18.0000       16.0000 88170787   11.11%
 10316107 776531       16.0000    20       18.0000       16.0000 88426006   11.11%
 10348297 774832       17.0000    22       18.0000       16.0000 88679769   11.11%
 10380586 773183       16.0000    17       18.0000       16.0000 88934971   11.11%
 10412633 771350       16.0000    19       18.0000       16.0000 89194560   11.11%
 10444521 769249       16.0000    16       18.0000       16.0000 89453990   11.11%
 10476864 764622       17.0000    29       18.0000       16.0000 89717983   11.11%
Elapsed time = 3596.35 sec. (tree size = 334.56 MB, solutions = 17)
Nodefile size = 232.90 MB (116.14 MB after compression)
 10509616 760440       16.0000    19       18.0000       16.0000 89980244   11.11%
 10541424 758510       16.0000    21       18.0000       16.0000 90242863   11.11%
 10573248 756888       17.0000    16       18.0000       16.0000 90503863   11.11%
 10604997 755676       17.0000    17       18.0000       16.0000 90764298   11.11%
 10636868 754284       17.0000    16       18.0000       16.0000 91021988   11.11%
 10668494 752942       17.0000     9       18.0000       16.0000 91279211   11.11%
 10700494 751579       16.0000    20       18.0000       16.0000 91539434   11.11%
 10732533 750114       17.0000    10       18.0000       16.0000 91793224   11.11%
 10764472 748758       16.0000    16       18.0000       16.0000 92050015   11.11%
 10796582 747118       17.0000    12       18.0000       16.0000 92304820   11.11%
Elapsed time = 3701.49 sec. (tree size = 327.32 MB, solutions = 17)
Nodefile size = 229.90 MB (114.71 MB after compression)
 10828278 745778       16.0000    16       18.0000       16.0000 92561680   11.11%
 10860468 742285       16.5000    22       18.0000       16.0000 92821116   11.11%
 10892443 739199       16.0000    20       18.0000       16.0000 93083356   11.11%
 10924374 737813       16.5000    13       18.0000       16.0000 93343066   11.11%
 10955933 736560       17.0000    10       18.0000       16.0000 93604245   11.11%
 10987715 735249       17.0000    13       18.0000       16.0000 93862480   11.11%
 11019373 734108       16.1250    21       18.0000       16.0000 94125017   11.11%
 11050908 732279       16.0000    24       18.0000       16.0000 94384699   11.11%
 11082894 730823       16.0000    19       18.0000       16.0000 94639269   11.11%
 11114556 728146       17.0000    12       18.0000       16.0000 94902119   11.11%
Elapsed time = 3806.58 sec. (tree size = 319.36 MB, solutions = 17)
Nodefile size = 215.91 MB (107.76 MB after compression)
 11146071 726956       17.0000    12       18.0000       16.0000 95162627   11.11%
 11177458 724740       17.0000    19       18.0000       16.0000 95425961   11.11%
 11209006 723352       16.0000    21       18.0000       16.0000 95685247   11.11%
 11240687 721981       18.0000    18       18.0000       16.0000 95951033   11.11%
 11271758 720627        cutoff             18.0000       16.0000 96214154   11.11%
 11303346 719512       16.0000    17       18.0000       16.0000 96476395   11.11%
 11334985 718141        cutoff             18.0000       16.0000 96732378   11.11%
 11366235 717054       16.0000    16       18.0000       16.0000 96996196   11.11%
 11397724 715269       16.5000    14       18.0000       16.0000 97254698   11.11%
 11430117 713477       17.0000    11       18.0000       16.0000 97509979   11.11%
Elapsed time = 3911.54 sec. (tree size = 313.05 MB, solutions = 17)
Nodefile size = 192.93 MB (96.12 MB after compression)
 11466031 707588       17.0000    11       18.0000       16.0800 97739211   10.67%
 11502223 701496       17.0000    13       18.0000       16.0870 97961020   10.63%
 11541574 689541       16.4000    16       18.0000       16.4000 98170077    8.89%
 11578931 679793       16.5000    12       18.0000       16.5000 98393615    8.33%
 11615096 670579       16.5000    16       18.0000       16.5000 98607773    8.33%
 11653497 659696       16.5000    23       18.0000       16.5000 98828311    8.33%
 11690865 649912       16.5000    25       18.0000       16.5000 99050111    8.33%
 11728242 639085       16.6667    20       18.0000       16.6667 99273030    7.41%
 11766725 630884       17.0000    19       18.0000       17.0000 99491187    5.56%
 11803503 620370       17.0000    13       18.0000       17.0000 99728071    5.56%
Elapsed time = 4020.92 sec. (tree size = 273.57 MB, solutions = 17)
Nodefile size = 147.92 MB (74.03 MB after compression)
 11842819 606218    infeasible             18.0000       17.0000 99950767    5.56%
 11883335 593526       17.0000    14       18.0000       17.0000 1.00e+08    5.56%
 11923586 579818       17.0000    13       18.0000       17.0000 1.00e+08    5.56%
 11963557 568195       17.0000    14       18.0000       17.0000 1.01e+08    5.56%
 12002501 556716       17.0000    14       18.0000       17.0000 1.01e+08    5.56%
 12041511 545866       17.0000    22       18.0000       17.0000 1.01e+08    5.56%
 12080428 534054       17.0000     7       18.0000       17.0000 1.01e+08    5.56%
 12118320 524699       17.0000    14       18.0000       17.0000 1.02e+08    5.56%
 12156099 514241       17.0000    17       18.0000       17.0000 1.02e+08    5.56%
 12194037 503863       17.0000    17       18.0000       17.0000 1.02e+08    5.56%
Elapsed time = 4133.26 sec. (tree size = 224.08 MB, solutions = 17)
Nodefile size = 108.92 MB (54.81 MB after compression)
 12232039 493390       17.0000    11       18.0000       17.0000 1.02e+08    5.56%
 12271158 481875       17.0000    14       18.0000       17.0000 1.03e+08    5.56%
 12311190 469196       17.0000    11       18.0000       17.0000 1.03e+08    5.56%
 12349950 457935       17.0000    15       18.0000       17.0000 1.03e+08    5.56%
 12389666 445147       17.0000    14       18.0000       17.0000 1.03e+08    5.56%
 12429764 432305    infeasible             18.0000       17.0000 1.03e+08    5.56%
 12470163 418337       17.0000    14       18.0000       17.0000 1.04e+08    5.56%
 12510333 405516       17.0000    17       18.0000       17.0000 1.04e+08    5.56%
 12551123 391911    infeasible             18.0000       17.0000 1.04e+08    5.56%
 12592372 376370    infeasible             18.0000       17.0000 1.04e+08    5.56%
Elapsed time = 4246.51 sec. (tree size = 169.97 MB, solutions = 17)
Nodefile size = 71.93 MB (36.31 MB after compression)
 12631567 364449       17.0000    11       18.0000       17.0000 1.05e+08    5.56%
 12671419 352347       17.5000    13       18.0000       17.0000 1.05e+08    5.56%
 12711697 339506       17.0000    11       18.0000       17.0000 1.05e+08    5.56%
 12751905 326758       17.0000    13       18.0000       17.0000 1.05e+08    5.56%
 12792316 313587       17.0000    14       18.0000       17.0000 1.06e+08    5.56%
 12832719 299272       17.0000    13       18.0000       17.0000 1.06e+08    5.56%
 12870913 289311       17.0000    14       18.0000       17.0000 1.06e+08    5.56%
 12910144 277832       17.0000    15       18.0000       17.0000 1.06e+08    5.56%
 12948955 267097       17.0000    17       18.0000       17.0000 1.07e+08    5.56%
 12988370 255482    infeasible             18.0000       17.0000 1.07e+08    5.56%
Elapsed time = 4359.40 sec. (tree size = 118.57 MB, solutions = 17)
Nodefile size = 42.93 MB (21.99 MB after compression)
 13027211 244712       17.0000    10       18.0000       17.0000 1.07e+08    5.56%
 13066043 233728       17.0000     7       18.0000       17.0000 1.07e+08    5.56%
 13106376 218001       17.0000    20       18.0000       17.0000 1.07e+08    5.56%
 13144229 208243       17.0000    14       18.0000       17.0000 1.08e+08    5.56%
 13182272 198431        cutoff             18.0000       17.0000 1.08e+08    5.56%
 13220321 188364       17.0000    15       18.0000       17.0000 1.08e+08    5.56%
 13257976 178813       17.0000    12       18.0000       17.0000 1.08e+08    5.56%
 13296080 168943       17.0000    13       18.0000       17.0000 1.09e+08    5.56%
 13334346 158311       17.0000    13       18.0000       17.0000 1.09e+08    5.56%
 13373972 143967       17.0000    13       18.0000       17.0000 1.09e+08    5.56%
Elapsed time = 4471.02 sec. (tree size = 71.57 MB, solutions = 17)
Nodefile size = 24.94 MB (12.88 MB after compression)
 13411750 134575       17.0000    11       18.0000       17.0000 1.09e+08    5.56%
 13449381 125045       17.0000    10       18.0000       17.0000 1.10e+08    5.56%
 13487064 115278       17.0000    12       18.0000       17.0000 1.10e+08    5.56%
 13525749 102724       17.0000    15       18.0000       17.0000 1.10e+08    5.56%
 13563281 93119       17.0000    19       18.0000       17.0000 1.10e+08    5.56%
 13600411 83847       17.0000    10       18.0000       17.0000 1.11e+08    5.56%
 13637839 72790    infeasible             18.0000       17.0000 1.11e+08    5.56%
 13675319 62748       17.0000    16       18.0000       17.0000 1.11e+08    5.56%
 13712174 53314       17.0000    18       18.0000       17.0000 1.11e+08    5.56%
 13749211 43583       17.0000    12       18.0000       17.0000 1.12e+08    5.56%
Elapsed time = 4581.93 sec. (tree size = 29.38 MB, solutions = 17)
Nodefile size =  9.96 MB (5.02 MB after compression)
 13791080 27939       17.7500    17       18.0000       17.5000 1.12e+08    2.78%

Cover cuts applied:  7
Implied bound cuts applied:  535
Flow cuts applied:  234
Mixed integer rounding cuts applied:  310
Gomory fractional cuts applied:  32

Root node processing (before b&c):
  Real time             =    0.13
Parallel b&c, 4 threads:
  Real time             = 4598.99
  Sync time (average)   =    0.76
  Wait time (average)   =    0.04
                          -------
Total (root+branch&cut) = 4599.12 sec.
STATUS : Optimal
Solution status = Optimal
Time cplex.getTime() : 4599.13
 Number of constraints = 553
Solution value  = 18
c(0)=1 c(1)=10 c(2)=15 c(3)=2 c(4)=5 c(5)=13 c(6)=6 c(7)=18 c(8)=12 c(9)=16 c(10)=3 c(11)=0 c(12)=9 c(13)=16 c(14)=8 c(15)=11 c(16)=14 c(17)=4 c(18)=1 c(19)=5 c(20)=17 c(21)=7 c(22)=1 
