Start with the file ../data/triangular_lattice.dat

Graph (V,E) with |V|= 23 and diameter = 6

Coordinates: 
vertex 1 : 0 0
vertex 2 : 1 0
vertex 3 : 2 0
vertex 4 : 3 0
vertex 5 : 4 0
vertex 6 : 0.5 0.87
vertex 7 : 1.5 0.87
vertex 8 : 2.5 0.87
vertex 9 : 3.5 0.87
vertex 10 : 0 1.73
vertex 11 : 1 1.73
vertex 12 : 2 1.73
vertex 13 : 3 1.73
vertex 14 : 4 1.73
vertex 15 : 0.5 2.6
vertex 16 : 1.5 2.6
vertex 17 : 2.5 2.6
vertex 18 : 3.5 2.6
vertex 19 : 0 3.46
vertex 20 : 1 3.46
vertex 21 : 2 3.46
vertex 22 : 3 3.46
vertex 23 : 4 3.46

Distances: 
  0   1   2   3   4 1.00344 1.73404 2.64705 3.60651 1.73 1.99822 2.64441 3.46308 4.35808 2.64764 3.00167 3.60694 4.36005 3.46 3.60161 3.99645 4.57948 5.28882 
  1   0   1   2   3 1.00344 1.00344 1.73404 2.64705 1.99822 1.73 1.99822 2.64441 3.46308 2.64764 2.64764 3.00167 3.60694 3.60161 3.46 3.60161 3.99645 4.57948 
  2   1   0   1   2 1.73404 1.00344 1.00344 1.73404 2.64441 1.99822 1.73 1.99822 2.64441 3.00167 2.64764 2.64764 3.00167 3.99645 3.60161 3.46 3.60161 3.99645 
  3   2   1   0   1 2.64705 1.73404 1.00344 1.00344 3.46308 2.64441 1.99822 1.73 1.99822 3.60694 3.00167 2.64764 2.64764 4.57948 3.99645 3.60161 3.46 3.60161 
  4   3   2   1   0 3.60651 2.64705 1.73404 1.00344 4.35808 3.46308 2.64441 1.99822 1.73 4.36005 3.60694 3.00167 2.64764 5.28882 4.57948 3.99645 3.60161 3.46 
1.00344 1.00344 1.73404 2.64705 3.60651   0   1   2   3 0.994786 0.994786 1.72905 2.64379 3.60411 1.73 1.99822 2.64441 3.46308 2.63782 2.63782 2.99301 3.59974 4.35409 
1.73404 1.00344 1.00344 1.73404 2.64705   1   0   1   2 1.72905 0.994786 0.994786 1.72905 2.64379 1.99822 1.73 1.99822 2.64441 2.99301 2.63782 2.63782 2.99301 3.59974 
2.64705 1.73404 1.00344 1.00344 1.73404   2   1   0   1 2.64379 1.72905 0.994786 0.994786 1.72905 2.64441 1.99822 1.73 1.99822 3.59974 2.99301 2.63782 2.63782 2.99301 
3.60651 2.64705 1.73404 1.00344 1.00344   3   2   1   0 3.60411 2.64379 1.72905 0.994786 0.994786 3.46308 2.64441 1.99822 1.73 4.35409 3.59974 2.99301 2.63782 2.63782 
1.73 1.99822 2.64441 3.46308 4.35808 0.994786 1.72905 2.64379 3.60411   0   1   2   3   4 1.00344 1.73404 2.64705 3.60651 1.73 1.99822 2.64441 3.46308 4.35808 
1.99822 1.73 1.99822 2.64441 3.46308 0.994786 0.994786 1.72905 2.64379   1   0   1   2   3 1.00344 1.00344 1.73404 2.64705 1.99822 1.73 1.99822 2.64441 3.46308 
2.64441 1.99822 1.73 1.99822 2.64441 1.72905 0.994786 0.994786 1.72905   2   1   0   1   2 1.73404 1.00344 1.00344 1.73404 2.64441 1.99822 1.73 1.99822 2.64441 
3.46308 2.64441 1.99822 1.73 1.99822 2.64379 1.72905 0.994786 0.994786   3   2   1   0   1 2.64705 1.73404 1.00344 1.00344 3.46308 2.64441 1.99822 1.73 1.99822 
4.35808 3.46308 2.64441 1.99822 1.73 3.60411 2.64379 1.72905 0.994786   4   3   2   1   0 3.60651 2.64705 1.73404 1.00344 4.35808 3.46308 2.64441 1.99822 1.73 
2.64764 2.64764 3.00167 3.60694 4.36005 1.73 1.99822 2.64441 3.46308 1.00344 1.00344 1.73404 2.64705 3.60651   0   1   2   3 0.994786 0.994786 1.72905 2.64379 3.60411 
3.00167 2.64764 2.64764 3.00167 3.60694 1.99822 1.73 1.99822 2.64441 1.73404 1.00344 1.00344 1.73404 2.64705   1   0   1   2 1.72905 0.994786 0.994786 1.72905 2.64379 
3.60694 3.00167 2.64764 2.64764 3.00167 2.64441 1.99822 1.73 1.99822 2.64705 1.73404 1.00344 1.00344 1.73404   2   1   0   1 2.64379 1.72905 0.994786 0.994786 1.72905 
4.36005 3.60694 3.00167 2.64764 2.64764 3.46308 2.64441 1.99822 1.73 3.60651 2.64705 1.73404 1.00344 1.00344   3   2   1   0 3.60411 2.64379 1.72905 0.994786 0.994786 
3.46 3.60161 3.99645 4.57948 5.28882 2.63782 2.99301 3.59974 4.35409 1.73 1.99822 2.64441 3.46308 4.35808 0.994786 1.72905 2.64379 3.60411   0   1   2   3   4 
3.60161 3.46 3.60161 3.99645 4.57948 2.63782 2.63782 2.99301 3.59974 1.99822 1.73 1.99822 2.64441 3.46308 0.994786 0.994786 1.72905 2.64379   1   0   1   2   3 
3.99645 3.60161 3.46 3.60161 3.99645 2.99301 2.63782 2.63782 2.99301 2.64441 1.99822 1.73 1.99822 2.64441 1.72905 0.994786 0.994786 1.72905   2   1   0   1   2 
4.57948 3.99645 3.60161 3.46 3.60161 3.59974 2.99301 2.63782 2.63782 3.46308 2.64441 1.99822 1.73 1.99822 2.64379 1.72905 0.994786 0.994786   3   2   1   0   1 
5.28882 4.57948 3.99645 3.60161 3.46 4.35409 3.59974 2.99301 2.63782 4.35808 3.46308 2.64441 1.99822 1.73 3.60411 2.64379 1.72905 0.994786   4   3   2   1   0 
d: 
  3   2   1   0   0   2   1   0   0   1   1   0   0   0   0   0   0   0   0   0   0   0   0 
  2   3   2   1   0   2   2   1   0   1   1   1   0   0   0   0   0   0   0   0   0   0   0 
  1   2   3   2   1   1   2   2   1   0   1   1   1   0   0   0   0   0   0   0   0   0   0 
  0   1   2   3   2   0   1   2   2   0   0   1   1   1   0   0   0   0   0   0   0   0   0 
  0   0   1   2   3   0   0   1   2   0   0   0   1   1   0   0   0   0   0   0   0   0   0 
  2   2   1   0   0   3   2   1   0   2   2   1   0   0   1   1   0   0   0   0   0   0   0 
  1   2   2   1   0   2   3   2   1   1   2   2   1   0   1   1   1   0   0   0   0   0   0 
  0   1   2   2   1   1   2   3   2   0   1   2   2   1   0   1   1   1   0   0   0   0   0 
  0   0   1   2   2   0   1   2   3   0   0   1   2   2   0   0   1   1   0   0   0   0   0 
  1   1   0   0   0   2   1   0   0   3   2   1   0   0   2   1   0   0   1   1   0   0   0 
  1   1   1   0   0   2   2   1   0   2   3   2   1   0   2   2   1   0   1   1   1   0   0 
  0   1   1   1   0   1   2   2   1   1   2   3   2   1   1   2   2   1   0   1   1   1   0 
  0   0   1   1   1   0   1   2   2   0   1   2   3   2   0   1   2   2   0   0   1   1   1 
  0   0   0   1   1   0   0   1   2   0   0   1   2   3   0   0   1   2   0   0   0   1   1 
  0   0   0   0   0   1   1   0   0   2   2   1   0   0   3   2   1   0   2   2   1   0   0 
  0   0   0   0   0   1   1   1   0   1   2   2   1   0   2   3   2   1   1   2   2   1   0 
  0   0   0   0   0   0   1   1   1   0   1   2   2   1   1   2   3   2   0   1   2   2   1 
  0   0   0   0   0   0   0   1   1   0   0   1   2   2   0   1   2   3   0   0   1   2   2 
  0   0   0   0   0   0   0   0   0   1   1   0   0   0   2   1   0   0   3   2   1   0   0 
  0   0   0   0   0   0   0   0   0   1   1   1   0   0   2   2   1   0   2   3   2   1   0 
  0   0   0   0   0   0   0   0   0   0   1   1   1   0   1   2   2   1   1   2   3   2   1 
  0   0   0   0   0   0   0   0   0   0   0   1   1   1   0   1   2   2   0   1   2   3   2 
  0   0   0   0   0   0   0   0   0   0   0   0   1   1   0   0   1   2   0   0   1   2   3 

max distance : 7
Number of variables 277
Tried aggregator 1 time.
MIP Presolve eliminated 24 rows and 1 columns.
Reduced MIP has 529 rows, 277 columns, and 1564 nonzeros.
Reduced MIP has 253 binaries, 0 generals, 0 SOSs, and 0 indicators.
Probing fixed 0 vars, tightened 1 bounds.
Probing time =    0.00 sec.
Tried aggregator 1 time.
Presolve time =    0.00 sec.
Found feasible solution after 0.00 sec.  Objective = 69.0000
Probing time =    0.00 sec.
MIP emphasis: balance optimality and feasibility.
MIP search method: dynamic search.
Parallel mode: deterministic, using up to 4 threads.
Root relaxation solution time =    0.01 sec.

        Nodes                                         Cuts/
   Node  Left     Objective  IInf  Best Integer    Best Bound    ItCnt     Gap

*     0+    0                           69.0000                    123     --- 
      0     0        2.0000   123       69.0000        2.0000      123   97.10%
*     0+    0                           36.0000        2.0000      123   94.44%
      0     0        2.0000   104       36.0000      Cuts: 54      193   94.44%
      0     0        2.0000   113       36.0000     Cuts: 209      366   94.44%
      0     0        2.0000   117       36.0000     Cuts: 232      457   94.44%
*     0+    0                           16.0000        2.0000      457   87.50%
      0     2        2.0000   117       16.0000        2.0000      457   87.50%
Elapsed time =   0.11 sec. (tree size =  0.01 MB, solutions = 3)
*     7+    7                           15.0000        2.0000      854   86.67%
*    42+   42                           13.0000        2.0000     2114   84.62%
*   254   230      integral     0       12.0000        2.0000     4314   83.33%
*   511   437      integral     0       11.0000        2.0580     7337   81.29%
*   907+  724                           10.0000        2.6734    12786   73.27%
*   907+  721                            9.0000        2.6734    12786   70.30%
   1163   752        7.0000    20        9.0000        3.0000    16395   66.67%
   2380  1540        2.5000   125        9.0000        3.4851    34028   61.28%
   2930  1172        8.0000    19        9.0000        3.4851    44927   61.28%
*  3374+  952                            9.0000        4.0000    50711   55.56%
   3879   975        5.0000    35        9.0000        4.0000    58772   55.56%
   5495  1608        8.0000    19        9.0000        5.0000    84644   44.44%
   7200  2337        7.0000    17        9.0000        5.0000   108868   44.44%
   8720  2931        7.0000    20        9.0000        5.0000   131964   44.44%
* 12490+ 4110                            9.0000        6.0000   189613   33.33%
  14051  4483        7.0000    15        9.0000        6.0000   210958   33.33%
Elapsed time =   7.84 sec. (tree size =  1.41 MB, solutions = 11)
  21329  6411        6.5000    23        9.0000        6.0000   307618   33.33%
  26305  7789        7.0000    16        9.0000        6.0000   375212   33.33%
  33667  9609        6.5000    27        9.0000        6.5000   475473   27.78%
  41530 10643        8.0000    12        9.0000        7.0000   574541   22.22%
  49362 11515        cutoff              9.0000        7.0000   672044   22.22%
* 54671 12119      integral     0        8.0000        7.0000   736969   12.50%
* 59061  2530      integral     0        8.0000        7.0000   777592   12.50%

Cover cuts applied:  4
Implied bound cuts applied:  274
Flow cuts applied:  83
Mixed integer rounding cuts applied:  236
Gomory fractional cuts applied:  26

Root node processing (before b&c):
  Real time             =    0.11
Parallel b&c, 4 threads:
  Real time             =   27.23
  Sync time (average)   =    0.02
  Wait time (average)   =    0.00
                          -------
Total (root+branch&cut) =   27.34 sec.
STATUS : Optimal
Solution status = Optimal
Time cplex.getTime() 27.34
 Number of constraints = 553
Solution value  = 8
c(0)=4 c(1)=8 c(2)=6 c(3)=1 c(4)=5 c(5)=0 c(6)=2 c(7)=4 c(8)=8 c(9)=3 c(10)=5 c(11)=7 c(12)=0 c(13)=2 c(14)=8 c(15)=1 c(16)=3 c(17)=5 c(18)=2 c(19)=4 c(20)=6 c(21)=8 c(22)=1 
