 numAddVar 276

Graph (V,E) with |V|= 24 and diameter = 7

Coordinates: 
vertex 1 : 0 0
vertex 2 : 1.73205 0
vertex 3 : -0.866025 0.5
vertex 4 : 0.866025 0.5
vertex 5 : 2.59808 0.5
vertex 6 : -0.866025 1.5
vertex 7 : 0.866025 1.5
vertex 8 : 2.59808 1.5
vertex 9 : -1.73205 2
vertex 10 : 0 2
vertex 11 : 1.73205 2
vertex 12 : 3.4641 2
vertex 13 : -1.73205 3
vertex 14 : 0 3
vertex 15 : 1.73205 3
vertex 16 : 3.4641 3
vertex 17 : -0.866025 3.5
vertex 18 : 0.866025 3.5
vertex 19 : 2.59808 3.5
vertex 20 : -0.866025 4.5
vertex 21 : 0.866025 4.5
vertex 22 : 2.59808 4.5
vertex 23 : 0 5
vertex 24 : 1.73205 5

Distances: 
  0 1.73205   1   1 2.64575 1.73205 1.73205   3 2.64575   2 2.64575   4 3.4641   3 3.4641 4.58258 3.60555 3.60555 4.3589 4.58258 4.58258 5.19615   5 5.2915 
1.73205   0 2.64575   1   1   3 1.73205 1.73205   4 2.64575   2 2.64575 4.58258 3.4641   3 3.4641 4.3589 3.60555 3.60555 5.19615 4.58258 4.58258 5.2915   5 
  1 2.64575   0 1.73205 3.4641   1   2 3.60555 1.73205 1.73205   3 4.58258 2.64575 2.64575 3.60555   5   3 3.4641 4.58258   4 4.3589 5.2915 4.58258 5.19615 
  1   1 1.73205   0 1.73205   2   1   2   3 1.73205 1.73205   3 3.60555 2.64575 2.64575 3.60555 3.4641   3 3.4641 4.3589   4 4.3589 4.58258 4.58258 
2.64575   1 3.4641 1.73205   0 3.60555   2   1 4.58258   3 1.73205 1.73205   5 3.60555 2.64575 2.64575 4.58258 3.4641   3 5.2915 4.3589   4 5.19615 4.58258 
1.73205   3   1   2 3.60555   0 1.73205 3.4641   1   1 2.64575 4.3589 1.73205 1.73205   3 4.58258   2 2.64575   4   3 3.4641 4.58258 3.60555 4.3589 
1.73205 1.73205   2   1   2 1.73205   0 1.73205 2.64575   1   1 2.64575   3 1.73205 1.73205   3 2.64575   2 2.64575 3.4641   3 3.4641 3.60555 3.60555 
  3 1.73205 3.60555   2   1 3.4641 1.73205   0 4.3589 2.64575   1   1 4.58258   3 1.73205 1.73205   4 2.64575   2 4.58258 3.4641   3 4.3589 3.60555 
2.64575   4 1.73205   3 4.58258   1 2.64575 4.3589   0 1.73205 3.4641 5.19615   1   2 3.60555 5.2915 1.73205   3 4.58258 2.64575 3.60555   5 3.4641 4.58258 
  2 2.64575 1.73205 1.73205   3   1   1 2.64575 1.73205   0 1.73205 3.4641   2   1   2 3.60555 1.73205 1.73205   3 2.64575 2.64575 3.60555   3 3.4641 
2.64575   2   3 1.73205 1.73205 2.64575   1   1 3.4641 1.73205   0 1.73205 3.60555   2   1   2   3 1.73205 1.73205 3.60555 2.64575 2.64575 3.4641   3 
  4 2.64575 4.58258   3 1.73205 4.3589 2.64575   1 5.19615 3.4641 1.73205   0 5.2915 3.60555   2   1 4.58258   3 1.73205   5 3.60555 2.64575 4.58258 3.4641 
3.4641 4.58258 2.64575 3.60555   5 1.73205   3 4.58258   1   2 3.60555 5.2915   0 1.73205 3.4641 5.19615   1 2.64575 4.3589 1.73205   3 4.58258 2.64575   4 
  3 3.4641 2.64575 2.64575 3.60555 1.73205 1.73205   3   2   1   2 3.60555 1.73205   0 1.73205 3.4641   1   1 2.64575 1.73205 1.73205   3   2 2.64575 
3.4641   3 3.60555 2.64575 2.64575   3 1.73205 1.73205 3.60555   2   1   2 3.4641 1.73205   0 1.73205 2.64575   1   1   3 1.73205 1.73205 2.64575   2 
4.58258 3.4641   5 3.60555 2.64575 4.58258   3 1.73205 5.2915 3.60555   2   1 5.19615 3.4641 1.73205   0 4.3589 2.64575   1 4.58258   3 1.73205   4 2.64575 
3.60555 4.3589   3 3.4641 4.58258   2 2.64575   4 1.73205 1.73205   3 4.58258   1   1 2.64575 4.3589   0 1.73205 3.4641   1   2 3.60555 1.73205   3 
3.60555 3.60555 3.4641   3 3.4641 2.64575   2 2.64575   3 1.73205 1.73205   3 2.64575   1   1 2.64575 1.73205   0 1.73205   2   1   2 1.73205 1.73205 
4.3589 3.60555 4.58258 3.4641   3   4 2.64575   2 4.58258   3 1.73205 1.73205 4.3589 2.64575   1   1 3.4641 1.73205   0 3.60555   2   1   3 1.73205 
4.58258 5.19615   4 4.3589 5.2915   3 3.4641 4.58258 2.64575 2.64575 3.60555   5 1.73205 1.73205   3 4.58258   1   2 3.60555   0 1.73205 3.4641   1 2.64575 
4.58258 4.58258 4.3589   4 4.3589 3.4641   3 3.4641 3.60555 2.64575 2.64575 3.60555   3 1.73205 1.73205   3   2   1   2 1.73205   0 1.73205   1   1 
5.19615 4.58258 5.2915 4.3589   4 4.58258 3.4641   3   5 3.60555 2.64575 2.64575 4.58258   3 1.73205 1.73205 3.60555   2   1 3.4641 1.73205   0 2.64575   1 
  5 5.2915 4.58258 4.58258 5.19615 3.60555 3.60555 4.3589 3.4641   3 3.4641 4.58258 2.64575   2 2.64575   4 1.73205 1.73205   3   1   1 2.64575   0 1.73205 
5.2915   5 5.19615 4.58258 4.58258 4.3589 3.60555 3.60555 4.58258 3.4641   3 3.4641   4 2.64575   2 2.64575   3 1.73205 1.73205 2.64575   1   1 1.73205   0 
d: 
  0 1.26795   2   2 0.354249 1.26795 1.26795   0 0.354249   1 0.354249   0   0   0   0   0   0   0   0   0   0   0   0   0 
1.26795   0 0.354249   2   2   0 1.26795 1.26795   0 0.354249   1 0.354249   0   0   0   0   0   0   0   0   0   0   0   0 
  2 0.354249   0 1.26795   0   2   1   0 1.26795 1.26795   0   0 0.354249 0.354249   0   0   0   0   0   0   0   0   0   0 
  2   2 1.26795   0 1.26795   1   2   1   0 1.26795 1.26795   0   0 0.354249 0.354249   0   0   0   0   0   0   0   0   0 
0.354249   2   0 1.26795   0   0   1   2   0   0 1.26795 1.26795   0   0 0.354249 0.354249   0   0   0   0   0   0   0   0 
1.26795   0   2   1   0   0 1.26795   0   2   2 0.354249   0 1.26795 1.26795   0   0   1 0.354249   0   0   0   0   0   0 
1.26795 1.26795   1   2   1 1.26795   0 1.26795 0.354249   2   2 0.354249   0 1.26795 1.26795   0 0.354249   1 0.354249   0   0   0   0   0 
  0 1.26795   0   1   2   0 1.26795   0   0 0.354249   2   2   0   0 1.26795 1.26795   0 0.354249   1   0   0   0   0   0 
0.354249   0 1.26795   0   0   2 0.354249   0   0 1.26795   0   0   2   1   0   0 1.26795   0   0 0.354249   0   0   0   0 
  1 0.354249 1.26795 1.26795   0   2   2 0.354249 1.26795   0 1.26795   0   1   2   1   0 1.26795 1.26795   0 0.354249 0.354249   0   0   0 
0.354249   1   0 1.26795 1.26795 0.354249   2   2   0 1.26795   0 1.26795   0   1   2   1   0 1.26795 1.26795   0 0.354249 0.354249   0   0 
  0 0.354249   0   0 1.26795   0 0.354249   2   0   0 1.26795   0   0   0   1   2   0   0 1.26795   0   0 0.354249   0   0 
  0   0 0.354249   0   0 1.26795   0   0   2   1   0   0   0 1.26795   0   0   2 0.354249   0 1.26795   0   0 0.354249   0 
  0   0 0.354249 0.354249   0 1.26795 1.26795   0   1   2   1   0 1.26795   0 1.26795   0   2   2 0.354249 1.26795 1.26795   0   1 0.354249 
  0   0   0 0.354249 0.354249   0 1.26795 1.26795   0   1   2   1   0 1.26795   0 1.26795 0.354249   2   2   0 1.26795 1.26795 0.354249   1 
  0   0   0   0 0.354249   0   0 1.26795   0   0   1   2   0   0 1.26795   0   0 0.354249   2   0   0 1.26795   0 0.354249 
  0   0   0   0   0   1 0.354249   0 1.26795 1.26795   0   0   2   2 0.354249   0   0 1.26795   0   2   1   0 1.26795   0 
  0   0   0   0   0 0.354249   1 0.354249   0 1.26795 1.26795   0 0.354249   2   2 0.354249 1.26795   0 1.26795   1   2   1 1.26795 1.26795 
  0   0   0   0   0   0 0.354249   1   0   0 1.26795 1.26795   0 0.354249   2   2   0 1.26795   0   0   1   2   0 1.26795 
  0   0   0   0   0   0   0   0 0.354249 0.354249   0   0 1.26795 1.26795   0   0   2   1   0   0 1.26795   0   2 0.354249 
  0   0   0   0   0   0   0   0   0 0.354249 0.354249   0   0 1.26795 1.26795   0   1   2   1 1.26795   0 1.26795   2   2 
  0   0   0   0   0   0   0   0   0   0 0.354249 0.354249   0   0 1.26795 1.26795   0   1   2   0 1.26795   0 0.354249   2 
  0   0   0   0   0   0   0   0   0   0   0   0 0.354249   1 0.354249   0 1.26795 1.26795   0   2   2 0.354249   0 1.26795 
  0   0   0   0   0   0   0   0   0   0   0   0   0 0.354249   1 0.354249   0 1.26795 1.26795 0.354249   2   2 1.26795   0 

max distance : 2
Number of variables 301
Tried aggregator 1 time.
MIP Presolve eliminated 24 rows and 1 columns.
Reduced MIP has 584 rows, 301 columns, and 1752 nonzeros.
Reduced MIP has 276 binaries, 0 generals, 0 SOSs, and 0 indicators.
Probing time =    0.00 sec.
Tried aggregator 1 time.
Presolve time =    0.00 sec.
Probing time =    0.00 sec.
MIP emphasis: balance optimality and feasibility.
MIP search method: dynamic search.
Parallel mode: deterministic, using up to 4 threads.
Root relaxation solution time =    0.00 sec.

        Nodes                                         Cuts/
   Node  Left     Objective  IInf  Best Integer    Best Bound    ItCnt     Gap

*     0+    0                           21.7513                    163     --- 
      0     0        2.7679   135       21.7513        2.7679      163   87.27%
      0     0        2.8235   150       21.7513     Cuts: 246      426   87.02%
      0     0        3.6013    85       21.7513      Cuts: 99      574   83.44%
      0     0        3.6013    94       21.7513      Cuts: 29      644   83.44%
      0     0        3.6013   102       21.7513      Cuts: 37      691   83.44%
*     0+    0                           14.9474        3.6013      691   75.91%
      0     2        3.6013   102       14.9474        3.6013      691   75.91%
Elapsed real time =   0.09 sec. (tree size =  0.01 MB, solutions = 2)
*    91+   91                           13.8521        3.7679     4648   72.80%
*   135+  135                           12.9619        3.7679     6185   70.93%
*   188+  188                           12.6222        3.7680     7913   70.15%
*   191+  191                           11.1581        3.7680     7940   66.23%
*   219+  219                           10.7803        3.7680     8489   65.05%
*   238+  238                           10.6940        3.7680     8797   64.77%
*   278+  270                           10.5986        3.7680     9377   64.45%
*   288+  279                           10.5123        3.7680     9572   64.16%
*   288+  279                           10.1581        3.7680     9572   62.91%
*   310   294      integral     0        9.8666        3.7680     9970   61.81%
*   313   295      integral     0        9.7803        3.7680     9980   61.47%
*   366+  328                            9.7567        3.7680    11700   61.38%
*   370+  331                            9.6222        3.7680    11896   60.84%
*   373   327      integral     0        9.6077        3.7680    11987   60.78%
*   467+  416                            9.4260        3.7680    15289   60.03%
*   524+  468                            8.8901        3.7680    16724   57.62%
*   630   539      integral     0        8.8666        3.7680    19190   57.50%
*   631   537      integral     0        8.7803        3.7680    19194   57.09%
*   696+  589                            8.6222        3.7680    21427   56.30%
*  1008+  820                            8.5986        3.7680    31029   56.18%
*  1079+  873                            8.5123        3.7680    33492   55.74%
*  1079+  873                            8.4260        3.7680    33492   55.28%
*  1309  1046      integral     0        8.3397        3.7806    40660   54.67%
*  1466  1149      integral     0        8.2679        3.7843    45538   54.23%
*  1474  1153      integral     0        8.2444        3.7843    45680   54.10%
*  1478  1152      integral     0        8.1581        3.7843    45773   53.61%
*  1584  1208      integral     0        8.0627        3.8011    48961   52.86%
Elapsed real time =   0.44 sec. (tree size =  0.39 MB, solutions = 38)
*  1764  1297      integral     0        7.9764        3.8435    54631   51.81%
*  1811  1328      integral     0        7.8901        3.8644    56927   51.02%
*  2080  1486      integral     0        7.8666        3.9346    65344   49.98%
*  2112  1499      integral     0        7.5986        3.9346    65765   48.22%
*  2984   824      integral     0        7.4170        4.1906    99159   43.50%
*  3029   656      integral     0        7.3307        4.1906   100709   42.83%
*  3033   543      integral     0        7.3071        4.2570   100881   41.74%
*  3148+  485                            7.2712        4.2578   105035   41.44%
*  3191   462      integral     0        7.2444        4.2680   106776   41.09%
*  3334+  486                            7.1581        4.3285   111017   39.53%
*  3364   483      integral     0        7.0718        4.4019   111645   37.75%
*  3470   521      integral     0        7.0718        4.4019   114731   37.75%
Elapsed real time =   1.28 sec. (tree size =  0.36 MB, solutions = 54)
*  3513+  511                            7.0627        4.4019   116893   37.67%
*  3710   574      integral     0        7.0392        4.5686   122801   35.10%
*  3713   571      integral     0        6.6849        4.5686   122977   31.66%
*  3806   533      integral     0        6.4170        4.5686   126101   28.80%

Cover cuts applied:  6
Implied bound cuts applied:  5
Flow cuts applied:  26
Mixed integer rounding cuts applied:  90
Gomory fractional cuts applied:  51

Root node processing (before b&c):
  Real time             =    0.08
Parallel b&c, 4 threads:
  Real time             =    1.67
  Sync time (average)   =    0.01
  Wait time (average)   =    0.00
                          -------
Total (root+branch&cut) =    1.75 sec.
STATUS : Optimal
Solution status = Optimal
 Number of constraints = 608
Solution value  = 6.41699
c(0)=2.35425 c(1)=1 c(2)=0 c(3)=6.06275 c(4)=4.7085 c(5)=5.06275 c(6)=3.7085 c(7)=2.35425 c(8)=2.7085 c(9)=1.35425 c(10)=0 c(11)=6.06275 c(12)=0.354249 c(13)=6.41699 c(14)=5.06275 c(15)=3.6222 c(16)=4.06275 c(17)=2.7085 c(18)=1.35425 c(19)=1.7085 c(20)=0.354249 c(21)=6.41699 c(22)=5.41699 c(23)=3.97645 
