 numAddVar 276

Graph (V,E) with |V|= 24 and diameter = 7

Coordinates: 
vertex 1 : 0 0
vertex 2 : 1.73205 0
vertex 3 : -0.866025 0.5
vertex 4 : 0.866025 0.5
vertex 5 : 2.59808 0.5
vertex 6 : -0.866025 1.5
vertex 7 : 0.866025 1.5
vertex 8 : 2.59808 1.5
vertex 9 : -1.73205 2
vertex 10 : 0 2
vertex 11 : 1.73205 2
vertex 12 : 3.4641 2
vertex 13 : -1.73205 3
vertex 14 : 0 3
vertex 15 : 1.73205 3
vertex 16 : 3.4641 3
vertex 17 : -0.866025 3.5
vertex 18 : 0.866025 3.5
vertex 19 : 2.59808 3.5
vertex 20 : -0.866025 4.5
vertex 21 : 0.866025 4.5
vertex 22 : 2.59808 4.5
vertex 23 : 0 5
vertex 24 : 1.73205 5

Distances: 
  0 1.73205   1   1 2.64575 1.73205 1.73205   3 2.64575   2 2.64575   4 3.4641   3 3.4641 4.58258 3.60555 3.60555 4.3589 4.58258 4.58258 5.19615   5 5.2915 
1.73205   0 2.64575   1   1   3 1.73205 1.73205   4 2.64575   2 2.64575 4.58258 3.4641   3 3.4641 4.3589 3.60555 3.60555 5.19615 4.58258 4.58258 5.2915   5 
  1 2.64575   0 1.73205 3.4641   1   2 3.60555 1.73205 1.73205   3 4.58258 2.64575 2.64575 3.60555   5   3 3.4641 4.58258   4 4.3589 5.2915 4.58258 5.19615 
  1   1 1.73205   0 1.73205   2   1   2   3 1.73205 1.73205   3 3.60555 2.64575 2.64575 3.60555 3.4641   3 3.4641 4.3589   4 4.3589 4.58258 4.58258 
2.64575   1 3.4641 1.73205   0 3.60555   2   1 4.58258   3 1.73205 1.73205   5 3.60555 2.64575 2.64575 4.58258 3.4641   3 5.2915 4.3589   4 5.19615 4.58258 
1.73205   3   1   2 3.60555   0 1.73205 3.4641   1   1 2.64575 4.3589 1.73205 1.73205   3 4.58258   2 2.64575   4   3 3.4641 4.58258 3.60555 4.3589 
1.73205 1.73205   2   1   2 1.73205   0 1.73205 2.64575   1   1 2.64575   3 1.73205 1.73205   3 2.64575   2 2.64575 3.4641   3 3.4641 3.60555 3.60555 
  3 1.73205 3.60555   2   1 3.4641 1.73205   0 4.3589 2.64575   1   1 4.58258   3 1.73205 1.73205   4 2.64575   2 4.58258 3.4641   3 4.3589 3.60555 
2.64575   4 1.73205   3 4.58258   1 2.64575 4.3589   0 1.73205 3.4641 5.19615   1   2 3.60555 5.2915 1.73205   3 4.58258 2.64575 3.60555   5 3.4641 4.58258 
  2 2.64575 1.73205 1.73205   3   1   1 2.64575 1.73205   0 1.73205 3.4641   2   1   2 3.60555 1.73205 1.73205   3 2.64575 2.64575 3.60555   3 3.4641 
2.64575   2   3 1.73205 1.73205 2.64575   1   1 3.4641 1.73205   0 1.73205 3.60555   2   1   2   3 1.73205 1.73205 3.60555 2.64575 2.64575 3.4641   3 
  4 2.64575 4.58258   3 1.73205 4.3589 2.64575   1 5.19615 3.4641 1.73205   0 5.2915 3.60555   2   1 4.58258   3 1.73205   5 3.60555 2.64575 4.58258 3.4641 
3.4641 4.58258 2.64575 3.60555   5 1.73205   3 4.58258   1   2 3.60555 5.2915   0 1.73205 3.4641 5.19615   1 2.64575 4.3589 1.73205   3 4.58258 2.64575   4 
  3 3.4641 2.64575 2.64575 3.60555 1.73205 1.73205   3   2   1   2 3.60555 1.73205   0 1.73205 3.4641   1   1 2.64575 1.73205 1.73205   3   2 2.64575 
3.4641   3 3.60555 2.64575 2.64575   3 1.73205 1.73205 3.60555   2   1   2 3.4641 1.73205   0 1.73205 2.64575   1   1   3 1.73205 1.73205 2.64575   2 
4.58258 3.4641   5 3.60555 2.64575 4.58258   3 1.73205 5.2915 3.60555   2   1 5.19615 3.4641 1.73205   0 4.3589 2.64575   1 4.58258   3 1.73205   4 2.64575 
3.60555 4.3589   3 3.4641 4.58258   2 2.64575   4 1.73205 1.73205   3 4.58258   1   1 2.64575 4.3589   0 1.73205 3.4641   1   2 3.60555 1.73205   3 
3.60555 3.60555 3.4641   3 3.4641 2.64575   2 2.64575   3 1.73205 1.73205   3 2.64575   1   1 2.64575 1.73205   0 1.73205   2   1   2 1.73205 1.73205 
4.3589 3.60555 4.58258 3.4641   3   4 2.64575   2 4.58258   3 1.73205 1.73205 4.3589 2.64575   1   1 3.4641 1.73205   0 3.60555   2   1   3 1.73205 
4.58258 5.19615   4 4.3589 5.2915   3 3.4641 4.58258 2.64575 2.64575 3.60555   5 1.73205 1.73205   3 4.58258   1   2 3.60555   0 1.73205 3.4641   1 2.64575 
4.58258 4.58258 4.3589   4 4.3589 3.4641   3 3.4641 3.60555 2.64575 2.64575 3.60555   3 1.73205 1.73205   3   2   1   2 1.73205   0 1.73205   1   1 
5.19615 4.58258 5.2915 4.3589   4 4.58258 3.4641   3   5 3.60555 2.64575 2.64575 4.58258   3 1.73205 1.73205 3.60555   2   1 3.4641 1.73205   0 2.64575   1 
  5 5.2915 4.58258 4.58258 5.19615 3.60555 3.60555 4.3589 3.4641   3 3.4641 4.58258 2.64575   2 2.64575   4 1.73205 1.73205   3   1   1 2.64575   0 1.73205 
5.2915   5 5.19615 4.58258 4.58258 4.3589 3.60555 3.60555 4.58258 3.4641   3 3.4641   4 2.64575   2 2.64575   3 1.73205 1.73205 2.64575   1   1 1.73205   0 
d: 
  0 2.26795   3   3 1.35425 2.26795 2.26795   1 1.35425   2 1.35425   0 0.535898   1 0.535898   0 0.394449 0.394449   0   0   0   0   0   0 
2.26795   0 1.35425   3   3   1 2.26795 2.26795 4.44089e-16 1.35425   2 1.35425   0 0.535898   1 0.535898   0 0.394449 0.394449   0   0   0   0   0 
  3 1.35425   0 2.26795 0.535898   3   2 0.394449 2.26795 2.26795   1   0 1.35425 1.35425 0.394449   0   1 0.535898   0   0   0   0   0   0 
  3   3 2.26795   0 2.26795   2   3   2   1 2.26795 2.26795   1 0.394449 1.35425 1.35425 0.394449 0.535898   1 0.535898   0   0   0   0   0 
1.35425   3 0.535898 2.26795   0 0.394449   2   3   0   1 2.26795 2.26795   0 0.394449 1.35425 1.35425   0 0.535898   1   0   0   0   0   0 
2.26795   1   3   2 0.394449   0 2.26795 0.535898   3   3 1.35425   0 2.26795 2.26795   1   0   2 1.35425 4.44089e-16   1 0.535898   0 0.394449   0 
2.26795 2.26795   2   3   2 2.26795   0 2.26795 1.35425   3   3 1.35425   1 2.26795 2.26795   1 1.35425   2 1.35425 0.535898   1 0.535898 0.394449 0.394449 
  1 2.26795 0.394449   2   3 0.535898 2.26795   0   0 1.35425   3   3   0   1 2.26795 2.26795 4.44089e-16 1.35425   2   0 0.535898   1   0 0.394449 
1.35425 4.44089e-16 2.26795   1   0   3 1.35425   0   0 2.26795 0.535898   0   3   2 0.394449   0 2.26795   1   0 1.35425 0.394449   0 0.535898   0 
  2 1.35425 2.26795 2.26795   1   3   3 1.35425 2.26795   0 2.26795 0.535898   2   3   2 0.394449 2.26795 2.26795   1 1.35425 1.35425 0.394449   1 0.535898 
1.35425   2   1 2.26795 2.26795 1.35425   3   3 0.535898 2.26795   0 2.26795 0.394449   2   3   2   1 2.26795 2.26795 0.394449 1.35425 1.35425 0.535898   1 
  0 1.35425   0   1 2.26795   0 1.35425   3   0 0.535898 2.26795   0   0 0.394449   2   3   0   1 2.26795   0 0.394449 1.35425   0 0.535898 
0.535898   0 1.35425 0.394449   0 2.26795   1   0   3   2 0.394449   0   0 2.26795 0.535898   0   3 1.35425   0 2.26795   1   0 1.35425 4.44089e-16 
  1 0.535898 1.35425 1.35425 0.394449 2.26795 2.26795   1   2   3   2 0.394449 2.26795   0 2.26795 0.535898   3   3 1.35425 2.26795 2.26795   1   2 1.35425 
0.535898   1 0.394449 1.35425 1.35425   1 2.26795 2.26795 0.394449   2   3   2 0.535898 2.26795   0 2.26795 1.35425   3   3   1 2.26795 2.26795 1.35425   2 
  0 0.535898   0 0.394449 1.35425   0   1 2.26795   0 0.394449   2   3   0 0.535898 2.26795   0   0 1.35425   3   0   1 2.26795   0 1.35425 
0.394449   0   1 0.535898   0   2 1.35425 4.44089e-16 2.26795 2.26795   1   0   3   3 1.35425   0   0 2.26795 0.535898   3   2 0.394449 2.26795   1 
0.394449 0.394449 0.535898   1 0.535898 1.35425   2 1.35425   1 2.26795 2.26795   1 1.35425   3   3 1.35425 2.26795   0 2.26795   2   3   2 2.26795 2.26795 
  0 0.394449   0 0.535898   1 4.44089e-16 1.35425   2   0   1 2.26795 2.26795   0 1.35425   3   3 0.535898 2.26795   0 0.394449   2   3   1 2.26795 
  0   0   0   0   0   1 0.535898   0 1.35425 1.35425 0.394449   0 2.26795 2.26795   1   0   3   2 0.394449   0 2.26795 0.535898   3 1.35425 
  0   0   0   0   0 0.535898   1 0.535898 0.394449 1.35425 1.35425 0.394449   1 2.26795 2.26795   1   2   3   2 2.26795   0 2.26795   3   3 
  0   0   0   0   0   0 0.535898   1   0 0.394449 1.35425 1.35425   0   1 2.26795 2.26795 0.394449   2   3 0.535898 2.26795   0 1.35425   3 
  0   0   0   0   0 0.394449 0.394449   0 0.535898   1 0.535898   0 1.35425   2 1.35425   0 2.26795 2.26795   1   3   3 1.35425   0 2.26795 
  0   0   0   0   0   0 0.394449 0.394449   0 0.535898   1 0.535898 4.44089e-16 1.35425   2 1.35425   1 2.26795 2.26795 1.35425   3   3 2.26795   0 

max distance : 3
Number of variables 301
Tried aggregator 1 time.
MIP Presolve eliminated 24 rows and 1 columns.
Reduced MIP has 584 rows, 301 columns, and 1752 nonzeros.
Reduced MIP has 276 binaries, 0 generals, 0 SOSs, and 0 indicators.
Probing time =    0.00 sec.
Tried aggregator 1 time.
Presolve time =    0.00 sec.
Probing time =    0.00 sec.
MIP emphasis: balance optimality and feasibility.
MIP search method: dynamic search.
Parallel mode: deterministic, using up to 4 threads.
Root relaxation solution time =    0.00 sec.

        Nodes                                         Cuts/
   Node  Left     Objective  IInf  Best Integer    Best Bound    ItCnt     Gap

*     0+    0                           39.7846                    241     --- 
      0     0        5.2679   213       39.7846        5.2679      241   86.76%
      0     0        5.3617   215       39.7846     Cuts: 246      521   86.52%
      0     0        6.4333   163       39.7846     Cuts: 232      756   83.83%
      0     0        6.6459   177       39.7846      Cuts: 47      879   83.30%
      0     0        6.6459   187       39.7846      Cuts: 41      966   83.30%
      0     0        6.6459   166       39.7846      Cuts: 20     1059   83.30%
      0     0        6.6459   145       39.7846      Cuts: 37     1174   83.30%
*     0+    0                           33.1222        6.6459     1307   79.94%
      0     0        6.6459   146       33.1222      Cuts: 54     1307   79.94%
*     0+    0                           26.7675        6.6459     1307   75.17%
      0     2        6.6459   146       26.7675        6.6459     1307   75.17%
Elapsed real time =   0.11 sec. (tree size =  0.01 MB, solutions = 3)
*     4+    4                           26.3956        6.6459     1526   74.82%
*    13+   13                           26.2171        6.6573     2269   74.61%
*    27+   27                           25.6243        6.6621     2922   74.00%
*    37+   37                           25.6098        6.6621     3386   73.99%
*    58+   58                           24.9952        6.6621     4009   73.35%
*   102+  102                           24.2465        6.6621     5560   72.52%
*   102+  102                           23.6704        6.6621     5560   71.85%
*   175+  175                           22.6704        6.6621     7155   70.61%
*   422+  415                           22.5290        6.6621    11164   70.43%
*   688+  633                           22.4995        6.7913    17157   69.82%
*   688+  633                           22.1453        6.7913    17157   69.33%
*   688+  633                           22.1110        6.7913    17157   69.29%
*   688+  633                           22.0413        6.7913    17157   69.19%
*   688+  633                           21.8597        6.7913    17157   68.93%
*   688+  633                           21.7969        6.7913    17157   68.84%
*   688+  633                           21.3328        6.7913    17157   68.17%
*   688+  633                           21.3162        6.7913    17157   68.14%
*   688+  633                           21.2701        6.7913    17157   68.07%
*   688+  633                           21.0482        6.7913    17157   67.73%
*   688+  633                           20.9872        6.7913    17157   67.64%
*   688+  633                           20.6576        6.7913    17157   67.12%
*   688+  633                           20.4829        6.7913    17157   66.84%
*   688+  633                           20.2867        6.7913    17157   66.52%
*   688+  633                           20.1914        6.7913    17157   66.37%
*   688+  633                           19.8136        6.7913    17157   65.72%
*   688+  633                           19.7969        6.7913    17157   65.70%
    688   635       11.5525    31       19.7969        6.7913    17157   65.70%
*  1767+ 1534                           19.6790        7.2679    40289   63.07%
   2047  1747        8.1551    68       19.6790        7.2680    47287   63.07%
*  2080  1774      integral     0       19.3983        7.2680    47741   62.53%
   2422  2053        7.1511   116       19.3983        7.2744    58894   62.50%
*  2423+ 1367                           19.2316        7.2744    58965   62.17%
   2423  1369        7.1778   107       19.2316        7.2744    58965   62.17%
   2877  1388        8.8647    51       19.2316        7.4793    69290   61.11%
*  3450+ 1288                           19.2299        7.5498    83792   60.74%
*  3464  1134      integral     0       19.1747        7.5498    84331   60.63%
*  3880  1206      integral     0       19.1512        7.7756    92911   59.40%
*  4595  1676      integral     0       19.1051        8.0239   108201   58.00%
*  4598  1677      integral     0       19.0884        8.0239   108214   57.96%
Elapsed real time =   2.11 sec. (tree size =  0.53 MB, solutions = 38)
*  4775  1810      integral     0       18.8371        8.0239   112018   57.40%
*  5109+ 2036                           18.5692        8.1132   117492   56.31%
*  5388+ 2188                           18.3640        8.1132   123171   55.82%
*  6586  2994      integral     0       18.3248        8.3186   148878   54.60%
*  7962  3954      integral     0       18.2610        8.4187   178004   53.90%
*  8293  4170      integral     0       18.1914        8.4734   185406   53.42%
*  8297  4170      integral     0       17.8999        8.4734   185477   52.66%
  14908  8405       14.9619    18       17.8999        9.0359   320242   49.52%
* 15839  9015      integral     0       17.7251        9.0618   336948   48.88%
  19915 11453       14.8038    36       17.7251        9.2799   418373   47.65%
* 25420 14955      integral     0       17.7106        9.4585   519442   46.59%
* 25424 14956      integral     0       17.5290        9.4585   519530   46.04%
Elapsed real time =   4.67 sec. (tree size =  5.10 MB, solutions = 50)
  29367 17164       15.5359    28       17.5290        9.6133   593330   45.16%
  37519 21976       15.5123    29       17.5290        9.8274   740806   43.94%
* 42093 24614      integral     0       17.4829        9.9610   820419   43.02%
  50323 29195       14.8038    35       17.4829       10.1699   962375   41.83%
  58288 33747       15.5123    25       17.4829       10.2889  1100083   41.15%
  65374 37755       14.8038    29       17.4829       10.4260  1226793   40.36%
  69423 39922       15.7803    24       17.4829       10.5359  1306236   39.74%
  76169 43738       16.6077    16       17.4829       10.5806  1434212   39.48%
  82700 47336       16.9068    14       17.4829       10.6906  1561570   38.85%
* 84160 48123      integral     0       17.4277       10.7026  1589103   38.59%
Elapsed real time =  11.11 sec. (tree size = 17.72 MB, solutions = 53)
* 90425 51409      integral     0       17.3983       10.8038  1707840   37.90%
* 90447+51417                           17.2316       10.8038  1708236   37.30%
* 90450 51415      integral     0       16.9175       10.8038  1708287   36.14%
  96199 52169       13.6222    26       16.9175       10.8782  1825233   35.70%
 101875 54816       11.1579    38       16.9175       10.9368  1948735   35.35%
 107343 57311       15.8901    22       16.9175       11.0359  2067522   34.77%
 113042 60100       13.1581    32       16.9175       11.0718  2182387   34.55%
 118733 62791       15.1581    29       16.9175       11.1581  2298583   34.04%
 124553 65316       13.5986    28       16.9175       11.2444  2419537   33.53%
 130277 68023       15.0555    23       16.9175       11.2679  2535664   33.39%
 135997 70581       14.0000    34       16.9175       11.3542  2655773   32.88%
Elapsed real time =  17.58 sec. (tree size = 28.10 MB, solutions = 57)
 142049 73194       15.2208    22       16.9175       11.5123  2775286   31.95%
 148236 76158       14.0392    25       16.9175       11.5359  2888833   31.81%
 154301 79041       13.8038    36       16.9175       11.5359  3005672   31.81%
 160453 81892       13.9529    26       16.9175       11.5417  3118509   31.78%
*162620 82852      integral     0       16.6243       11.5718  3156712   30.39%
 164633 80187       16.0166    24       16.6243       11.6222  3198492   30.09%
 170759 82519       15.0166    27       16.6243       11.6983  3320953   29.63%
 177040 85028       14.7649    29       16.6243       11.8038  3436089   29.00%
 183405 87750       15.9068    22       16.6243       11.8038  3552149   29.00%
 189609 90344       14.0718    29       16.6243       11.8038  3670113   29.00%
Elapsed real time =  24.41 sec. (tree size = 35.41 MB, solutions = 58)
 195715 92634       13.5359    31       16.6243       11.8901  3789476   28.48%
 201845 94930       12.8901    31       16.6243       11.9303  3909213   28.24%
 208276 97353       15.2444    15       16.6243       12.0000  4020496   27.82%
 214221 99576       13.5359    30       16.6243       12.0718  4136348   27.38%
 220156 101818       15.3397    28       16.6243       12.0718  4250506   27.38%
 226425 104345       15.5123    17       16.6243       12.0718  4366041   27.38%
 232491 106765       14.4692    36       16.6243       12.0718  4482328   27.38%
 238918 109155       13.7803    20       16.6243       12.1581  4596085   26.87%
 245641 111739       15.8666    23       16.6243       12.1581  4709192   26.87%
 252244 114108       14.2444    21       16.6243       12.2145  4822387   26.53%
Elapsed real time =  31.61 sec. (tree size = 44.29 MB, solutions = 58)
 259005 116636       15.5849    20       16.6243       12.2592  4933514   26.26%
 265234 119086       13.3307    24       16.6243       12.2679  5049410   26.20%
 271111 121241       15.1581    21       16.6243       12.2679  5170679   26.20%
 277649 123442       15.6849    22       16.6243       12.3542  5288468   25.69%
 284362 125675       14.5123    19       16.6243       12.4260  5401888   25.25%
 291025 128164       15.6940    31       16.6243       12.4260  5515142   25.25%
 297648 130315    infeasible             16.6243       12.5123  5631035   24.73%
 304616 132867       14.7803    25       16.6243       12.5314  5742772   24.62%
 311201 135315       12.5359    33       16.6243       12.5359  5856501   24.59%
 317683 137681       14.8038    24       16.6243       12.5359  5968931   24.59%
Elapsed real time =  38.82 sec. (tree size = 54.69 MB, solutions = 58)
 323847 139988       12.5359    33       16.6243       12.5359  6083152   24.59%
 330453 142471       12.5359    33       16.6243       12.5359  6195419   24.59%
 336720 144752       12.9764    38       16.6243       12.5359  6305988   24.59%
 342617 147120       13.9810    30       16.6243       12.5359  6413807   24.59%
 348337 149279       15.5986    16       16.6243       12.5359  6517872   24.59%
 354190 151430       14.3162    30       16.6243       12.5359  6628361   24.59%
 360291 153450       14.2444    30       16.6243       12.5986  6732842   24.22%
 366988 155794       13.7921    32       16.6243       12.6077  6831590   24.16%
 373299 157994       15.7085    21       16.6243       12.6222  6935695   24.07%
 379532 160139       15.7803    17       16.6243       12.6388  7045202   23.97%
Elapsed real time =  46.01 sec. (tree size = 64.32 MB, solutions = 58)
 385810 162248       14.7803    31       16.6243       12.6940  7145957   23.64%
 392239 164344       15.5986    17       16.6243       12.7169  7252781   23.50%
 398681 166419       15.5525    18       16.6243       12.8038  7356068   22.98%
 405508 168620       15.5986    19       16.6243       12.8038  7460273   22.98%
 411958 170799       14.0718    19       16.6243       12.8038  7565633   22.98%
 418281 172917       14.1581    28       16.6243       12.8038  7671068   22.98%
 424848 175121       14.4260    24       16.6243       12.8038  7773891   22.98%
 430859 177148       13.3038    35       16.6243       12.8038  7877539   22.98%
 436963 179238       14.4888    31       16.6243       12.8038  7982128   22.98%
 443246 181201       14.9146    23       16.6243       12.8283  8089297   22.83%
Elapsed real time =  53.14 sec. (tree size = 72.62 MB, solutions = 58)
 450058 183341       15.5986    18       16.6243       12.8666  8188767   22.60%
 456850 185426       15.5986    20       16.6243       12.8901  8288788   22.46%
 463676 187649       15.6849    18       16.6243       12.8901  8390250   22.46%
 470122 189758       13.1581    39       16.6243       12.8901  8497405   22.46%
 476626 191881       15.5123    19       16.6243       12.8901  8601675   22.46%
 483105 193998       15.3470    26       16.6243       12.8901  8706699   22.46%
 489717 196101       15.0166    25       16.6243       12.9259  8810121   22.25%
 496475 198077       15.0392    21       16.6243       12.9529  8912643   22.08%
 503303 200257       15.8901    20       16.6243       12.9764  9009365   21.94%
 529434 209011       15.2679    28       16.6243       13.0000  9408658   21.80%
Elapsed real time =  62.36 sec. (tree size = 84.67 MB, solutions = 58)
 555827 216667       15.8756    22       16.6243       13.0718  9800992   21.37%
 582095 224562       16.0021    16       16.6243       13.0718 10194185   21.37%
 609185 231759       15.8674    19       16.6243       13.1581 10581754   20.85%
 635992 239525       15.5986    22       16.6243       13.1581 10987134   20.85%
 662731 247412       16.0718    25       16.6243       13.1581 11396272   20.85%
 689367 254427       13.2444    27       16.6243       13.2444 11793283   20.33%
 717614 262530       14.5359    23       16.6243       13.2627 12173207   20.22%
 743705 270082       15.4333    33       16.6243       13.2679 12577493   20.19%
 771894 277624       15.0156    18       16.6243       13.3071 12966245   19.95%
 800321 285176       15.6940    21       16.6243       13.3397 13347877   19.76%
Elapsed real time =  90.68 sec. (tree size = 118.18 MB, solutions = 58)
 828823 291616       13.4025    25       16.6243       13.4025 13728473   19.38%
 856934 298713       16.1345    19       16.6243       13.4260 14110092   19.24%
 885108 305690       14.9692    29       16.6243       13.4260 14496590   19.24%
 914735 311601       15.5986    20       16.6243       13.5123 14867279   18.72%
 943403 318102       14.2688    25       16.6243       13.5123 15220781   18.72%
 971147 324307       15.8038    20       16.6243       13.5359 15579428   18.58%
 997806 330853       13.5359    28       16.6243       13.5359 15951071   18.58%
 1024693 337479       14.8784    21       16.6243       13.5359 16327915   18.58%
 1051232 344126       14.5359    33       16.6243       13.5359 16705379   18.58%
 1077127 350615       13.9764    26       16.6243       13.5359 17090956   18.58%
Elapsed real time = 119.67 sec. (tree size = 144.63 MB, solutions = 58)
Nodefile size = 16.70 MB (10.06 MB after compression)
 1103382 356293       15.5869    21       16.6243       13.5718 17466092   18.36%
 1132293 362248       13.5986    29       16.6243       13.5986 17813154   18.20%
 1161350 368622       15.8666    26       16.6243       13.5986 18164236   18.20%
 1190616 374944       14.2208    25       16.6243       13.5986 18514380   18.20%
 1218561 380490       15.2679    23       16.6243       13.6222 18867545   18.06%
 1245898 386790        cutoff             16.6243       13.6222 19236872   18.06%
 1274287 392734       14.1702    22       16.6243       13.6388 19596906   17.96%
 1304885 397854       15.4025    15       16.6243       13.6849 19941195   17.68%
 1334658 403467       13.6940    30       16.6243       13.6940 20281778   17.63%
 1364456 408942       15.5123    22       16.6243       13.7012 20629039   17.58%
Elapsed real time = 148.98 sec. (tree size = 168.31 MB, solutions = 58)
Nodefile size = 40.65 MB (24.01 MB after compression)
 1394947 414061       14.2342    29       16.6243       13.7342 20975961   17.39%
 1425781 418753       16.0482    17       16.6243       13.7803 21318067   17.11%
 1455443 424290       16.0482    22       16.6243       13.7803 21672329   17.11%
 1484922 429784       14.2208    33       16.6243       13.7803 22020618   17.11%
 1514428 434732       15.5692    13       16.6243       13.8038 22375727   16.97%
 1543560 439922       13.8038    32       16.6243       13.8038 22732580   16.97%
 1572830 445412       14.4662    27       16.6243       13.8038 23091064   16.97%
 1601994 451010       15.8666    20       16.6243       13.8038 23451736   16.97%
 1630194 456325       13.8038    24       16.6243       13.8038 23820892   16.97%
 1660412 460733       14.0318    24       16.6243       13.8380 24173741   16.76%
Elapsed real time = 178.35 sec. (tree size = 189.36 MB, solutions = 58)
Nodefile size = 61.63 MB (35.88 MB after compression)
 1691242 465424       13.8666    23       16.6243       13.8666 24512644   16.59%
 1721990 470660       15.9888    24       16.6243       13.8666 24852490   16.59%
 1752541 475764       15.0006    34       16.6243       13.8666 25200210   16.59%
 1782680 480516       14.4260    21       16.6243       13.8901 25550640   16.45%
 1812318 485587       15.9764    23       16.6243       13.8901 25906994   16.45%
 1841722 490835       14.2846    21       16.6243       13.8901 26261677   16.45%
 1870599 496133       13.8901    26       16.6243       13.8901 26624654   16.45%
 1899493 501205       15.1581    18       16.6243       13.8901 26984569   16.45%
 1927645 506484       15.5359    17       16.6243       13.8901 27352460   16.45%
 1956016 511940       15.5359    20       16.6243       13.8901 27722273   16.45%
Elapsed real time = 207.74 sec. (tree size = 210.17 MB, solutions = 58)
Nodefile size = 82.63 MB (47.77 MB after compression)
 1987906 515599       14.6895    32       16.6243       13.9260 28063565   16.23%
 2019659 519390       13.9529    24       16.6243       13.9529 28401052   16.07%
 2051658 524020       14.7758    19       16.6243       13.9529 28732009   16.07%
 2083152 528462       15.5290    20       16.6243       13.9619 29073342   16.02%
 2114775 532672       14.3307    23       16.6243       13.9764 29415061   15.93%
 2145816 537488       14.7803    23       16.6243       13.9764 29759897   15.93%
 2175816 542367       14.7758    27       16.6243       13.9764 30115387   15.93%
 2206426 546797       13.9931    22       16.6243       13.9931 30466396   15.83%
 2238992 550551       16.6222    25       16.6243       14.0000 30797175   15.79%
 2269903 554842       15.1029    25       16.6243       14.0166 31147089   15.69%
Elapsed real time = 237.09 sec. (tree size = 227.64 MB, solutions = 58)
Nodefile size = 99.62 MB (57.42 MB after compression)
 2302643 557856       15.2610    15       16.6243       14.0392 31474714   15.55%
 2334977 561503       15.0482    19       16.6243       14.0482 31815879   15.50%
 2366606 565395       14.4260    23       16.6243       14.0482 32150312   15.50%
 2398918 568825       14.7803    29       16.6243       14.0627 32493569   15.41%
 2429235 573174       15.0718    24       16.6243       14.0718 32844200   15.35%
 2459863 577465       14.4260    21       16.6243       14.0718 33196351   15.35%
 2491057 581629       15.1581    26       16.6243       14.0718 33547562   15.35%
 2521469 585850       15.1581    23       16.6243       14.0718 33901341   15.35%
 2551515 590249       14.1350    36       16.6243       14.0718 34263094   15.35%
 2583530 593831       15.3875    17       16.6243       14.0794 34607086   15.31%
Elapsed real time = 266.33 sec. (tree size = 243.52 MB, solutions = 58)
Nodefile size = 115.62 MB (66.42 MB after compression)
 2617811 596497       14.1742    24       16.6243       14.1110 34929156   15.12%
 2651000 599424        cutoff             16.6243       14.1345 35244757   14.98%
 2683581 603386       15.4427    25       16.6243       14.1345 35575936   14.98%
 2716891 606045       15.5290    17       16.6243       14.1536 35903726   14.86%
 2747649 610097       15.1581    21       16.6243       14.1581 36247980   14.84%
 2778246 614090       14.1581    22       16.6243       14.1581 36596354   14.84%
 2809363 618433       14.7096    17       16.6243       14.1581 36935045   14.84%
 2840485 622654       15.5123    21       16.6243       14.1581 37276487   14.84%
 2870928 627176       16.5986    22       16.6243       14.1581 37621767   14.84%
 2901678 631637        cutoff             16.6243       14.1581 37970871   14.84%
Elapsed real time = 295.66 sec. (tree size = 259.12 MB, solutions = 58)
Nodefile size = 131.62 MB (75.25 MB after compression)
 2932263 636151       15.1581    17       16.6243       14.1581 38321274   14.84%
 2962583 640412       16.1581    18       16.6243       14.1581 38669452   14.84%
 2993133 645186       14.1581    35       16.6243       14.1581 39022838   14.84%
 3023252 649802       15.4260    33       16.6243       14.1581 39374951   14.84%
 3053331 654138       15.2444    26       16.6243       14.1581 39730811   14.84%
 3083142 658665       14.1581    20       16.6243       14.1581 40091089   14.84%
 3117542 660846       15.6094    17       16.6243       14.1747 40406539   14.74%
 3151345 662704       14.9548    19       16.6243       14.1983 40733981   14.59%
 3185186 665005       15.5751    19       16.6243       14.2208 41061686   14.46%
 3217973 668374       15.3548    18       16.6243       14.2208 41392199   14.46%
Elapsed real time = 324.85 sec. (tree size = 274.33 MB, solutions = 58)
Nodefile size = 146.61 MB (83.38 MB after compression)
 3250702 671963       14.3473    24       16.6243       14.2208 41716672   14.46%
 3284146 674772       15.6042    21       16.6243       14.2290 42045235   14.41%
 3318317 677255       14.2444    26       16.6243       14.2444 42364428   14.32%
 3350844 680720       16.3012    21       16.6243       14.2444 42701173   14.32%
 3383343 684053       14.2444    26       16.6243       14.2444 43032809   14.32%
 3415721 687778       15.4025    20       16.6243       14.2444 43370908   14.32%
 3448049 691572       15.5078    24       16.6243       14.2444 43704988   14.32%
 3480403 695420       14.7803    25       16.6243       14.2444 44044612   14.32%
 3512315 699240       14.4215    29       16.6243       14.2444 44379165   14.32%
 3544087 703261       14.2444    30       16.6243       14.2444 44721005   14.32%
Elapsed real time = 353.97 sec. (tree size = 288.70 MB, solutions = 58)
Nodefile size = 160.61 MB (91.12 MB after compression)
 3575204 707287       15.8666    16       16.6243       14.2444 45070305   14.32%
 3608911 709881       14.2610    24       16.6243       14.2610 45399788   14.22%
 3642884 711755       15.5525    15       16.6243       14.2679 45720313   14.17%
 3673674 715580       14.4019    31       16.6243       14.2679 46066498   14.17%
 3704379 719660       15.2679    31       16.6243       14.2679 46419007   14.17%
 3734464 723826       14.2679    26       16.6243       14.2679 46773509   14.17%
 3766468 726708       15.2846    19       16.6243       14.2846 47116863   14.07%
 3800452 728227       14.9186    19       16.6243       14.2846 47435351   14.07%
 3834019 729936       15.1517    19       16.6243       14.2993 47760302   13.99%
 3868022 732385       14.3071    22       16.6243       14.3071 48073958   13.94%
Elapsed real time = 383.18 sec. (tree size = 300.75 MB, solutions = 58)
Nodefile size = 173.61 MB (98.26 MB after compression)
 3901628 734921       15.1345    23       16.6243       14.3162 48393689   13.88%
 3935761 737355       14.3162    29       16.6243       14.3162 48709341   13.88%
 3970473 739351       15.5986    16       16.6243       14.3307 49032887   13.80%
 4003514 741992       14.3307    24       16.6243       14.3307 49361680   13.80%
 4035878 744877    infeasible             16.6243       14.3307 49686285   13.80%
 4068174 747920       15.2208    23       16.6243       14.3307 50022764   13.80%
 4100745 751051       14.3397    21       16.6243       14.3397 50361207   13.74%
 4132541 754082       14.3397    19       16.6243       14.3397 50706338   13.74%
 4164151 757367       14.3397    28       16.6243       14.3397 51049459   13.74%
 4195122 760968       15.4427    19       16.6243       14.3397 51405843   13.74%
Elapsed real time = 412.23 sec. (tree size = 312.56 MB, solutions = 58)
Nodefile size = 184.61 MB (104.33 MB after compression)
 4229242 762739       14.3473    23       16.6243       14.3473 51726780   13.70%
 4263239 764620       15.5123    27       16.6243       14.3542 52049250   13.66%
 4296138 766775       15.5123    25       16.6243       14.3666 52385663   13.58%
 4331522 767973       14.3711    39       16.6243       14.3711 52706708   13.55%
 4367558 768301       14.3980    27       16.6243       14.3956 53016159   13.41%
 4401813 769481       14.4030    20       16.6243       14.4030 53339493   13.36%
 4436883 770599       15.9260    14       16.6243       14.4260 53667481   13.22%
 4469381 773918       16.3162    17       16.6243       14.4260 54003107   13.22%
 4502221 777144       15.5123    22       16.6243       14.4260 54342444   13.22%
 4535315 779940       15.8564    16       16.6243       14.4260 54678199   13.22%
Elapsed real time = 441.60 sec. (tree size = 320.41 MB, solutions = 58)
Nodefile size = 192.61 MB (108.82 MB after compression)
 4568053 783098       15.5123    23       16.6243       14.4260 55018093   13.22%
 4600380 786282       15.0718    27       16.6243       14.4260 55358684   13.22%
 4633023 789522       14.7803    23       16.6243       14.4260 55701402   13.22%
 4665275 792833       14.4260    28       16.6243       14.4260 56042377   13.22%
 4698601 795170       14.4336    27       16.6243       14.4336 56379409   13.18%
 4734881 795247       15.8901    16       16.6243       14.4572 56692847   13.04%
 4770575 795300       15.4427    17       16.6243       14.4692 57015458   12.96%
 4806396 796125       15.4264    24       16.6243       14.4888 57334426   12.85%
 4841243 797327       15.0986    20       16.6243       14.4914 57662577   12.83%
 4876252 798519       14.5123    30       16.6243       14.5123 57982336   12.70%
Elapsed real time = 470.87 sec. (tree size = 328.17 MB, solutions = 58)
Nodefile size = 200.60 MB (113.33 MB after compression)
 4909595 800970       14.5123    22       16.6243       14.5123 58318928   12.70%
 4943019 803522       14.5123    22       16.6243       14.5123 58651289   12.70%
 4975761 805957       15.5986    14       16.6243       14.5123 58985204   12.70%
 5009079 808533       14.5123    22       16.6243       14.5123 59314686   12.70%
 5042076 811258       15.0482    19       16.6243       14.5123 59650966   12.70%
 5075015 813936       15.5123    16       16.6243       14.5123 59988744   12.70%
 5107335 816875       15.5986    18       16.6243       14.5123 60325293   12.70%
 5140093 819812       14.5123    23       16.6243       14.5123 60666598   12.70%
 5172779 822598       15.5123    16       16.6243       14.5123 61001921   12.70%
 5204751 825587       14.5123    20       16.6243       14.5123 61342262   12.70%
Elapsed real time = 500.08 sec. (tree size = 339.34 MB, solutions = 58)
Nodefile size = 211.60 MB (119.51 MB after compression)
 5239670 826569       15.5290    22       16.6243       14.5290 61660114   12.60%
 5274301 827973       15.1699    25       16.6243       14.5359 61986767   12.56%
 5305976 830731       14.5359    21       16.6243       14.5359 62335866   12.56%
 5338576 833517       15.8038    28       16.6243       14.5359 62666636   12.56%
 5370739 836501       14.5359    21       16.6243       14.5359 63007014   12.56%
 5402646 839700       15.0718    22       16.6243       14.5359 63348533   12.56%
 5433982 842825       15.0241    22       16.6243       14.5359 63691995   12.56%
 5465381 845847       14.5359    20       16.6243       14.5359 64040253   12.56%
 5496642 848999       15.3307    18       16.6243       14.5359 64391301   12.56%
 5530209 850890       14.5525    12       16.6243       14.5525 64724715   12.46%
Elapsed real time = 529.37 sec. (tree size = 349.77 MB, solutions = 58)
Nodefile size = 222.60 MB (125.59 MB after compression)
 5566235 851381       14.5525    18       16.6243       14.5525 65040840   12.46%
 5601751 852047       14.8352    30       16.6243       14.5673 65364448   12.37%
 5637446 852076       16.0333    18       16.6243       14.5756 65675172   12.32%
 5672718 851812       14.5986    20       16.6243       14.5959 65992502   12.20%
 5706747 853724       15.5986    25       16.6243       14.5986 66308102   12.19%
 5740258 855543       15.5986    13       16.6243       14.5986 66625580   12.19%
 5774503 857195       14.6619    21       16.6243       14.5986 66949009   12.19%
 5808491 859196       14.5986    27       16.6243       14.5986 67276701   12.19%
 5842424 861299       14.5986    22       16.6243       14.5986 67602921   12.19%
 5876097 863522       15.1345    21       16.6243       14.5986 67932640   12.19%
Elapsed real time = 558.60 sec. (tree size = 355.00 MB, solutions = 58)
Nodefile size = 227.60 MB (128.53 MB after compression)
 5909461 865912       14.5986    31       16.6243       14.5986 68265448   12.19%
 5942719 868483    infeasible             16.6243       14.5986 68601128   12.19%
 5976750 870031       15.1436    21       16.6243       14.6077 68934881   12.13%
 6012542 870261       14.6153    25       16.6243       14.6153 69244054   12.08%
 6047523 871623       15.2444    23       16.6243       14.6222 69567971   12.04%
 6080854 873888       14.6222    23       16.6243       14.6222 69900201   12.04%
 6114526 876333       15.6222    28       16.6243       14.6222 70229452   12.04%
 6147547 879210       15.1653    25       16.6243       14.6222 70561697   12.04%
 6179971 881922       16.6222    21       16.6243       14.6222 70905748   12.04%
 6211584 884959       14.7993    31       16.6243       14.6222 71250914   12.04%
Elapsed real time = 587.73 sec. (tree size = 363.82 MB, solutions = 58)
Nodefile size = 236.60 MB (133.64 MB after compression)
 6242410 888025       14.7487    36       16.6243       14.6222 71608536   12.04%
 6276004 888927       14.6388    14       16.6243       14.6388 71918348   11.94%
 6312488 888260       14.6388    26       16.6243       14.6388 72186161   11.94%
 6348641 887761       14.9529    25       16.6243       14.6418 72458959   11.93%
 6384918 886930       14.6614    23       16.6243       14.6614 72725683   11.81%
 6421286 886206       15.1704    23       16.6243       14.6704 72996360   11.75%
 6457815 885588       15.7803    14       16.6243       14.6849 73262429   11.67%
 6492973 886217       14.6849    22       16.6243       14.6849 73542399   11.67%
 6526988 887198       14.9186    26       16.6243       14.6854 73833848   11.66%
 6561646 887889       15.1940    13       16.6243       14.6940 74114832   11.61%
Elapsed real time = 618.72 sec. (tree size = 365.20 MB, solutions = 58)
Nodefile size = 238.60 MB (134.76 MB after compression)
 6596409 888727       15.4025    33       16.6243       14.6940 74398621   11.61%
 6631004 889741       14.6940    23       16.6243       14.6940 74685268   11.61%
 6664709 890856       15.2299    30       16.6243       14.6940 74983588   11.61%
 6700753 890071       14.7085    21       16.6243       14.7082 75256391   11.53%
 6734862 891160       14.7085    18       16.6243       14.7085 75545748   11.52%
 6770593 890370       15.7134    15       16.6243       14.7251 75816979   11.42%
 6807765 888910    infeasible             16.6243       14.7251 76084450   11.42%
 6845171 886730       15.1029    18       16.6243       14.7487 76349864   11.28%
 6882199 885035       15.2649    30       16.6243       14.7645 76616641   11.19%
 6918446 883956       15.3162    17       16.6243       14.7803 76889983   11.09%
Elapsed real time = 650.11 sec. (tree size = 363.88 MB, solutions = 58)
Nodefile size = 239.60 MB (135.36 MB after compression)
 6953103 884989       14.7803    14       16.6243       14.7803 77171512   11.09%
 6987691 885751       15.3162    22       16.6243       14.7803 77454911   11.09%
 7022631 886700       15.6546    24       16.6243       14.7803 77737786   11.09%
 7057330 887865       14.7803    20       16.6243       14.7803 78022644   11.09%
 7091464 888855       14.7803    23       16.6243       14.7803 78310316   11.09%
 7125656 890040       16.0482    22       16.6243       14.7803 78599047   11.09%
 7159917 891180       14.7803    25       16.6243       14.7803 78886525   11.09%
 7193788 892231       16.2610     9       16.6243       14.7803 79177603   11.09%
 7227711 893141       15.4427    16       16.6243       14.7803 79472027   11.09%
 7261000 894070       15.4260    25       16.6243       14.7803 79765854   11.09%
Elapsed real time = 681.33 sec. (tree size = 368.09 MB, solutions = 58)
Nodefile size = 240.60 MB (135.96 MB after compression)
 7298407 892117        cutoff             16.6243       14.8038 80024400   10.95%
 7332419 893233       15.5525    23       16.6243       14.8038 80315398   10.95%
 7366228 894239       14.8038    22       16.6243       14.8038 80620586   10.95%
 7400721 895086       15.8038    24       16.6243       14.8038 80952575   10.95%
 7434610 896400       15.4662    26       16.6243       14.8038 81279663   10.95%
 7468838 897921       16.0718    27       16.6243       14.8038 81610654   10.95%
 7502618 899677       14.8038    26       16.6243       14.8038 81947161   10.95%
 7535506 901266       15.6149    23       16.6243       14.8038 82283017   10.95%
 7567771 903186       14.8038    28       16.6243       14.8038 82625634   10.95%
 7601504 904338       14.8114    20       16.6243       14.8114 82965556   10.91%
Elapsed real time = 711.11 sec. (tree size = 372.43 MB, solutions = 58)
Nodefile size = 244.59 MB (138.31 MB after compression)
 7640115 902134       14.8205    25       16.6243       14.8205 83262909   10.85%
 7677773 900150       14.8205    20       16.6243       14.8205 83572623   10.85%
 7716778 897128       15.4786    21       16.6243       14.8521 83869874   10.66%
 7754620 895991       14.9931    22       16.6243       14.8666 84171513   10.57%
 7791301 896070       15.2208    20       16.6243       14.8666 84483496   10.57%
 7827626 896288       14.8666    19       16.6243       14.8666 84799739   10.57%
 7864093 896691    infeasible             16.6243       14.8666 85112493   10.57%
 7900522 897122       14.8666    27       16.6243       14.8666 85430775   10.57%
*7918425+897311                           16.6243       14.8666 85585790   10.57%
 7925763 897276       15.4888    19       16.6243       14.8666 85649785   10.57%
 7951927 897592       15.4025    22       16.6243       14.8666 85890427   10.57%
Elapsed real time = 740.79 sec. (tree size = 369.88 MB, solutions = 58)
Nodefile size = 244.59 MB (138.31 MB after compression)
 7987530 897796       15.6388    24       16.6243       14.8666 86215230   10.57%
 8024600 896643       14.8829    20       16.6243       14.8829 86531446   10.48%
 8062009 895284       14.8901    29       16.6243       14.8901 86841669   10.43%
 8097213 895974       15.8901    17       16.6243       14.8901 87170552   10.43%
 8132542 896393       15.1581    20       16.6243       14.8901 87495289   10.43%
 8168232 896683       14.8901    43       16.6243       14.8901 87821487   10.43%
 8203182 897329       16.0123    17       16.6243       14.8901 88152342   10.43%
 8238045 898207       14.8901    27       16.6243       14.8901 88487486   10.43%
 8272605 899396       16.5841    14       16.6243       14.8901 88820917   10.43%
 8306674 900530       14.8901    22       16.6243       14.8901 89158979   10.43%
Elapsed real time = 769.70 sec. (tree size = 371.30 MB, solutions = 58)
Nodefile size = 244.59 MB (138.31 MB after compression)
 8340566 902019       14.8901    23       16.6243       14.8901 89500805   10.43%
 8374488 903385       14.8901    24       16.6243       14.8901 89841325   10.43%
 8407685 905054       15.5986    27       16.6243       14.8901 90183730   10.43%
 8440696 906825       15.5123    15       16.6243       14.8901 90527534   10.43%
 8474112 908303       15.4888    17       16.6243       14.8939 90874382   10.41%
 8512670 905759       14.9068    16       16.6243       14.9068 91178397   10.33%
 8550851 903408       14.9068    19       16.6243       14.9068 91485344   10.33%
 8588872 901225       14.9068    22       16.6243       14.9068 91792406   10.33%
 8627115 898798       15.8430    17       16.6243       14.9293 92095624   10.20%
 8664983 896409       14.9303    27       16.6243       14.9303 92404968   10.19%
Elapsed real time = 798.99 sec. (tree size = 369.83 MB, solutions = 58)
Nodefile size = 246.59 MB (139.48 MB after compression)
 8703636 893032       14.9529    25       16.6243       14.9529 92713786   10.05%
 8740952 891985       14.9529    18       16.6243       14.9529 93021957   10.05%
 8778039 891094       14.9529    29       16.6243       14.9529 93332175   10.05%
 8814916 890397       16.3473    11       16.6243       14.9529 93646437   10.05%
 8850969 889855       14.9529    20       16.6243       14.9529 93970224   10.05%
 8887126 889548       14.9529    22       16.6243       14.9529 94295732   10.05%
 8923964 889271       15.4025    21       16.6243       14.9619 94609512   10.00%
 8960913 889008       15.4427    17       16.6243       14.9619 94926080   10.00%
 8997201 888730       14.9619    29       16.6243       14.9619 95249277   10.00%
 9035875 885920       15.5123    21       16.6243       14.9764 95551701    9.91%
Elapsed real time = 828.25 sec. (tree size = 365.85 MB, solutions = 58)
Nodefile size = 246.59 MB (139.48 MB after compression)
 9072284 885196       16.2610    24       16.6243       14.9764 95871427    9.91%
 9108496 884483       14.9764    31       16.6243       14.9764 96195982    9.91%
 9145205 883867       14.9764    17       16.6243       14.9764 96514798    9.91%
 9181023 883518       14.9764    23       16.6243       14.9764 96843561    9.91%
 9216554 883634       14.9764    22       16.6243       14.9764 97174758    9.91%
 9251049 883861       14.9764    25       16.6243       14.9764 97515059    9.91%
 9288757 881819       15.3473    16       16.6243       14.9931 97825089    9.81%
 9328290 877816       16.5456    11       16.6243       14.9931 98128761    9.81%
 9366061 875834       15.6222    15       16.6243       15.0000 98441412    9.77%
 9400955 875389       15.5123    28       16.6243       15.0123 98774695    9.70%
Elapsed real time = 857.58 sec. (tree size = 361.87 MB, solutions = 58)
Nodefile size = 246.59 MB (139.48 MB after compression)
 9439501 871207       15.0241    17       16.6243       15.0231 99090566    9.63%
 9479453 866621       15.4797    23       16.6243       15.0392 99393163    9.54%
 9517116 864860       15.8907    13       16.6243       15.0482 99704755    9.48%
 9554769 863192       15.0482    19       16.6243       15.0482 1.00e+08    9.48%
 9591492 861355       15.0482    22       16.6243       15.0482 1.00e+08    9.48%
 9627289 859863       15.0490    24       16.6243       15.0482 1.01e+08    9.48%
 9663521 856620       15.0627    21       16.6243       15.0627 1.01e+08    9.39%
 9698045 855031       15.6077    19       16.6243       15.0718 1.01e+08    9.34%
 9732567 854025       15.0718    16       16.6243       15.0718 1.02e+08    9.34%
 9766752 853247       15.1983    19       16.6243       15.0718 1.02e+08    9.34%
Elapsed real time = 888.21 sec. (tree size = 352.73 MB, solutions = 58)
Nodefile size = 225.53 MB (129.02 MB after compression)
 9800740 852957    infeasible             16.6243       15.0718 1.02e+08    9.34%
 9833965 852996       15.0718    30       16.6243       15.0718 1.03e+08    9.34%
 9867369 852988       15.0718    29       16.6243       15.0718 1.03e+08    9.34%
 9904671 849457       15.0794    19       16.6243       15.0794 1.03e+08    9.29%
 9944252 845025       15.0884    19       16.6243       15.0884 1.03e+08    9.24%
 9985202 838387    infeasible             16.6243       15.1200 1.04e+08    9.05%
 10023980 835020       16.0482    23       16.6243       15.1345 1.04e+08    8.96%
 10062589 832209       15.1345    19       16.6243       15.1345 1.04e+08    8.96%
 10100542 829474       15.1747    18       16.6243       15.1345 1.05e+08    8.96%
 10139212 825328       15.1512    24       16.6243       15.1512 1.05e+08    8.86%
Elapsed real time = 918.83 sec. (tree size = 341.59 MB, solutions = 58)
Nodefile size = 215.45 MB (124.04 MB after compression)
 10177338 822895       15.1581    25       16.6243       15.1581 1.05e+08    8.82%
 10214404 821180       15.5123    20       16.6243       15.1581 1.06e+08    8.82%
 10251392 819320       15.1581    19       16.6243       15.1581 1.06e+08    8.82%
 10288406 817273       15.1581    23       16.6243       15.1581 1.06e+08    8.82%
 10325779 815409       15.1581    20       16.6243       15.1581 1.07e+08    8.82%
 10362997 813655       15.1581    16       16.6243       15.1581 1.07e+08    8.82%
 10399093 812326       15.1581    22       16.6243       15.1581 1.07e+08    8.82%
 10435964 810875       15.2610    19       16.6243       15.1581 1.08e+08    8.82%
 10471962 809654       15.1581    19       16.6243       15.1581 1.08e+08    8.82%
 10508310 808532       15.1581    24       16.6243       15.1581 1.08e+08    8.82%
Elapsed real time = 948.47 sec. (tree size = 334.90 MB, solutions = 58)
Nodefile size = 207.41 MB (119.53 MB after compression)
 10543474 807561       15.1581    18       16.6243       15.1581 1.09e+08    8.82%
 10578865 806847       15.1581    26       16.6243       15.1581 1.09e+08    8.82%
 10614273 806037       15.1581    21       16.6243       15.1581 1.09e+08    8.82%
 10648934 805410       15.5123    20       16.6243       15.1581 1.10e+08    8.82%
 10686401 802913       15.1747    18       16.6243       15.1747 1.10e+08    8.72%
 10725588 797594       15.1747    14       16.6243       15.1747 1.10e+08    8.72%
 10765314 792301       15.1782    23       16.6243       15.1782 1.10e+08    8.70%
 10805288 786374       15.1983    18       16.6243       15.1983 1.11e+08    8.58%
 10845536 780284       15.2610    16       16.6243       15.2208 1.11e+08    8.44%
 10884237 776815       15.2610    17       16.6243       15.2208 1.11e+08    8.44%
Elapsed real time = 979.00 sec. (tree size = 322.13 MB, solutions = 58)
Nodefile size = 195.33 MB (113.23 MB after compression)
 10922871 773381       15.8473    18       16.6243       15.2208 1.12e+08    8.44%
 10961042 770139       15.2685    28       16.6243       15.2208 1.12e+08    8.44%
 11000800 764489       15.3709    16       16.6243       15.2444 1.12e+08    8.30%
 11039214 761430       15.3307    33       16.6243       15.2444 1.13e+08    8.30%
 11077353 758316       15.5986    17       16.6243       15.2444 1.13e+08    8.30%
 11115592 755099       15.2444    15       16.6243       15.2444 1.13e+08    8.30%
 11153499 752065       15.4215    17       16.6243       15.2444 1.14e+08    8.30%
 11191580 749089       15.2444    14       16.6243       15.2444 1.14e+08    8.30%
 11229331 746360       15.2444    18       16.6243       15.2444 1.14e+08    8.30%
 11266791 744090       15.2444    23       16.6243       15.2444 1.14e+08    8.30%
Elapsed real time = 1009.00 sec. (tree size = 308.92 MB, solutions = 58)
Nodefile size = 182.32 MB (105.96 MB after compression)
 11303963 741866       15.5123    26       16.6243       15.2444 1.15e+08    8.30%
 11340717 739844       15.2444    16       16.6243       15.2444 1.15e+08    8.30%
 11376967 738134       15.2444    27       16.6243       15.2444 1.15e+08    8.30%
 11413043 736381       15.2444    24       16.6243       15.2444 1.16e+08    8.30%
 11448801 734900       15.2444    21       16.6243       15.2444 1.16e+08    8.30%
 11489480 728562       15.3875    18       16.6243       15.2610 1.16e+08    8.20%
 11531000 721401       15.6153    17       16.6243       15.2610 1.17e+08    8.20%
 11569860 716929       15.6222    34       16.6243       15.2679 1.17e+08    8.16%
 11606581 714856       15.2679    23       16.6243       15.2679 1.17e+08    8.16%
 11641344 713858       16.1222    29       16.6243       15.2679 1.18e+08    8.16%
Elapsed real time = 1038.87 sec. (tree size = 296.77 MB, solutions = 58)
Nodefile size = 170.31 MB (99.19 MB after compression)
 11680346 708158    infeasible             16.6243       15.2846 1.18e+08    8.06%
 11722604 699947       15.2846    16       16.6243       15.2846 1.18e+08    8.06%
 11765517 691125       15.8012    13       16.6243       15.3012 1.19e+08    7.96%
 11807598 683950       15.3162    20       16.6243       15.3162 1.19e+08    7.87%
 11848885 677454       15.3162    19       16.6243       15.3162 1.19e+08    7.87%
 11890419 670070       15.3307    21       16.6243       15.3307 1.20e+08    7.78%
 11930221 664095       15.3307    19       16.6243       15.3307 1.20e+08    7.78%
 11968890 659513       15.3307    29       16.6243       15.3307 1.20e+08    7.78%
 12007711 655671       15.8756    14       16.6243       15.3397 1.20e+08    7.73%
 12046789 652192       15.6709    18       16.6243       15.3397 1.21e+08    7.73%
Elapsed real time = 1069.51 sec. (tree size = 271.88 MB, solutions = 58)
Nodefile size = 151.31 MB (88.55 MB after compression)
 12084620 649232       15.9143    20       16.6243       15.3397 1.21e+08    7.73%
 12122820 645361       15.3473    18       16.6243       15.3473 1.21e+08    7.68%
 12166169 635505       15.3542    20       16.6243       15.3542 1.22e+08    7.64%
 12206748 628041       15.3709    24       16.6243       15.3709 1.22e+08    7.54%
 12252008 615559       15.7803    18       16.6243       15.4025 1.22e+08    7.35%
 12293322 608769       15.4025    22       16.6243       15.4025 1.23e+08    7.35%
 12335974 599750    infeasible             16.6243       15.4215 1.23e+08    7.24%
 12375420 594871       15.4260    25       16.6243       15.4260 1.23e+08    7.21%
 12415042 589764       15.4260    18       16.6243       15.4260 1.24e+08    7.21%
 12454596 584578       16.0482    15       16.6243       15.4260 1.24e+08    7.21%
Elapsed real time = 1100.30 sec. (tree size = 244.78 MB, solutions = 58)
Nodefile size = 134.31 MB (79.01 MB after compression)
 12493719 579840       16.4829    16       16.6243       15.4260 1.24e+08    7.21%
 12532705 575365       15.4260    13       16.6243       15.4260 1.25e+08    7.21%
 12571055 571000       15.4260    21       16.6243       15.4260 1.25e+08    7.21%
 12609236 566795       15.6940    16       16.6243       15.4260 1.25e+08    7.21%
 12649306 559970       15.4427    17       16.6243       15.4427 1.25e+08    7.11%
 12694821 547813    infeasible             16.6243       15.4619 1.26e+08    6.99%
 12739798 536159       15.4829    16       16.6243       15.4829 1.26e+08    6.87%
 12783942 525822       15.4978    17       16.6243       15.4978 1.26e+08    6.78%
 12826167 517763       15.5123    24       16.6243       15.5123 1.27e+08    6.69%
 12867411 510432       16.0006    10       16.6243       15.5123 1.27e+08    6.69%
Elapsed real time = 1131.22 sec. (tree size = 215.12 MB, solutions = 58)
Nodefile size = 119.33 MB (70.50 MB after compression)
 12908433 502962       16.0482    19       16.6243       15.5123 1.27e+08    6.69%
 12949289 495907       15.5123    20       16.6243       15.5123 1.28e+08    6.69%
 12989911 489465       15.9529    26       16.6243       15.5123 1.28e+08    6.69%
 13029613 483373       16.0123    18       16.6243       15.5123 1.28e+08    6.69%
 13069318 477368       15.5123    21       16.6243       15.5123 1.29e+08    6.69%
 13108213 471841       15.5149    14       16.6243       15.5145 1.29e+08    6.68%
 13153609 459196       15.5359    21       16.6243       15.5359 1.29e+08    6.55%
 13193456 452715       15.5359    20       16.6243       15.5359 1.29e+08    6.55%
 13232616 447027       16.0359    24       16.6243       15.5359 1.30e+08    6.55%
 13271104 441440       15.5525    15       16.6243       15.5525 1.30e+08    6.45%
Elapsed real time = 1161.87 sec. (tree size = 187.54 MB, solutions = 58)
Nodefile size = 106.34 MB (62.94 MB after compression)
 13316893 427631       16.0525    16       16.6243       15.5525 1.30e+08    6.45%
 13364085 411990       15.5986    20       16.6243       15.5986 1.31e+08    6.17%
 13408575 399483       15.5986    20       16.6243       15.5986 1.31e+08    6.17%
 13451067 388908       15.5986    14       16.6243       15.5986 1.31e+08    6.17%
 13492027 381005       15.6077    24       16.6243       15.6077 1.32e+08    6.12%
 13536922 368283       15.6222    26       16.6243       15.6222 1.32e+08    6.03%
 13578193 360200       16.6153    14       16.6243       15.6222 1.32e+08    6.03%
 13622694 345703       15.6624    22       16.6243       15.6624 1.33e+08    5.79%
 13678098 316142    infeasible             16.6243       15.7758 1.33e+08    5.10%
 13731566 289433       15.8038    20       16.6243       15.8038 1.33e+08    4.94%
Elapsed real time = 1195.09 sec. (tree size = 126.72 MB, solutions = 58)
Nodefile size = 71.48 MB (42.35 MB after compression)
 13788985 257144       15.8901    25       16.6243       15.8901 1.34e+08    4.42%
 13842074 229822       15.9529    18       16.6243       15.9470 1.34e+08    4.07%
 13897641 198894       16.3542    26       16.6243       15.9931 1.34e+08    3.80%
 13940763 182709       16.5525    12       16.6243       16.0627 1.34e+08    3.38%
 13981502 169650       16.1345    17       16.6243       16.1345 1.35e+08    2.95%
 14014283 169708       16.1345    15       16.6243       16.1345 1.35e+08    2.95%
 14047237 169257       16.1345    14       16.6243       16.1345 1.35e+08    2.95%
 14079944 168584       16.4888    10       16.6243       16.1345 1.35e+08    2.95%
 14113160 167679       16.1581    15       16.6243       16.1581 1.36e+08    2.80%
 14146142 167404       16.5986    21       16.6243       16.1581 1.36e+08    2.80%
Elapsed real time = 1227.72 sec. (tree size = 77.63 MB, solutions = 58)
Nodefile size = 29.67 MB (17.63 MB after compression)
 14178111 167879       16.1581    10       16.6243       16.1581 1.36e+08    2.80%
 14210455 167861       16.1581    21       16.6243       16.1581 1.36e+08    2.80%
 14242921 168018        cutoff             16.6243       16.1581 1.36e+08    2.80%
 14275600 167964       16.1581    21       16.6243       16.1581 1.37e+08    2.80%
 14307033 168690       16.1581    15       16.6243       16.1581 1.37e+08    2.80%
 14339131 168874       16.1581    18       16.6243       16.1581 1.37e+08    2.80%
 14370700 169583        cutoff             16.6243       16.1581 1.37e+08    2.80%
 14402279 169552        cutoff             16.6243       16.1581 1.38e+08    2.80%
 14434791 169232       16.1581    15       16.6243       16.1581 1.38e+08    2.80%
 14466403 169583       16.1581    28       16.6243       16.1581 1.38e+08    2.80%
Elapsed real time = 1254.28 sec. (tree size = 78.39 MB, solutions = 58)
Nodefile size = 23.71 MB (14.08 MB after compression)
 14497275 170702       16.3473    21       16.6243       16.1657 1.38e+08    2.76%
 14530131 169628        cutoff             16.6243       16.1747 1.39e+08    2.70%
 14562820 168619       16.4619    17       16.6243       16.1782 1.39e+08    2.68%
 14596250 166607       16.2149    24       16.6243       16.2149 1.39e+08    2.46%
 14628860 166092       16.4215    11       16.6243       16.2208 1.39e+08    2.43%
 14661588 165351       16.2208    18       16.6243       16.2208 1.40e+08    2.43%
 14694289 163939       16.2299    23       16.6243       16.2299 1.40e+08    2.37%
 14726487 163477       16.2444    17       16.6243       16.2444 1.40e+08    2.29%
 14759038 163281        cutoff             16.6243       16.2444 1.40e+08    2.29%
 14791226 163409       16.2444    14       16.6243       16.2444 1.40e+08    2.29%
Elapsed real time = 1280.78 sec. (tree size = 75.94 MB, solutions = 58)
Nodefile size = 20.75 MB (12.33 MB after compression)
 14823073 163645       16.2444    17       16.6243       16.2444 1.41e+08    2.29%
 14855707 163211        cutoff             16.6243       16.2444 1.41e+08    2.29%
 14887939 163301       16.2444    21       16.6243       16.2444 1.41e+08    2.29%
 14919986 163334       16.2444    22       16.6243       16.2444 1.41e+08    2.29%
 14952164 163003       16.2444    14       16.6243       16.2444 1.42e+08    2.29%
 14983939 163015       16.3784    17       16.6243       16.2444 1.42e+08    2.29%
 15015665 163106       16.2444    19       16.6243       16.2444 1.42e+08    2.29%
 15047131 163259       16.2444    22       16.6243       16.2444 1.42e+08    2.29%
 15078616 163296       16.2444    13       16.6243       16.2444 1.43e+08    2.29%
 15110195 163267       16.2444    26       16.6243       16.2444 1.43e+08    2.29%
Elapsed real time = 1307.17 sec. (tree size = 75.88 MB, solutions = 58)
Nodefile size = 15.78 MB (9.41 MB after compression)
 15141366 163631       16.2444    14       16.6243       16.2444 1.43e+08    2.29%
 15172191 164074       16.2444    19       16.6243       16.2444 1.43e+08    2.29%
 15205542 162137       16.2610    13       16.6243       16.2610 1.44e+08    2.19%
 15238528 160349       16.5986     9       16.6243       16.2645 1.44e+08    2.16%
 15270676 160695       16.2679    17       16.6243       16.2679 1.44e+08    2.14%
 15301959 161188       16.2679    20       16.6243       16.2679 1.44e+08    2.14%
 15333890 160793       16.2679    20       16.6243       16.2679 1.45e+08    2.14%
 15365589 159948       16.5986    14       16.6243       16.2846 1.45e+08    2.04%
 15397121 159202       16.2846    12       16.6243       16.2846 1.45e+08    2.04%
 15428722 157626       16.3012    22       16.6243       16.3012 1.45e+08    1.94%
Elapsed real time = 1333.60 sec. (tree size = 73.67 MB, solutions = 58)
Nodefile size = 12.85 MB (7.68 MB after compression)
 15461056 156442        cutoff             16.6243       16.3071 1.46e+08    1.91%
 15493887 154584       16.3162    17       16.6243       16.3162 1.46e+08    1.85%
 15526807 152497       16.3162    25       16.6243       16.3162 1.46e+08    1.85%
 15558992 151431       16.3307    17       16.6243       16.3307 1.46e+08    1.77%
 15591036 150734       16.3307    18       16.6243       16.3307 1.46e+08    1.77%
 15623079 149791       16.3307    22       16.6243       16.3307 1.47e+08    1.77%
 15654667 149016       16.3307    17       16.6243       16.3307 1.47e+08    1.77%
 15686594 147782        cutoff             16.6243       16.3397 1.47e+08    1.71%
 15718494 147763       16.4260    17       16.6243       16.3397 1.47e+08    1.71%
 15751120 145915        cutoff             16.6243       16.3397 1.48e+08    1.71%
Elapsed real time = 1360.06 sec. (tree size = 68.98 MB, solutions = 58)
Nodefile size =  8.88 MB (5.30 MB after compression)
 15782822 145491       16.3397    23       16.6243       16.3397 1.48e+08    1.71%
 15814757 144135       16.3473    23       16.6243       16.3473 1.48e+08    1.67%
 15846825 142597       16.3542    14       16.6243       16.3542 1.48e+08    1.62%
 15878577 141317       16.3666    15       16.6243       16.3666 1.49e+08    1.55%
 15910915 139031       16.3709    20       16.6243       16.3709 1.49e+08    1.52%
 15943653 136281       16.3944    22       16.6243       16.3944 1.49e+08    1.38%
 15976502 134628       16.5365    16       16.6243       16.4025 1.49e+08    1.33%
 16008859 133418       16.4025    17       16.6243       16.4025 1.50e+08    1.33%
 16041011 131748       16.4170    20       16.6243       16.4170 1.50e+08    1.25%
 16073464 130289       16.6032    13       16.6243       16.4260 1.50e+08    1.19%
Elapsed real time = 1386.55 sec. (tree size = 62.78 MB, solutions = 58)
Nodefile size =  6.88 MB (4.12 MB after compression)
 16105743 129338       16.4260    14       16.6243       16.4260 1.50e+08    1.19%
 16137235 129398       16.4260    18       16.6243       16.4260 1.50e+08    1.19%
 16169249 128681       16.4260    17       16.6243       16.4260 1.51e+08    1.19%
 16201036 127938       16.4260    16       16.6243       16.4260 1.51e+08    1.19%
 16233168 127636       16.4692    20       16.6243       16.4260 1.51e+08    1.19%
 16264852 127137        cutoff             16.6243       16.4260 1.51e+08    1.19%
 16296906 126287       16.4260    18       16.6243       16.4260 1.52e+08    1.19%
 16328852 125771        cutoff             16.6243       16.4260 1.52e+08    1.19%
 16360824 125300       16.4260    17       16.6243       16.4260 1.52e+08    1.19%
 16392402 124680       16.4260    14       16.6243       16.4260 1.52e+08    1.19%
Elapsed real time = 1412.37 sec. (tree size = 60.55 MB, solutions = 58)
Nodefile size =  5.92 MB (3.53 MB after compression)
 16424214 124405        cutoff             16.6243       16.4260 1.53e+08    1.19%
 16456063 123585       16.4260    18       16.6243       16.4260 1.53e+08    1.19%
 16487887 123037        cutoff             16.6243       16.4260 1.53e+08    1.19%
 16519684 122374       16.5525    19       16.6243       16.4260 1.53e+08    1.19%
 16551172 121941       16.4260    16       16.6243       16.4260 1.54e+08    1.19%
 16582919 121410       16.4260    20       16.6243       16.4260 1.54e+08    1.19%
 16614229 121111       16.4260    23       16.6243       16.4260 1.54e+08    1.19%
 16645367 120689       16.4260    29       16.6243       16.4260 1.54e+08    1.19%
 16677584 118979       16.4427    12       16.6243       16.4427 1.55e+08    1.09%
 16710097 117024       16.4427    18       16.6243       16.4427 1.55e+08    1.09%
Elapsed real time = 1438.17 sec. (tree size = 57.56 MB, solutions = 58)
Nodefile size =  5.92 MB (3.53 MB after compression)
 16742472 114587       16.4662    22       16.6243       16.4662 1.55e+08    0.95%
 16774834 112282       16.4738    12       16.6243       16.4738 1.55e+08    0.91%
 16807277 110276       16.6153    12       16.6243       16.4888 1.55e+08    0.82%
 16840250 108281       16.4888    14       16.6243       16.4888 1.56e+08    0.82%
 16872715 106788       16.4893    20       16.6243       16.4893 1.56e+08    0.81%
 16905412 104323       16.5123    21       16.6243       16.5123 1.56e+08    0.67%
 16938072 102353       16.5123    14       16.6243       16.5123 1.56e+08    0.67%
 16970615 100775       16.5123    16       16.6243       16.5123 1.57e+08    0.67%
 17004062 98360       16.5123    17       16.6243       16.5123 1.57e+08    0.67%
 17036664 96760        cutoff             16.6243       16.5123 1.57e+08    0.67%
Elapsed real time = 1464.64 sec. (tree size = 49.51 MB, solutions = 58)
Nodefile size =  3.95 MB (2.35 MB after compression)
 17069486 94958       16.5123    18       16.6243       16.5123 1.57e+08    0.67%
 17101869 93521       16.5123    18       16.6243       16.5123 1.58e+08    0.67%
 17134016 92672       16.5123    24       16.6243       16.5123 1.58e+08    0.67%
 17166215 91635       16.5123    24       16.6243       16.5123 1.58e+08    0.67%
 17198400 90397       16.5123    19       16.6243       16.5123 1.58e+08    0.67%
 17231081 89062       16.5123    18       16.6243       16.5123 1.58e+08    0.67%
 17263726 87380       16.5123    22       16.6243       16.5123 1.59e+08    0.67%
 17296111 86024       16.5123    16       16.6243       16.5123 1.59e+08    0.67%
 17328168 85143        cutoff             16.6243       16.5123 1.59e+08    0.67%
 17360479 83730       16.5756    17       16.6243       16.5123 1.59e+08    0.67%
Elapsed real time = 1490.70 sec. (tree size = 44.36 MB, solutions = 58)
Nodefile size =  3.95 MB (2.35 MB after compression)
 17392831 82333       16.5123    22       16.6243       16.5123 1.60e+08    0.67%
 17424737 81461       16.5123    19       16.6243       16.5123 1.60e+08    0.67%
 17456849 80271       16.5123    13       16.6243       16.5123 1.60e+08    0.67%
 17488301 79751       16.5123    18       16.6243       16.5123 1.60e+08    0.67%
 17520708 77126       16.5290    18       16.6243       16.5290 1.61e+08    0.57%
 17553664 74202       16.6153    13       16.6243       16.5290 1.61e+08    0.57%
 17585928 72576       16.5359    19       16.6243       16.5359 1.61e+08    0.53%
 17617714 72256       16.5359    18       16.6243       16.5359 1.61e+08    0.53%
 17649283 71623        cutoff             16.6243       16.5359 1.61e+08    0.53%
 17680891 71149       16.5359    15       16.6243       16.5359 1.62e+08    0.53%
Elapsed real time = 1516.71 sec. (tree size = 39.35 MB, solutions = 58)
Nodefile size =  1.96 MB (1.17 MB after compression)
 17712276 70788       16.5359    15       16.6243       16.5359 1.62e+08    0.53%
 17743393 69901       16.5359    16       16.6243       16.5359 1.62e+08    0.53%
 17774924 69264        cutoff             16.6243       16.5359 1.62e+08    0.53%
 17806141 69053       16.5359    16       16.6243       16.5359 1.63e+08    0.53%
 17837936 68312       16.5359    25       16.6243       16.5359 1.63e+08    0.53%
 17868847 68036       16.5359    13       16.6243       16.5359 1.63e+08    0.53%
 17901004 65864       16.5525    14       16.6243       16.5525 1.63e+08    0.43%
 17933181 64172       16.5525    14       16.6243       16.5525 1.64e+08    0.43%
 17965361 62269       16.5525    14       16.6243       16.5525 1.64e+08    0.43%
 17997717 60068       16.5525    21       16.6243       16.5525 1.64e+08    0.43%
Elapsed real time = 1542.54 sec. (tree size = 34.94 MB, solutions = 58)
Nodefile size =  1.00 MB (0.58 MB after compression)
 18030119 56740       16.5986    15       16.6243       16.5751 1.64e+08    0.30%
 18063237 54516        cutoff             16.6243       16.5751 1.65e+08    0.30%
 18095999 52094        cutoff             16.6243       16.5786 1.65e+08    0.28%
 18129218 49140       16.5917    17       16.6243       16.5874 1.65e+08    0.22%
 18161882 46262       16.5986    20       16.6243       16.5986 1.65e+08    0.15%
 18194533 44260       16.5986    13       16.6243       16.5986 1.66e+08    0.15%
 18226830 42916       16.5986    12       16.6243       16.5986 1.66e+08    0.15%
 18259087 41400        cutoff             16.6243       16.5986 1.66e+08    0.15%
 18291576 39671       16.5986    21       16.6243       16.5986 1.66e+08    0.15%
 18324045 37863       16.5986    17       16.6243       16.5986 1.66e+08    0.15%
Elapsed real time = 1568.65 sec. (tree size = 26.09 MB, solutions = 58)
 18356089 36625        cutoff             16.6243       16.5986 1.67e+08    0.15%
 18388464 34997       16.5986    17       16.6243       16.5986 1.67e+08    0.15%
 18420615 33513       16.5986    18       16.6243       16.5986 1.67e+08    0.15%
 18452725 32339        cutoff             16.6243       16.5986 1.67e+08    0.15%
 18484832 31057       16.5986    13       16.6243       16.5986 1.68e+08    0.15%
 18516687 29769       16.5986    19       16.6243       16.5986 1.68e+08    0.15%
 18548396 28843       16.5986    20       16.6243       16.5986 1.68e+08    0.15%
 18580371 27471       16.5986    14       16.6243       16.5986 1.68e+08    0.15%
 18612359 26136       16.5986    25       16.6243       16.5986 1.69e+08    0.15%
 18644169 25045       16.5986    22       16.6243       16.5986 1.69e+08    0.15%
Elapsed real time = 1594.17 sec. (tree size = 21.00 MB, solutions = 58)
 18675752 23933       16.5986    18       16.6243       16.5986 1.69e+08    0.15%
 18707450 22316       16.6032    21       16.6243       16.6032 1.69e+08    0.13%
 18739355 21151       16.6077    15       16.6243       16.6077 1.69e+08    0.10%
 18771547 20311       16.6077    19       16.6243       16.6077 1.70e+08    0.10%
 18803818 18943        cutoff             16.6243       16.6077 1.70e+08    0.10%
 18835638 17837       16.6077    18       16.6243       16.6077 1.70e+08    0.10%
 18868430 14744       16.6153     8       16.6243       16.6153 1.70e+08    0.05%
 18901210 11656       16.6187    16       16.6243       16.6187 1.71e+08    0.03%
 18933175 10061       16.6222    12       16.6243       16.6222 1.71e+08    0.01%
 18965145  9047        cutoff             16.6243       16.6222 1.71e+08    0.01%
Elapsed real time = 1619.97 sec. (tree size = 14.67 MB, solutions = 58)
 18996899  8096       16.6222    14       16.6243       16.6222 1.71e+08    0.01%
 19028741  7063       16.6222    11       16.6243       16.6222 1.72e+08    0.01%
 19060762  5622       16.6222    16       16.6243       16.6222 1.72e+08    0.01%
 19092358  4169       16.6222    16       16.6243       16.6222 1.72e+08    0.01%
 19123773  3440       16.6222    24       16.6243       16.6222 1.72e+08    0.01%
 19155376  2332       16.6222    18       16.6243       16.6222 1.73e+08    0.01%
 19186653  1468       16.6222    14       16.6243       16.6222 1.73e+08    0.01%
 19218387   636       16.6222    20       16.6243       16.6222 1.73e+08    0.01%

Implied bound cuts applied:  516
Flow cuts applied:  62
Mixed integer rounding cuts applied:  151
Gomory fractional cuts applied:  105

Root node processing (before b&c):
  Real time             =    0.11
Parallel b&c, 4 threads:
  Real time             = 1641.85
  Sync time (average)   =    0.92
  Wait time (average)   =    0.02
                          -------
Total (root+branch&cut) = 1641.96 sec.
STATUS : Optimal
Solution status = Optimal
 Number of constraints = 608
Solution value  = 16.6243
c(0)=13.9619 c(1)=8.93035 c(2)=0.394449 c(3)=3.71755 c(4)=1.35425 c(5)=7.93035 c(6)=11.694 c(7)=15.2701 c(8)=4.93035 c(9)=16.6243 c(10)=5.9855 c(11)=10.3397 c(12)=10.694 c(13)=2.26795 c(14)=0 c(15)=3.3231 c(16)=14.3564 c(17)=9.33975 c(18)=13.0884 c(19)=6.80385 c(20)=4.5359 c(21)=7.33975 c(22)=12.0884 c(23)=16.0884 
