 Distance matrix between villages
	101	102	103	104	105	106	107	108	109	110	111	112	113	114	115	116	117	118	119	120	121	122	123	124	125	126	127	128	129	130	131	132	133	134	135	136	137	138	139	140	141	142	143	144	145	146	147	148	149	150	151	152	153	154	155	156	157	158	159	160	161	162	163	164	
101	0	
102	0	0	
103	2.48	0	0	
104	0	0	1.01	0	
105	0	0	0	0	0	
106	0	0	0	0	0	0	
107	0	0	0	0	0	0	0	
108	0	0	0	0	0	0	0	0	
109	0	0	0	0	0	0	0	0	0	
110	0	4.89	0	0	0	0	0	0	0	0	
111	0	0	0	0	0	0	0	0	0	0	0	
112	0	0	0	0	0	0	0	0	0	0	1.13	0	
113	0	0	0	0	0	0	13.16	0	0	0	0	0	0	
114	0	0	0	0	0	0	0	0	0	0	0	0	0	0	
115	0	0	0	0	0	0	0	0	0	0	0	0	0	1.72	0	
116	0	6.75	0	0	0	0	0	0	0	0	0	0	0	0	0	0	
117	0	9.48	0	0	0	0	0	0	0	0	1.29	0	0	0	0	0	0	
118	0	12.3	0	0	0	0	0	0	0	0	0	1.99	0	0	0	4.5	0	0	
119	0	5.46	0	0	0	0	0	0	0	2.79	0	0	0	0	0	8.79	0	10.47	0	
120	4.08	0	6.53	0	0	0	0	0	0	0	0	0	0	0	0	0	0	0	0	0	
121	0	0	0	0	0	0	0	0	6.7	0	0	0	0	0	0	0	0	0	0	0	0	
122	0	0	0	4.3	0	0	11.3	0	0	0	0	0	0	0	0	0	0	0	0	0	0	0	
123	0	0	0	0	0	0	0	12.84	0	0	0	0	0	0	0	0	0	0	0	0	0	0	0	
124	0	0	5.6	4.6	0	0	6.08	0	0	0	0	0	0	0	0	0	0	0	0	0	0	4.98	0	0	
125	0	0	0	0	0	3.4	0	0	0	0	0	0	0	0	0	0	0	0	0	0	0	0	0	0	0	
126	4.65	0	0	5.4	0	0	0	0	0	0	0	0	0	0	0	0	0	0	0	0	0	5.8	0	0	0	0	
127	0	0	0	0	0	0	0	0	0	0	0	0	0	10.94	0	0	0	0	0	0	5.4	0	0	0	0	0	0	
128	0	5.61	0	0	4.1	0	0	0	0	0	0	0	0	0	0	0	0	0	0	0	0	0	0	0	0	0	0	0	
129	0	0	0	0	0	0	0	0	5.6	0	0	0	0	0	0	0	0	0	0	0	8.2	0	0	0	0	0	10.8	0	0	
130	0	0	0	0	0	0	0	9.38	0	0	0	0	0	0	8.28	0	0	0	0	0	0	0	13.89	0	0	0	2.6	0	0	0	
131	0	0	0	0	0	0	0	0	0	0	0	0	0	0	0	0	0	0	0	0	0	0	11.66	0	0	0	0	0	11.14	0	0	
132	0	0	0	0	0	0	8.04	0	0	0	0	0	0	0	0	0	0	0	0	0	0	0	0	0	0	0	0	0	0	0	0	0	
133	0	5.4	0	0	2.9	0	0	0	0	0	0	0	0	0	0	0	0	0	0	0	0	0	0	0	0	0	0	2	0	0	0	0	0	
134	0	0	0	0	0	0	0	16.72	0	0	0	0	0	0	0	0	0	0	0	0	9.8	0	9.18	0	0	0	0	0	8.7	5.4	2.6	0	0	0	
135	0	0	0	0	0	1.13	13.96	0	0	0	0	0	4.1	0	0	0	0	0	0	0	0	6	0	0	0	0	0	0	0	0	0	0	0	0	0	
136	0	0	0	0	0	0	0	0	0	0	0	0	0	0	0	0	0	0	0	0	0	0	0	0	0	0	0	0	0	0	0	2.9	0	0	0	0	
137	0	0	0	0	0	0	3.34	0	0	0	0	0	18.86	0	0	0	0	0	0	0	0	0	0	0	0	0	0	0	0	0	0	0	0	0	0	3.8	0	
138	0	0	0	0	0	3.12	0	0	15.6	0	0	0	2.65	0	0	0	0	0	0	0	16.2	0	0	0	0	0	0	0	0	0	0	0	0	0	0	0	0	0	
139	0	0	0	0	0	0	0	5.69	0	0	0	0	0	3.33	0	0	0	0	0	0	0	0	0	0	0	0	0	0	0	7.89	0	0	0	13.32	0	0	0	0	0	
140	0	0	0	0	2.8	0	0	0	0	0	8.61	0	0	0	0	0	7.32	8.4	0	0	0	0	0	0	0	0	0	0	0	0	0	0	2.9	0	0	0	0	0	0	0	
141	0	0	0	0	0	0	0	0	0	0	0	0	0	0	0	0	7.11	0	0	0	0	0	0	0	0	0	0	0	0	0	0	0	0	0	0	0	0	0	0	2.6	0	
142	0	0	0	0	11.25	0	20.48	0	0	15.5	0	0	0	0	0	0	0	0	17.1	0	0	0	0	0	0	0	0	12.69	0	0	0	0	0	0	0	0	0	0	0	0	0	0	
143	0	0	0	0	0	0	0	0	0	11.1	0	0	0	0	0	0	0	0	11.88	0	0	0	0	0	0	0	0	11.7	0	0	0	0	0	0	0	0	0	0	0	0	0	6.65	0	
144	0	0	0	0	0	0	0	0	0	0	0	0	0	0	0	0	0	0	0	0	0	0	0	0	0	0	0	0	0	0	0	7.1	0	0	0	0	0	0	0	0	0	0	0	0	
145	0	0	0	0	0	0	0	0	0	0	0	0	0	0	0	0	0	0	0	0	0	0	0	0	5.1	6.06	0	0	0	0	0	0	0	0	0	0	0	0	0	0	0	0	0	0	0	
146	0	0	0	0	0	0	0	0	0	0	0	0	0	0	0	0	0	0	0	0	0	0	0	0	0	0	0	0	0	0	0	0	0	0	0	0	8.81	0	0	0	0	0	0	0	0	0	
147	0	0	0	0	0	0	0	0	0	0	0	0	0	0	0	0	0	0	0	0	0	0	0	0	0	0	0	0	0	0	0	0	0	0	0	0	0	0	0	0	6.6	0	0	2.9	0	0	0	
148	0	0	0	0	0	0	0	0	0	0	0	0	0	0	0	0	0	0	0	0	0	0	0	0	0	0	0	0	0	0	0	0	0	0	0	0	0	0	0	0	0	9.24	0	0	0	4.22	0	0	
149	0	0	0	0	0	0	0	0	0	0	0	0	0	0	0	0	0	0	0	0	0	0	0	0	0	0	0	0	0	0	0	0	0	0	0	0	0	0	0	0	0	6.8	0	0	0	0	0	0	0	
150	0	0	18.7	0	0	0	12.12	0	0	0	0	0	0	0	0	0	0	0	0	0	0	0	0	18.45	0	0	0	0	0	0	0	7.41	0	0	0	0	0	0	0	0	0	0	0	7.13	0	0	0	0	0	0	
151	0	0	0	0	0	0	0	0	0	0	0	0	0	0	0	0	0	0	0	0	0	0	0	0	0	0	0	0	0	0	0	0	0	0	0	4.8	6.6	0	0	0	0	0	0	0	0	0	0	0	3.6	0	0	
152	0	0	0	0	0	0	0	0	0	0	0	0	0	0	0	0	0	0	0	0	0	0	0	0	0	0	0	0	0	0	0	0	0	0	0	0	0	0	0	0	13.01	0	0	4.33	0	0	0	0	0	6.1	0	0	
153	0	0	0	0	0	0	0	0	0	0	0	0	0	0	0	0	0	0	0	0	0	0	0	0	0	0	0	0	0	0	0	0	0	0	0	0	5.4	0	0	0	0	17.7	0	0	0	5.5	0	0	4.4	0	2.2	0	0	
154	0	0	0	0	0	0	0	0	0	0	0	0	0	0	0	0	0	0	18.1	0	0	0	0	0	0	0	0	0	0	0	0	0	0	0	0	0	0	0	0	0	0	8.3	4.1	0	0	0	0	0	0	0	0	0	0	0	
155	0	0	0	0	0	1.7	0	0	0	0	0	0	0	0	0	0	0	0	0	0	0	7.4	0	0	1.9	8	0	0	0	0	0	0	0	0	3	0	0	0	0	0	0	0	0	0	5.9	0	0	0	0	0	0	0	0	0	0	
156	0	0	0	0	0	0	0	0	0	0	0	0	0	5.34	0	0	0	0	0	0	19.5	0	0	0	0	0	15.72	0	0	0	0	0	0	0	0	0	0	0	0	0	0	0	0	0	0	8.29	0	5.4	0	0	0	0	0	0	0	0	
157	0	0	0	0	0	0	0	9.6	0	0	0	0	0	4.1	0	0	0	0	0	0	0	0	0	0	0	0	0	0	0	0	0	0	0	0	0	0	0	0	4.4	0	0	0	0	0	0	0	0	0	0	0	0	0	0	0	0	5.19	0	
158	0	0	0	0	0	0	0	0	0	0	0	0	0	10.3	0	0	0	0	0	0	0	0	0	0	0	0	0	0	0	0	0	0	0	0	0	0	0	0	0	0	0	6.9	0	0	0	0	0	6.4	0	0	0	0	0	14.1	0	7.7	8.2	0	
159	0	0	0	0	8.7	0	0	0	0	0	0	0	0	0	0	0	0	0	0	0	0	0	0	0	0	0	0	0	0	0	0	11.8	0	0	0	0	0	0	0	12.9	0	9.1	0	7.7	0	0	0	0	3.8	0	0	0	6	0	0	0	0	0	0	
160	0	0	6.63	0	0	0	0	0	0	0	0	0	0	0	0	0	0	0	0	4.64	0	0	0	0	0	0	0	0	0	0	0	0	0	0	0	0	0	0	0	0	0	0	0	0	0	0	0	0	0	0	0	0	0	0	0	0	0	0	0	0	
161	0	0	0	0	0	0	0	0	0	0	0	0	0	0	0	0	0	0	0	0	0	0	0	0	0	0	0	0	0	0	0	0	0	0	0	0	0	0	0	0	0	3.9	0	0	0	8.1	0	5.5	4.9	0	0	0	0	0	0	0	0	5.2	0	0	0	
162	4.74	0	0	0	0	0	0	0	0	0	0	0	0	0	0	0	0	0	0	4.78	0	0	0	0	0	6.05	0	0	0	0	0	0	0	0	0	0	0	0	0	0	0	0	0	0	13.6	0	0	0	0	0	0	0	0	0	0	0	0	0	0	1.71	0	0	
163	0	0	0	0	0	0	0	0	0	0	0	0	0	0	0	0	0	0	0	0	0	0	0	0	0	0	0	0	0	0	0	0	0	0	0	0	0	0	0	0	0	0	0	0	0	0	0	0	0	0	0	0	0	7.1	0	0	0	0	0	0	0	0	0	
164	0	0	0	0	0	0	0	0	0	0	0	0	0	0	0	0	0	0	5.5	0	0	0	0	0	0	0	0	0	0	0	0	0	0	0	0	0	0	0	0	0	0	0	0	0	0	0	0	0	0	0	0	0	0	0	0	0	0	0	0	0	0	0	5.5	0	
