	101	102	103	104	105	106	107	108	109	110	111	112	113	114	115	116	117	118	119	120	121	122	123	124	125	126	127	128	129	130	131	132	133	134	135	136	137	138	139	140	141	142	143	144	145	146	147	148	149	150	151	152	153	154	155	156	157	158	159	160	161	162	163	164	
101	0	
102	69	0	
103	3	66	0	
104	6	69	3	0	
105	65	20	62	65	0	
106	40	95	37	34	91	0	
107	17	52	14	17	48	43	0	
108	92	77	89	92	73	102	75	0	
109	96	84	93	90	80	56	82	54	0	
110	84	15	81	84	35	110	67	92	99	0	
111	96	27	93	96	32	122	79	104	111	42	0	
112	93	24	90	93	35	119	76	101	108	39	3	0	
113	49	91	46	43	87	15	39	101	55	106	118	115	0	
114	65	50	62	65	46	82	48	27	34	65	77	74	81	0	
115	70	55	67	70	51	87	53	32	39	70	82	79	86	5	0	
116	89	20	86	89	40	115	72	97	104	34	23	20	111	70	75	0	
117	93	28	90	93	28	119	76	101	108	43	4	7	115	74	79	27	0	
118	87	18	84	87	31	113	70	95	102	33	9	6	109	68	73	14	13	0	
119	85	16	82	85	36	111	68	93	100	8	40	37	107	66	71	26	44	31	0	
120	12	81	15	18	77	52	29	104	108	96	108	105	61	77	82	101	105	99	97	0	
121	89	74	86	89	70	58	72	44	10	89	101	98	57	24	29	94	98	92	90	101	0	
122	19	74	16	13	70	21	22	97	77	89	101	98	30	70	75	94	98	92	90	31	79	0	
123	131	116	128	131	112	115	114	39	67	131	143	140	114	66	67	136	140	134	132	143	57	136	0	
124	10	59	7	10	55	36	7	82	89	74	86	83	45	55	60	79	83	77	75	22	79	15	121	0	
125	41	102	44	41	98	10	50	112	66	117	129	126	25	92	97	122	126	120	118	51	68	28	125	43	0	
126	14	83	17	16	79	29	31	106	85	98	110	107	44	79	84	103	107	101	99	24	87	17	144	24	27	0	
127	81	66	78	81	62	66	64	36	18	81	93	90	65	16	21	86	90	84	82	93	8	86	50	71	76	95	0	
128	61	8	58	61	12	87	44	69	76	23	35	32	83	42	47	28	36	26	24	73	66	66	108	51	94	75	58	0	
129	113	98	110	107	94	73	96	68	17	113	125	122	72	48	53	118	122	116	114	125	25	94	54	103	83	102	32	90	0	
130	89	74	86	89	70	74	72	28	26	89	101	98	73	24	25	94	98	92	90	101	16	94	42	79	84	103	8	66	40	0	
131	113	98	110	113	94	95	96	52	47	113	125	122	94	48	49	118	122	116	114	125	37	116	35	103	105	124	32	90	33	24	0	
132	41	74	38	41	59	67	24	97	104	89	75	78	63	70	75	94	71	83	90	53	94	46	136	31	74	55	86	66	118	94	118	0	
133	67	14	64	67	9	93	50	75	82	29	35	38	89	48	53	34	31	32	30	79	72	72	114	57	100	81	64	6	96	72	96	67	0	
134	105	90	102	105	86	87	88	44	39	105	117	114	86	40	41	110	114	108	106	117	29	108	28	95	97	116	24	82	26	16	8	110	88	0	
135	37	92	34	31	88	3	40	105	59	107	119	116	12	85	90	112	116	110	108	49	61	18	118	33	13	32	69	84	76	77	98	64	90	90	0	
136	38	72	35	38	62	64	21	95	102	87	84	87	60	68	73	92	80	90	88	50	92	43	134	28	71	52	84	64	116	92	116	9	70	108	61	0	
137	27	62	24	27	58	53	10	85	92	77	89	86	49	58	63	82	86	80	78	39	82	32	124	17	60	41	74	54	106	82	106	20	60	98	50	11	0	
138	49	99	46	43	95	9	47	93	47	114	126	123	8	73	78	119	123	117	115	61	49	30	106	45	19	38	57	91	64	65	86	71	97	78	12	68	57	0	
139	75	60	72	75	56	92	58	17	44	75	87	84	91	10	15	80	84	78	76	87	34	80	56	65	102	89	26	52	58	24	48	80	58	40	95	78	68	83	0	
140	71	23	68	71	6	97	54	79	86	38	26	29	93	52	57	39	22	25	39	83	76	76	118	61	104	85	68	15	100	76	100	58	9	92	94	67	64	101	62	0	
141	79	31	76	79	14	105	62	87	94	46	25	28	101	60	65	47	21	33	47	91	84	84	126	69	112	93	76	23	108	84	108	50	17	100	102	59	70	109	70	8	0	
142	42	27	39	42	23	68	25	50	57	42	54	51	64	23	28	47	51	45	43	54	47	47	89	32	75	56	39	19	71	47	71	47	25	63	65	45	35	72	33	29	37	0	
143	62	43	59	62	43	88	45	70	77	33	70	67	84	43	48	62	71	61	36	74	67	67	109	52	95	76	59	35	91	67	91	67	41	83	85	65	55	92	53	49	57	20	0	
144	62	53	59	62	38	88	45	76	83	68	54	57	84	49	54	73	50	62	69	74	73	67	115	52	95	76	65	45	97	73	97	21	46	89	85	30	41	92	59	37	29	26	46	0	
145	26	95	29	28	91	23	43	118	79	110	122	119	38	91	96	115	119	113	111	36	81	29	138	36	15	12	89	87	96	97	118	67	93	110	26	64	53	32	101	97	105	68	88	88	0	
146	53	56	50	53	52	79	36	68	75	71	83	80	75	41	46	76	80	74	72	65	65	58	107	43	86	67	57	48	89	65	89	46	54	81	76	37	26	83	51	58	66	29	49	47	79	0	
147	71	51	68	71	34	97	54	85	92	66	45	48	93	58	63	67	41	53	67	83	82	76	124	61	104	85	74	43	106	82	106	30	37	98	94	39	50	101	68	28	20	35	55	9	97	56	0	
148	64	49	61	64	45	90	47	59	66	64	76	73	86	32	37	69	73	67	65	76	56	69	98	54	97	78	48	41	80	56	80	59	47	72	87	50	39	94	42	51	59	22	42	48	90	13	57	0	
149	56	47	53	56	37	82	39	70	77	62	69	71	78	43	48	67	65	65	63	68	67	61	109	46	89	70	59	39	91	67	91	34	45	83	79	25	29	86	53	43	51	20	40	23	82	30	32	32	0	
150	53	74	50	53	59	79	36	97	104	89	75	78	75	70	75	94	71	83	90	65	94	58	136	43	86	67	86	66	118	94	118	22	67	110	76	31	42	83	80	58	50	47	67	21	79	68	30	69	44	0	
151	47	58	44	47	48	73	30	81	88	73	80	82	69	54	59	78	76	76	74	59	78	52	120	37	80	61	70	50	102	78	102	23	56	94	70	14	20	77	64	54	62	31	51	34	73	24	43	37	11	45	0	
152	68	59	65	68	44	94	51	82	89	74	60	63	90	55	60	79	56	68	75	80	79	73	121	58	101	82	71	51	103	79	103	27	52	95	91	36	47	98	65	43	35	32	52	6	94	53	15	54	29	18	40	0	
153	43	59	40	43	44	69	26	82	89	74	76	79	65	55	60	79	72	75	75	55	79	48	121	33	76	57	71	51	103	79	103	30	53	95	66	21	16	73	65	50	58	32	52	30	69	17	39	30	13	51	7	36	0	
154	67	52	64	67	48	93	50	75	82	45	79	76	89	48	53	72	76	70	48	79	72	72	114	57	100	81	64	44	96	72	96	72	50	88	90	70	60	97	58	54	62	25	12	51	93	54	60	47	45	72	56	57	57	0	
155	38	96	38	35	92	5	44	107	61	111	123	120	20	87	92	116	120	114	112	48	63	22	120	37	6	24	71	88	78	79	100	68	94	92	8	65	54	14	97	98	106	69	89	89	18	80	98	91	83	80	74	95	70	94	0	
156	73	58	70	73	54	98	56	43	50	73	85	82	95	16	21	78	82	76	74	85	40	78	82	63	106	87	32	50	64	40	64	71	56	56	96	62	51	89	26	60	68	31	51	57	99	25	66	16	48	78	49	63	42	56	100	0	
157	75	60	72	75	56	94	58	29	46	75	87	84	93	12	17	80	84	78	76	87	36	80	68	65	104	89	28	52	60	36	60	80	58	52	97	78	67	85	13	62	70	33	53	59	101	41	68	32	53	80	64	65	58	58	99	16	0	
158	50	35	47	50	31	76	33	42	49	50	62	59	72	15	20	55	59	53	51	62	39	55	81	40	83	64	31	27	63	39	63	55	33	55	73	53	43	80	25	37	45	8	28	34	76	32	43	19	28	55	39	40	40	33	77	23	25	0	
159	56	41	53	56	26	82	39	64	71	56	58	61	78	37	42	61	54	57	57	68	61	61	103	46	89	70	53	33	85	61	85	33	35	77	79	36	34	86	47	32	40	14	34	12	82	35	21	36	11	33	22	18	18	39	83	45	47	22	0	
160	11	74	8	11	70	45	22	97	101	89	101	98	54	70	75	94	98	92	90	7	94	24	136	15	44	17	86	66	118	94	118	46	72	110	42	43	32	54	80	76	84	47	67	67	29	58	76	69	61	58	52	73	48	72	41	78	80	55	61	0	
161	47	32	44	47	28	73	30	55	62	47	59	56	69	28	33	52	56	50	48	59	52	52	94	37	80	61	44	24	76	52	76	49	30	68	70	40	40	77	38	34	42	5	25	31	73	24	40	17	15	52	26	37	28	30	74	33	38	13	19	52	0	
162	14	79	13	16	75	41	27	102	97	94	106	103	56	75	80	99	103	97	95	12	99	29	141	20	39	12	91	71	114	99	123	51	77	115	44	48	37	50	85	81	89	52	72	72	24	63	81	74	66	63	57	78	53	77	36	83	85	60	66	5	57	0	
163	88	50	85	88	69	114	71	96	103	42	74	71	110	69	74	60	78	65	34	100	93	93	135	78	121	102	85	58	117	93	117	93	64	109	111	91	81	118	79	73	81	46	33	72	114	75	81	68	66	93	77	78	78	21	115	77	79	54	60	93	51	98	0	
164	102	33	99	102	53	128	85	110	117	25	57	54	124	83	88	43	61	48	17	114	107	107	149	92	135	116	99	41	131	107	131	107	47	123	125	105	95	132	93	56	64	60	50	86	128	89	84	82	80	107	91	92	92	38	129	91	93	68	74	107	65	112	17	0	
