	101	102	103	104	105	106	107	108	109	110	111	112	113	114	115	116	117	118	119	120	121	122	123	124	125	126	127	128	129	130	131	132	133	134	135	136	137	138	139	140	141	142	143	144	145	146	147	148	149	150	151	152	153	154	155	156	157	158	159	160	161	162	163	164	
101	0	
102	74	0	
103	3	71	0	
104	7	75	4	0	
105	69	26	66	70	0	
106	53	104	50	46	99	0	
107	17	57	14	18	52	47	0	
108	104	94	101	105	89	118	87	0	
109	107	97	104	105	92	59	90	68	0	
110	89	15	86	90	41	119	72	109	112	0	
111	102	33	99	103	33	132	85	122	125	48	0	
112	103	29	100	104	38	133	86	123	126	44	5	0	
113	56	96	53	57	91	21	39	117	58	111	124	125	0	
114	68	58	65	69	53	89	51	36	39	73	86	87	88	0	
115	75	65	72	76	60	96	58	43	46	80	93	94	95	7	0	
116	94	20	91	95	46	124	77	114	117	35	27	22	116	78	85	0	
117	98	28	95	99	29	128	81	118	121	43	5	10	120	82	89	32	0	
118	95	21	92	96	32	125	78	115	118	36	13	8	117	79	86	14	18	0	
119	90	16	87	91	42	120	73	110	113	11	44	39	112	74	81	26	44	31	0	
120	16	87	16	20	82	66	30	117	120	102	115	116	69	81	88	107	111	108	103	0	
121	96	86	93	97	81	61	79	57	11	101	114	115	60	28	35	106	110	107	102	109	0	
122	24	84	21	17	79	29	27	114	88	99	112	113	40	78	85	104	108	105	100	37	90	0	
123	143	133	140	144	128	136	126	39	80	148	161	162	135	75	82	153	157	154	149	156	75	153	0	
124	10	64	7	11	59	49	7	94	97	79	92	93	46	58	65	84	88	85	80	23	86	20	133	0	
125	54	118	57	55	113	14	61	132	73	133	146	147	35	103	110	138	142	139	134	65	75	38	150	58	0	
126	19	93	22	22	88	39	36	123	98	108	121	122	60	87	94	113	117	114	109	30	100	23	162	29	35	0	
127	87	77	84	88	72	70	70	48	20	92	105	106	69	19	26	97	101	98	93	100	9	97	66	77	84	106	0	
128	64	10	61	65	16	94	47	84	87	25	43	39	86	48	55	30	38	31	26	77	76	74	123	54	108	83	67	0	
129	119	109	116	120	104	76	102	80	17	124	137	138	75	51	58	129	133	130	125	132	28	105	63	109	90	115	32	99	0	
130	97	87	94	98	82	80	80	38	30	102	115	116	79	29	33	107	111	108	103	110	19	107	56	87	94	116	10	77	42	0	
131	129	119	126	130	114	109	112	70	50	134	147	148	108	61	65	139	143	140	135	142	49	138	47	119	123	148	42	109	33	32	0	
132	49	89	46	50	75	79	32	119	122	104	86	91	71	83	90	107	81	93	105	62	111	59	158	39	93	68	102	79	134	112	144	0	
133	72	18	69	73	12	102	55	92	95	33	38	43	94	56	63	38	34	37	34	85	84	82	131	62	116	91	75	8	107	85	117	80	0	
134	119	109	116	120	104	100	102	60	43	124	137	138	99	51	55	129	133	130	125	132	39	129	37	109	114	138	32	99	26	22	10	134	107	0	
135	48	99	45	41	94	5	42	123	64	114	127	128	16	93	100	119	123	120	115	61	66	24	141	44	19	44	75	89	81	85	114	74	97	105	0	
136	45	85	42	46	80	75	28	115	118	100	98	103	67	79	86	105	93	105	101	58	107	55	154	35	89	64	98	75	130	108	140	12	83	130	70	0	
137	30	70	27	31	65	60	13	100	103	85	98	99	52	64	71	90	94	91	86	43	92	40	139	20	74	49	83	60	115	93	125	27	68	115	55	15	0	
138	65	107	62	58	102	12	50	106	47	122	135	136	11	77	84	127	131	128	123	78	49	41	124	57	26	51	58	97	64	68	97	82	105	88	17	78	63	0	
139	81	71	78	82	66	102	64	23	52	86	99	100	101	13	20	91	95	92	87	94	41	91	62	71	116	100	32	61	64	32	63	96	69	53	106	92	77	90	0	
140	76	30	73	77	7	106	59	96	99	45	26	31	98	60	67	39	22	25	46	89	88	86	135	66	120	95	79	20	111	89	121	68	12	111	101	80	72	109	73	0	
141	84	38	81	85	15	114	67	104	107	53	26	31	106	68	75	47	21	33	54	97	96	94	143	74	128	103	87	28	119	97	129	60	20	119	109	72	80	117	81	8	0	
142	42	32	39	43	27	72	25	62	65	47	60	61	64	26	33	52	56	53	48	55	54	52	101	32	86	61	45	22	77	55	87	57	30	77	67	53	38	75	39	34	42	0	
143	62	45	59	63	47	92	45	82	85	33	78	74	84	46	53	62	73	66	36	75	74	72	121	52	106	81	65	35	97	75	107	77	43	97	87	73	58	95	59	54	62	20	0	
144	71	61	68	72	47	101	54	91	94	76	58	63	93	55	62	79	53	65	77	84	83	81	130	61	115	90	74	51	106	84	116	28	52	106	96	40	55	104	68	40	32	29	49	0	
145	34	108	37	37	103	31	51	138	90	123	136	137	52	102	109	128	132	129	124	45	92	38	167	44	20	15	101	98	107	111	140	83	106	131	36	79	64	43	115	110	118	76	96	105	0	
146	65	69	62	66	64	95	48	90	93	84	97	98	87	54	61	89	93	90	85	78	82	75	129	55	109	84	73	59	105	83	115	62	67	105	90	50	35	98	67	71	79	37	57	59	99	0	
147	83	58	80	84	35	113	66	103	106	73	46	51	105	67	74	67	41	53	74	96	95	93	142	73	127	102	86	48	118	96	128	40	40	118	108	52	67	116	80	28	20	41	61	12	117	71	0	
148	69	59	66	70	54	99	52	79	82	74	87	88	91	43	50	79	83	80	75	82	71	79	118	59	113	88	62	49	94	72	104	79	57	94	94	67	52	102	56	61	69	27	47	56	103	17	68	0	
149	67	57	64	68	50	97	50	87	90	72	83	86	89	51	58	77	79	78	73	80	79	77	126	57	111	86	70	47	102	80	112	45	55	102	92	33	40	100	64	57	60	25	45	28	101	40	40	42	0	
150	65	90	62	66	76	95	48	120	123	105	87	92	87	84	91	108	82	94	106	78	112	75	159	55	109	84	103	80	135	113	145	30	81	135	90	42	57	98	97	69	61	58	78	29	99	88	41	85	57	0	
151	56	71	53	57	64	86	39	101	104	86	97	100	78	65	72	91	93	92	87	69	93	66	140	46	100	75	84	61	116	94	126	31	69	116	81	19	26	89	78	71	74	39	59	42	90	31	54	48	14	61	0	
152	78	68	75	79	54	108	61	98	101	83	65	70	100	62	69	86	60	72	84	91	90	88	137	68	122	97	81	58	113	91	123	35	59	113	103	47	62	111	75	47	39	36	56	7	112	66	19	63	35	24	49	0	
153	52	72	49	53	59	82	35	102	105	87	92	97	74	66	73	92	88	91	88	65	94	62	141	42	96	71	85	62	117	95	127	40	70	117	77	28	22	85	79	66	69	40	60	37	86	22	49	39	18	66	9	44	0	
154	74	57	71	75	59	104	57	94	97	45	90	86	96	58	65	74	85	78	48	87	86	84	133	64	118	93	77	47	109	87	119	89	55	109	99	85	70	107	71	66	74	32	12	61	108	69	73	59	57	90	71	68	72	0	
155	51	111	51	47	106	7	54	125	66	126	139	140	28	96	103	131	135	132	127	62	68	30	143	50	8	32	77	101	83	87	116	86	109	107	12	82	67	19	109	113	121	79	99	108	24	102	120	106	104	102	93	115	89	111	0	
156	81	71	78	82	66	110	64	57	60	86	99	100	103	21	28	91	95	92	87	94	49	91	96	71	124	100	40	61	72	50	82	95	69	72	106	83	68	98	34	73	81	39	59	68	115	33	80	22	64	97	64	75	55	71	117	0	
157	83	73	80	84	68	105	66	38	55	88	101	102	104	16	23	93	97	94	89	96	44	93	77	73	119	102	35	63	67	45	77	98	71	67	108	94	79	93	18	75	83	41	61	70	117	54	82	43	66	99	80	77	76	73	112	21	0	
158	50	40	47	51	35	80	33	54	57	55	68	69	72	18	25	60	64	61	56	63	46	60	93	40	94	69	37	30	69	47	79	65	38	69	75	61	46	83	31	42	50	8	28	37	84	43	49	26	33	66	47	44	48	40	87	31	33	0	
159	58	48	55	59	35	88	41	78	81	63	68	73	80	42	49	68	64	67	64	71	70	68	117	48	102	77	61	38	93	71	103	41	46	93	83	48	46	91	55	42	45	16	36	13	92	46	25	43	15	42	29	20	24	48	95	55	57	24	0	
160	11	79	8	12	74	58	22	109	112	94	107	108	61	73	80	99	103	100	95	8	101	29	148	15	57	22	92	69	124	102	134	54	77	124	53	50	35	70	86	81	89	47	67	76	37	70	88	74	72	70	61	83	57	79	54	86	88	55	63	0	
161	47	37	44	48	32	77	30	67	70	52	65	66	69	31	38	57	61	58	53	60	59	57	106	37	91	66	50	27	82	60	92	62	35	82	72	53	43	80	44	39	47	5	25	34	81	32	46	22	20	63	34	41	38	37	84	44	46	13	21	52	0	
162	18	86	15	19	81	54	29	116	113	101	114	115	68	80	87	106	110	107	102	15	108	36	155	22	50	15	99	76	130	109	141	61	84	131	59	57	42	66	93	88	96	54	74	83	30	77	95	81	79	77	68	90	64	86	47	93	95	62	70	7	59	0	
163	95	50	92	96	76	125	78	115	118	45	78	73	117	79	86	60	78	65	34	108	107	105	154	85	139	114	98	60	130	108	140	110	68	130	120	106	91	128	92	80	88	53	33	82	129	90	94	80	78	111	92	89	93	21	132	92	94	61	69	100	58	107	0	
164	107	33	104	108	59	137	90	127	130	28	61	56	129	91	98	43	61	48	17	120	119	117	166	97	151	126	110	43	142	120	152	122	51	142	132	118	103	140	104	63	71	65	50	94	141	102	91	92	90	123	104	101	105	38	144	104	106	73	81	112	70	119	17	0	
 
