55
 numAddVar 253

Graph (V,E) with |V|= 23 and diameter = 6

Coordinates: 
vertex 1 : 0 0
vertex 2 : 1 0
vertex 3 : 2 0
vertex 4 : 3 0
vertex 5 : 4 0
vertex 6 : 0.5 0.866025
vertex 7 : 1.5 0.866025
vertex 8 : 2.5 0.866025
vertex 9 : 3.5 0.866025
vertex 10 : 0 1.73205
vertex 11 : 1 1.73205
vertex 12 : 2 1.73205
vertex 13 : 3 1.73205
vertex 14 : 4 1.73205
vertex 15 : 0.5 2.59808
vertex 16 : 1.5 2.59808
vertex 17 : 2.5 2.59808
vertex 18 : 3.5 2.59808
vertex 19 : 0 3.4641
vertex 20 : 1 3.4641
vertex 21 : 2 3.4641
vertex 22 : 3 3.4641
vertex 23 : 4 3.4641

Distances: 
  0   1   2   3   4   1 1.73205 2.64575 3.60555 1.73205   2 2.64575 3.4641 4.3589 2.64575   3 3.60555 4.3589 3.4641 3.60555   4 4.58258 5.2915 
  1   0   1   2   3   1   1 1.73205 2.64575   2 1.73205   2 2.64575 3.4641 2.64575 2.64575   3 3.60555 3.60555 3.4641 3.60555   4 4.58258 
  2   1   0   1   2 1.73205   1   1 1.73205 2.64575   2 1.73205   2 2.64575   3 2.64575 2.64575   3   4 3.60555 3.4641 3.60555   4 
  3   2   1   0   1 2.64575 1.73205   1   1 3.4641 2.64575   2 1.73205   2 3.60555   3 2.64575 2.64575 4.58258   4 3.60555 3.4641 3.60555 
  4   3   2   1   0 3.60555 2.64575 1.73205   1 4.3589 3.4641 2.64575   2 1.73205 4.3589 3.60555   3 2.64575 5.2915 4.58258   4 3.60555 3.4641 
  1   1 1.73205 2.64575 3.60555   0   1   2   3   1   1 1.73205 2.64575 3.60555 1.73205   2 2.64575 3.4641 2.64575 2.64575   3 3.60555 4.3589 
1.73205   1   1 1.73205 2.64575   1   0   1   2 1.73205   1   1 1.73205 2.64575   2 1.73205   2 2.64575   3 2.64575 2.64575   3 3.60555 
2.64575 1.73205   1   1 1.73205   2   1   0   1 2.64575 1.73205   1   1 1.73205 2.64575   2 1.73205   2 3.60555   3 2.64575 2.64575   3 
3.60555 2.64575 1.73205   1   1   3   2   1   0 3.60555 2.64575 1.73205   1   1 3.4641 2.64575   2 1.73205 4.3589 3.60555   3 2.64575 2.64575 
1.73205   2 2.64575 3.4641 4.3589   1 1.73205 2.64575 3.60555   0   1   2   3   4   1 1.73205 2.64575 3.60555 1.73205   2 2.64575 3.4641 4.3589 
  2 1.73205   2 2.64575 3.4641   1   1 1.73205 2.64575   1   0   1   2   3   1   1 1.73205 2.64575   2 1.73205   2 2.64575 3.4641 
2.64575   2 1.73205   2 2.64575 1.73205   1   1 1.73205   2   1   0   1   2 1.73205   1   1 1.73205 2.64575   2 1.73205   2 2.64575 
3.4641 2.64575   2 1.73205   2 2.64575 1.73205   1   1   3   2   1   0   1 2.64575 1.73205   1   1 3.4641 2.64575   2 1.73205   2 
4.3589 3.4641 2.64575   2 1.73205 3.60555 2.64575 1.73205   1   4   3   2   1   0 3.60555 2.64575 1.73205   1 4.3589 3.4641 2.64575   2 1.73205 
2.64575 2.64575   3 3.60555 4.3589 1.73205   2 2.64575 3.4641   1   1 1.73205 2.64575 3.60555   0   1   2   3   1   1 1.73205 2.64575 3.60555 
  3 2.64575 2.64575   3 3.60555   2 1.73205   2 2.64575 1.73205   1   1 1.73205 2.64575   1   0   1   2 1.73205   1   1 1.73205 2.64575 
3.60555   3 2.64575 2.64575   3 2.64575   2 1.73205   2 2.64575 1.73205   1   1 1.73205   2   1   0   1 2.64575 1.73205   1   1 1.73205 
4.3589 3.60555   3 2.64575 2.64575 3.4641 2.64575   2 1.73205 3.60555 2.64575 1.73205   1   1   3   2   1   0 3.60555 2.64575 1.73205   1   1 
3.4641 3.60555   4 4.58258 5.2915 2.64575   3 3.60555 4.3589 1.73205   2 2.64575 3.4641 4.3589   1 1.73205 2.64575 3.60555   0   1   2   3   4 
3.60555 3.4641 3.60555   4 4.58258 2.64575 2.64575   3 3.60555   2 1.73205   2 2.64575 3.4641   1   1 1.73205 2.64575   1   0   1   2   3 
  4 3.60555 3.4641 3.60555   4   3 2.64575 2.64575   3 2.64575   2 1.73205   2 2.64575 1.73205   1   1 1.73205   2   1   0   1   2 
4.58258   4 3.60555 3.4641 3.60555 3.60555   3 2.64575 2.64575 3.4641 2.64575   2 1.73205   2 2.64575 1.73205   1   1   3   2   1   0   1 
5.2915 4.58258   4 3.60555 3.4641 4.3589 3.60555   3 2.64575 4.3589 3.4641 2.64575   2 1.73205 3.60555 2.64575 1.73205   1   4   3   2   1   0 
d: 
  0   0   0   0   0   0   0   0   0   0   0   0   0   0   0   0   0   0   0   0   0   0   0 
  2   0   0   0   0   0   0   0   0   0   0   0   0   0   0   0   0   0   0   0   0   0   0 
  1   2   0   0   0   0   0   0   0   0   0   0   0   0   0   0   0   0   0   0   0   0   0 
  0   1   2   0   0   0   0   0   0   0   0   0   0   0   0   0   0   0   0   0   0   0   0 
  0   0   1   2   0   0   0   0   0   0   0   0   0   0   0   0   0   0   0   0   0   0   0 
  2   2 1.26795 0.354249   0   0   0   0   0   0   0   0   0   0   0   0   0   0   0   0   0   0   0 
1.26795   2   2 1.26795 0.354249   2   0   0   0   0   0   0   0   0   0   0   0   0   0   0   0   0   0 
0.354249 1.26795   2   2 1.26795   1   2   0   0   0   0   0   0   0   0   0   0   0   0   0   0   0   0 
  0 0.354249 1.26795   2   2   0   1   2   0   0   0   0   0   0   0   0   0   0   0   0   0   0   0 
1.26795   1 0.354249   0   0   2 1.26795 0.354249   0   0   0   0   0   0   0   0   0   0   0   0   0   0   0 
  1 1.26795   1 0.354249   0   2   2 1.26795 0.354249   2   0   0   0   0   0   0   0   0   0   0   0   0   0 
0.354249   1 1.26795   1 0.354249 1.26795   2   2 1.26795   1   2   0   0   0   0   0   0   0   0   0   0   0   0 
  0 0.354249   1 1.26795   1 0.354249 1.26795   2   2   0   1   2   0   0   0   0   0   0   0   0   0   0   0 
  0   0 0.354249   1 1.26795   0 0.354249 1.26795   2   0   0   1   2   0   0   0   0   0   0   0   0   0   0 
0.354249 0.354249   0   0   0 1.26795   1 0.354249   0   2   2 1.26795 0.354249   0   0   0   0   0   0   0   0   0   0 
  0 0.354249 0.354249   0   0   1 1.26795   1 0.354249 1.26795   2   2 1.26795 0.354249   2   0   0   0   0   0   0   0   0 
  0   0 0.354249 0.354249   0 0.354249   1 1.26795   1 0.354249 1.26795   2   2 1.26795   1   2   0   0   0   0   0   0   0 
  0   0   0 0.354249 0.354249   0 0.354249   1 1.26795   0 0.354249 1.26795   2   2   0   1   2   0   0   0   0   0   0 
  0   0   0   0   0 0.354249   0   0   0 1.26795   1 0.354249   0   0   2 1.26795 0.354249   0   0   0   0   0   0 
  0   0   0   0   0 0.354249 0.354249   0   0   1 1.26795   1 0.354249   0   2   2 1.26795 0.354249   2   0   0   0   0 
  0   0   0   0   0   0 0.354249 0.354249   0 0.354249   1 1.26795   1 0.354249 1.26795   2   2 1.26795   1   2   0   0   0 
  0   0   0   0   0   0   0 0.354249 0.354249   0 0.354249   1 1.26795   1 0.354249 1.26795   2   2   0   1   2   0   0 
  0   0   0   0   0   0   0   0 0.354249   0   0 0.354249   1 1.26795   0 0.354249 1.26795   2   0   0   1   2   0 

max distance : 2
Tighted Bounds for Lambda:   old LB=8  old UB = 16
    Versuch 1  :Tried aggregator 1 time.
MIP Presolve eliminated 48 rows and 2 columns.
MIP Presolve modified 759 coefficients.
Reduced MIP has 506 rows, 276 columns, and 1518 nonzeros.
Reduced MIP has 253 binaries, 0 generals, 0 SOSs, and 0 indicators.
Probing time =    0.00 sec.
Tried aggregator 1 time.
Presolve time =    0.00 sec.
Probing time =    0.00 sec.
MIP emphasis: balance optimality and feasibility.
MIP search method: dynamic search.
Parallel mode: deterministic, using up to 4 threads.
Root relaxation solution time =    0.00 sec.

        Nodes                                         Cuts/
   Node  Left     Objective  IInf  Best Integer    Best Bound    ItCnt     Gap

      0     0        0.0000    89                      0.0000      120         
      0     0        0.0000    31                     Cuts: 8      140         
      0     0        0.0000    29                    Cuts: 97      199         
      0     0        0.0000    26                    Cuts: 63      228         
      0     0        0.0000    36                    Cuts: 39      265         
      0     0        0.0000    34                    Cuts: 13      304         
      0     2        0.0000    23                      0.0000      304         
Elapsed real time =   0.09 sec. (tree size =  0.01 MB, solutions = 0)
*   204+  141                            0.0000        0.0000     3009    0.00%

Implied bound cuts applied:  12
Flow cuts applied:  3
Mixed integer rounding cuts applied:  7
Gomory fractional cuts applied:  2

Root node processing (before b&c):
  Real time             =    0.09
Parallel b&c, 4 threads:
  Real time             =    0.07
  Sync time (average)   =    0.00
  Wait time (average)   =    0.00
                          -------
Total (root+branch&cut) =    0.16 sec.
  new LB=8  new UB = 12
    Versuch 2  :Tried aggregator 1 time.
MIP Presolve eliminated 48 rows and 2 columns.
MIP Presolve modified 759 coefficients.
Reduced MIP has 506 rows, 276 columns, and 1518 nonzeros.
Reduced MIP has 253 binaries, 0 generals, 0 SOSs, and 0 indicators.
Probing time =    0.00 sec.
Tried aggregator 1 time.
Presolve time =    0.00 sec.
Probing time =    0.00 sec.
MIP emphasis: balance optimality and feasibility.
MIP search method: dynamic search.
Parallel mode: deterministic, using up to 4 threads.
Root relaxation solution time =    0.00 sec.

        Nodes                                         Cuts/
   Node  Left     Objective  IInf  Best Integer    Best Bound    ItCnt     Gap

      0     0        0.0000    93                      0.0000      128         
      0     0        0.0000    40                    Cuts: 12      158         
      0     0        0.0000    44                   Cuts: 113      233         
      0     0        0.0000    37                    Cuts: 28      264         
      0     0        0.0000    34                    Cuts: 60      297         
      0     2        0.0000    29                      0.0000      297         
Elapsed real time =   0.09 sec. (tree size =  0.01 MB, solutions = 0)
   3051   108        0.0000    19                      0.0000    27148         
   4775   137        0.0000    23                      0.0000    44105         
   7054   347        0.0000    26                      0.0000    62060         
   7727   120        0.0000    21                      0.0000    82090         
   8977   144        0.0000    16                      0.0000   117356         
  10178   169        0.0000    26                      0.0000   153202         
  11411   152        0.0000    18                      0.0000   192149         
  12691   134        0.0000    18                      0.0000   231832         
  14070   132        0.0000    24                      0.0000   271292         
  19418   166        0.0000    18                      0.0000   432874         
Elapsed real time =   3.89 sec. (tree size =  0.03 MB, solutions = 0)
  24859   242        0.0000    23                      0.0000   603678         
  30161   236        0.0000    25                      0.0000   774703         
  35997   315        0.0000    22                      0.0000   947528         
  41702   323        0.0000    21                      0.0000  1121320         
  47490   292        0.0000    17                      0.0000  1294322         
  53189   325        0.0000    29                      0.0000  1470226         
  59174   344        0.0000    25                      0.0000  1640939         
  65155   346        0.0000    24                      0.0000  1812350         
* 70434   301      integral     0        0.0000        0.0000  1971190    0.00%

Root node processing (before b&c):
  Real time             =    0.09
Parallel b&c, 4 threads:
  Real time             =   12.44
  Sync time (average)   =    0.02
  Wait time (average)   =    0.00
                          -------
Total (root+branch&cut) =   12.53 sec.
  new LB=8  new UB = 10
    Versuch 3  :Tried aggregator 1 time.
MIP Presolve eliminated 48 rows and 2 columns.
MIP Presolve modified 759 coefficients.
Reduced MIP has 506 rows, 276 columns, and 1518 nonzeros.
Reduced MIP has 253 binaries, 0 generals, 0 SOSs, and 0 indicators.
Probing time =    0.00 sec.
Tried aggregator 1 time.
Presolve time =    0.00 sec.
Probing time =    0.00 sec.
MIP emphasis: balance optimality and feasibility.
MIP search method: dynamic search.
Parallel mode: deterministic, using up to 4 threads.
Root relaxation solution time =    0.00 sec.

        Nodes                                         Cuts/
   Node  Left     Objective  IInf  Best Integer    Best Bound    ItCnt     Gap

      0     0        0.0000   101                      0.0000      129         
      0     0        0.0000    37                    Cuts: 12      169         
      0     0        0.0000    56                   Cuts: 172      254         
      0     0        0.0000    37                    Cuts: 17      279         
      0     0        0.0000    56                   Cuts: 151      334         
      0     2        0.0000    24                      0.0000      334         
Elapsed real time =   0.09 sec. (tree size =  0.01 MB, solutions = 0)
   2884   125        0.0000    18                      0.0000    30342         
   4899   144        0.0000    29                      0.0000    51850         
   7189   150        0.0000    37                      0.0000    71551         
Elapsed real time =   1.51 sec. (tree size =  0.09 MB, solutions = 0)
   7854   138        0.0000    15                      0.0000    94785         
   9074   124        0.0000    22                      0.0000   133744         
  10328   151        0.0000    30                      0.0000   173844         
  11515   175        0.0000    19                      0.0000   217069         
  12805   135        0.0000    22                      0.0000   260896         
  14073   127        0.0000    20                      0.0000   304452         
  15477   111        0.0000    19                      0.0000   349941         
  16857    94        0.0000    22                      0.0000   394162         
  18062   131        0.0000    17                      0.0000   439815         
  23282   146        0.0000    27                      0.0000   621276         
Elapsed real time =   4.58 sec. (tree size =  0.04 MB, solutions = 0)
  28614   201        0.0000    25                      0.0000   799413         
  34196   224        0.0000    26                      0.0000   984550         
  39906   210        0.0000    30                      0.0000  1170619         
  45713   214        0.0000    24                      0.0000  1356565         
  51326   162        0.0000    31                      0.0000  1545916         
  57121   235        0.0000    29                      0.0000  1736900         
  62864   175        0.0000    29                      0.0000  1929645         
  68453   186        0.0000    24                      0.0000  2121216         
  74317   125        0.0000    30                      0.0000  2313159         

Root node processing (before b&c):
  Real time             =    0.09
Parallel b&c, 4 threads:
  Real time             =   13.53
  Sync time (average)   =    0.02
  Wait time (average)   =    0.00
                          -------
Total (root+branch&cut) =   13.62 sec.
  new LB=9  new UB = 10
    Versuch 4  :Tried aggregator 1 time.
MIP Presolve eliminated 48 rows and 2 columns.
MIP Presolve modified 759 coefficients.
Reduced MIP has 506 rows, 276 columns, and 1518 nonzeros.
Reduced MIP has 253 binaries, 0 generals, 0 SOSs, and 0 indicators.
Probing time =    0.00 sec.
Tried aggregator 1 time.
Presolve time =    0.00 sec.
Probing time =    0.00 sec.
MIP emphasis: balance optimality and feasibility.
MIP search method: dynamic search.
Parallel mode: deterministic, using up to 4 threads.
Root relaxation solution time =    0.00 sec.

        Nodes                                         Cuts/
   Node  Left     Objective  IInf  Best Integer    Best Bound    ItCnt     Gap

      0     0        0.0000    98                      0.0000      135         
      0     0        0.0000    38                    Cuts: 13      165         
      0     0        0.0000    49                   Cuts: 112      250         
      0     0        0.0000    42                    Cuts: 25      274         
      0     0        0.0000    42                   Cuts: 103      310         
      0     2        0.0000    32                      0.0000      310         
Elapsed real time =   0.10 sec. (tree size =  0.01 MB, solutions = 0)
   2629   270        0.0000    18                      0.0000    29376         
   4731   331        0.0000    17                      0.0000    53203         
   6973   716        0.0000    12                      0.0000    74622         
   7056   751        0.0000    30                      0.0000    75541         
   7681   139        0.0000    21                      0.0000    96233         
   8913   154        0.0000    20                      0.0000   135702         
  10206   195        0.0000    27                      0.0000   176350         
  11441   232    infeasible                            0.0000   216619         
  12713   259        0.0000    19                      0.0000   257595         
  18135   411        0.0000    23                      0.0000   428709         
Elapsed real time =   3.63 sec. (tree size =  0.04 MB, solutions = 0)
  23748   604        0.0000    23                      0.0000   605843         
  29568   615        0.0000    26                      0.0000   782506         
  35299   650        0.0000    23                      0.0000   962886         
  40985   827        0.0000    21                      0.0000  1144231         
  46510   816        0.0000    27                      0.0000  1322162         
  52259   900        0.0000    22                      0.0000  1499023         
  57969   882        0.0000    27                      0.0000  1679439         
  63601   918    infeasible                            0.0000  1861306         
  69715   973        0.0000    26                      0.0000  2041970         
  75627   976        0.0000    18                      0.0000  2219525         
Elapsed real time =  13.16 sec. (tree size =  0.11 MB, solutions = 0)
  81599   908        0.0000    30                      0.0000  2401211         
  87327   893        0.0000    19                      0.0000  2584442         
  92968   992        0.0000    21                      0.0000  2768205         
  98943  1019        0.0000    19                      0.0000  2950194         
 104860   996        0.0000    22                      0.0000  3137293         
 110718   930        0.0000    23                      0.0000  3320737         
 116716   919        0.0000    21                      0.0000  3501500         
 122535   952        0.0000    27                      0.0000  3686439         
 128450   893        0.0000    18                      0.0000  3867799         
 134228   897        0.0000    25                      0.0000  4047886         
Elapsed real time =  22.91 sec. (tree size =  0.09 MB, solutions = 0)
 140127   948        0.0000    28                      0.0000  4231160         
 145895  1034        0.0000    30                      0.0000  4411093         
 151696   948        0.0000    30                      0.0000  4595353         
 157497   910        0.0000    30                      0.0000  4778889         
 163304   881        0.0000    23                      0.0000  4963923         
 169303  1021        0.0000    31                      0.0000  5144881         
 175232   917        0.0000    30                      0.0000  5326042         
 181072   921        0.0000    25                      0.0000  5510648         
 187186   916        0.0000    31                      0.0000  5692528         
 193185  1001        0.0000    22                      0.0000  5874592         
Elapsed real time =  32.62 sec. (tree size =  0.11 MB, solutions = 0)
 199108   941        0.0000    23                      0.0000  6056202         
 204988   953        0.0000    24                      0.0000  6240955         
 210977   972        0.0000    20                      0.0000  6426254         
 217237  1020        0.0000    21                      0.0000  6615920         
 223515  1020        0.0000    22                      0.0000  6805483         
 229644   987        0.0000    23                      0.0000  6987913         
 235556  1112        0.0000    22                      0.0000  7172083         
 241410  1113        0.0000    26                      0.0000  7356920         
 247125  1102        0.0000    33                      0.0000  7543662         
 253108  1013        0.0000    30                      0.0000  7729369         
Elapsed real time =  42.25 sec. (tree size =  0.13 MB, solutions = 0)
 259107  1067        0.0000    23                      0.0000  7916307         
 265293   984        0.0000    29                      0.0000  8102822         
 271527  1004        0.0000    26                      0.0000  8288807         
 277690   989        0.0000    19                      0.0000  8480822         
 283709   990        0.0000    13                      0.0000  8664985         
 289965   946        0.0000    21                      0.0000  8853165         
 296117   901        0.0000    22                      0.0000  9038881         
 302296   854        0.0000    26                      0.0000  9225065         
 308259   821        0.0000    26                      0.0000  9410126         
 314404   808        0.0000    33                      0.0000  9593241         
Elapsed real time =  51.88 sec. (tree size =  0.08 MB, solutions = 0)
 320598   828        0.0000    22                      0.0000  9778253         
 326524   837        0.0000    24                      0.0000  9962519         
 332646   768        0.0000    24                      0.0000 10143036         
 338883   731        0.0000    23                      0.0000 10325516         
 344725   715        0.0000    25                      0.0000 10512088         
 350728   693        0.0000    21                      0.0000 10694376         
 356853   641        0.0000    19                      0.0000 10878470         
 362808   697        0.0000    27                      0.0000 11068217         
 368984   678        0.0000    24                      0.0000 11255512         
 375200   664        0.0000    24                      0.0000 11440039         
Elapsed real time =  61.57 sec. (tree size =  0.07 MB, solutions = 0)
 381352   570        0.0000    24                      0.0000 11626583         
 387501   589        0.0000    23                      0.0000 11813831         
 393753   562        0.0000    27                      0.0000 11998863         
 399716   591        0.0000    16                      0.0000 12187186         
 405703   592        0.0000    25                      0.0000 12370239         
 411832   585        0.0000    30                      0.0000 12556240         
 417739   678        0.0000    25                      0.0000 12740603         
 423765   682        0.0000    22                      0.0000 12931079         
 429847   626        0.0000    24                      0.0000 13118960         
 436076   564        0.0000    21                      0.0000 13308576         
Elapsed real time =  71.18 sec. (tree size =  0.06 MB, solutions = 0)
 442333   547        0.0000    23                      0.0000 13497587         
 448596   629        0.0000    29                      0.0000 13680832         
 454759   715        0.0000    27                      0.0000 13862207         
 460911   635        0.0000    32                      0.0000 14046235         
 467028   637        0.0000    26                      0.0000 14229536         
 473122   493        0.0000    31                      0.0000 14416525         
 479128   509        0.0000    30                      0.0000 14602108         
 485299   420        0.0000    24                      0.0000 14788923         
 491400   326        0.0000    24                      0.0000 14976937         
 497613   167        0.0000    27                      0.0000 15166478         
Elapsed real time =  80.89 sec. (tree size =  0.03 MB, solutions = 0)
 503643   151        0.0000    30                      0.0000 15352242         
 509607   126        0.0000    15                      0.0000 15535318         
 515998   156        0.0000    22                      0.0000 15718218         
 522234   167        0.0000    23                      0.0000 15904571         
 528576   122        0.0000    23                      0.0000 16093385         
 534884   135        0.0000    24                      0.0000 16278588         
 541060   140        0.0000    35                      0.0000 16465350         
 547273   116        0.0000    25                      0.0000 16649747         
 553424    75        0.0000    25                      0.0000 16832054         

Root node processing (before b&c):
  Real time             =    0.09
Parallel b&c, 4 threads:
  Real time             =   90.83
  Sync time (average)   =    0.07
  Wait time (average)   =    0.00
                          -------
Total (root+branch&cut) =   90.92 sec.
  new LB=9.5  new UB = 10
Tried aggregator 1 time.
MIP Presolve eliminated 25 rows and 1 columns.
MIP Presolve modified 759 coefficients.
Reduced MIP has 529 rows, 277 columns, and 1564 nonzeros.
Reduced MIP has 253 binaries, 0 generals, 0 SOSs, and 0 indicators.
Probing time =    0.00 sec.
Tried aggregator 1 time.
Presolve time =    0.00 sec.
Probing time =    0.00 sec.
MIP emphasis: balance optimality and feasibility.
MIP search method: dynamic search.
Parallel mode: deterministic, using up to 4 threads.
Root relaxation solution time =    0.00 sec.

        Nodes                                         Cuts/
   Node  Left     Objective  IInf  Best Integer    Best Bound    ItCnt     Gap

      0     0        9.5000   152                      9.5000      168         
      0     0        9.5000    41                     Cuts: 7      187         
      0     0        9.5000    62                   Cuts: 143      285         
      0     0        9.5000    33                    Cuts: 20      313         
      0     0        9.5000    41                    Cuts: 76      368         
      0     2        9.5000    32                      9.5000      368         
Elapsed time =   0.18 sec. (tree size =  0.01 MB, solutions = 0)
   2447   205        9.5000    22                      9.5000    26065         
   4750   292        9.5000    26                      9.5000    51467         
   7025   352        9.5000    37                      9.5000    70883         
Elapsed time =   3.46 sec. (tree size =  0.12 MB, solutions = 0)
   7730    94       11.0000    18                      9.5000    91496         
   8990   230        9.5000    22                      9.5000   128251         
  10245   325        9.5359    27                      9.5000   165428         
  11573   345        9.5000    22                      9.5000   204473         
  12927   374        9.5000    23                      9.5000   243654         
  14297   501       10.2679    21                      9.5000   282441         
  15613   688        9.5000    16                      9.5000   321075         
  16958   701        9.5000    23                      9.5000   362285         
  18285   776        9.5000    30                      9.5000   402794         
* 18537   755      integral     0        9.8666        9.5000   409472    3.72%
Elapsed time =  11.90 sec. (tree size =  0.07 MB, solutions = 0)
* 18561+  756                            9.8666        9.5000   410246    3.72%
  22346   745        9.5000    26        9.8666        9.5000   525990    3.72%
  27421   980        9.5000    22        9.8666        9.5000   689291    3.72%
  32456  1049        9.5000    32        9.8666        9.5000   847286    3.72%
  37580  1177        9.5000    30        9.8666        9.5000  1001298    3.72%
  43077  1188        9.5000    26        9.8666        9.5000  1154987    3.72%
  48511  1223        9.5000    26        9.8666        9.5000  1309832    3.72%
  53538  1208        9.5000    24        9.8666        9.5000  1465305    3.72%
  58909  1320        9.5000    15        9.8666        9.5000  1619521    3.72%
  64250  1374        9.5000    24        9.8666        9.5000  1772095    3.72%
  69693  1323        9.8038    17        9.8666        9.5000  1928270    3.72%
Elapsed time =  49.96 sec. (tree size =  0.23 MB, solutions = 1)
  74742  1381        9.5000    21        9.8666        9.5000  2080236    3.72%
  79831  1423        9.5000    22        9.8666        9.5000  2240794    3.72%
  84955  1398        9.5000    20        9.8666        9.5000  2401466    3.72%
* 87321  1484      integral     0        9.7803        9.5000  2477505    2.87%
  92544  1280        9.5000    35        9.7803        9.5000  2637371    2.87%
  97865  1384        9.5000    20        9.7803        9.5000  2797291    2.87%
 103120  1579        9.5000    19        9.7803        9.5000  2961065    2.87%
 108307  1509        9.5000    23        9.7803        9.5000  3126184    2.87%
 113384  1607        9.5000    22        9.7803        9.5000  3284868    2.87%
 118430  1551        9.5000    16        9.7803        9.5000  3439045    2.87%
Elapsed time =  86.72 sec. (tree size =  0.30 MB, solutions = 2)
 123668  1515        9.5000    29        9.7803        9.5000  3602087    2.87%
 128714  1468        9.5359    20        9.7803        9.5000  3762454    2.87%
 133995  1648        9.5000    29        9.7803        9.5000  3926524    2.87%
 139093  1736        9.5000    27        9.7803        9.5000  4089579    2.87%
 144206  1737        9.5000    24        9.7803        9.5000  4250071    2.87%
 149413  1665        9.5000    32        9.7803        9.5000  4409913    2.87%
 154491  1596        9.5359    25        9.7803        9.5000  4573188    2.87%
 159907  1634        9.5000    28        9.7803        9.5000  4737588    2.87%
 165124  1592        9.5000    31        9.7803        9.5000  4901619    2.87%
 170455  1600        9.5000    27        9.7803        9.5000  5066862    2.87%
Elapsed time = 125.42 sec. (tree size =  0.31 MB, solutions = 2)
 175481  1590        9.5000    21        9.7803        9.5000  5221904    2.87%
 180543  1600        9.5000    20        9.7803        9.5000  5386071    2.87%
 185513  1652        9.5000    18        9.7803        9.5000  5542348    2.87%
 190373  1629        9.5000    22        9.7803        9.5000  5703423    2.87%
 195497  1608        9.5000    19        9.7803        9.5000  5862504    2.87%
 200856  1609        9.5000    21        9.7803        9.5000  6025946    2.87%
 206054  1628        9.5000    24        9.7803        9.5000  6188649    2.87%
 211115  1638        9.5000    34        9.7803        9.5000  6346457    2.87%
 216103  1648        9.5000    21        9.7803        9.5000  6508362    2.87%
 221089  1722        9.5000    30        9.7803        9.5000  6668799    2.87%
Elapsed time = 164.22 sec. (tree size =  0.34 MB, solutions = 2)
 226052  1745        9.5000    23        9.7803        9.5000  6830001    2.87%
 231211  1704        9.5000    26        9.7803        9.5000  6992604    2.87%
 236333  1714        9.5000    25        9.7803        9.5000  7157394    2.87%
 241396  1698    infeasible              9.7803        9.5000  7323642    2.87%
 246757  1780        9.5000    20        9.7803        9.5000  7492742    2.87%
 252035  1786        9.5000    21        9.7803        9.5000  7658811    2.87%
 257368  1788        9.5000    29        9.7803        9.5000  7820167    2.87%
 262625  1792        9.5000    30        9.7803        9.5000  7990301    2.87%
 267924  1784        9.5123    19        9.7803        9.5000  8157811    2.87%
 273082  1741        9.5000    31        9.7803        9.5000  8323641    2.87%
Elapsed time = 202.74 sec. (tree size =  0.35 MB, solutions = 2)
 278285  1705        9.5000    23        9.7803        9.5000  8488355    2.87%
 283214  1719        9.5359    21        9.7803        9.5000  8647455    2.87%
 288465  1749        9.5000    20        9.7803        9.5000  8807066    2.87%
 293773  1717        9.5000    26        9.7803        9.5000  8967515    2.87%
 299119  1752        9.5731    26        9.7803        9.5000  9130278    2.87%
 304402  1660        9.5000    19        9.7803        9.5000  9295090    2.87%
 309589  1649        9.5000    25        9.7803        9.5000  9461630    2.87%
 314788  1632        9.5000    27        9.7803        9.5000  9626188    2.87%
 320028  1642        9.5000    15        9.7803        9.5000  9792603    2.87%
 325128  1602        9.5000    34        9.7803        9.5000  9957410    2.87%
Elapsed time = 241.36 sec. (tree size =  0.31 MB, solutions = 2)
 330302  1648        9.5359    26        9.7803        9.5000 10118568    2.87%
 335407  1640        9.5000    23        9.7803        9.5000 10283521    2.87%
 340676  1637        9.5000    30        9.7803        9.5000 10444104    2.87%
 345744  1699        9.5000    22        9.7803        9.5000 10604928    2.87%
 350783  1690        9.5000    19        9.7803        9.5000 10767914    2.87%
 355940  1672        9.5000    22        9.7803        9.5000 10929018    2.87%
 361079  1578        9.5000    23        9.7803        9.5000 11096616    2.87%
 366254  1524        9.5000    29        9.7803        9.5000 11267334    2.87%
 372037  1634        9.5000    25        9.7803        9.5000 11424540    2.87%
 377481  1582        9.5000    25        9.7803        9.5000 11591545    2.87%
Elapsed time = 280.06 sec. (tree size =  0.31 MB, solutions = 2)
 382545  1544        9.5000    27        9.7803        9.5000 11758018    2.87%
 387622  1596        9.5000    21        9.7803        9.5000 11923181    2.87%
 392833  1507        9.5542    25        9.7803        9.5000 12089271    2.87%
 397847  1508        9.5000    22        9.7803        9.5000 12254259    2.87%
 403173  1523        9.5000    22        9.7803        9.5000 12421236    2.87%
 408183  1571        9.5000    24        9.7803        9.5000 12591885    2.87%
 413395  1520        9.5000    25        9.7803        9.5000 12763056    2.87%
 418222  1511        9.5000    25        9.7803        9.5000 12920428    2.87%
 423374  1581        9.6222    19        9.7803        9.5000 13086102    2.87%
 428532  1623        9.5000    22        9.7803        9.5000 13253288    2.87%
Elapsed time = 318.35 sec. (tree size =  0.32 MB, solutions = 2)
 433748  1520        9.5000    16        9.7803        9.5000 13415715    2.87%
 438947  1519        9.5000    18        9.7803        9.5000 13585680    2.87%
 444141  1527        9.5000    26        9.7803        9.5000 13748305    2.87%
 449307  1490        9.5000    21        9.7803        9.5000 13911439    2.87%
 454514  1424        9.5000    21        9.7803        9.5000 14077885    2.87%
 459481  1379        9.5000    25        9.7803        9.5000 14243279    2.87%
 464627  1413        9.5000    28        9.7803        9.5000 14413909    2.87%
*465167+ 1405                            9.7803        9.5000 14433882    2.87%
 469660  1401        9.5000    19        9.7803        9.5000 14584361    2.87%
 474964  1430        9.5359    30        9.7803        9.5000 14755730    2.87%
 489386  1433        9.5000    19        9.7803        9.5000 15223973    2.87%
Elapsed time = 365.73 sec. (tree size =  0.26 MB, solutions = 2)
 510162  1317       11.1065    25        9.7803        9.5000 15905858    2.87%
 531246  1317        9.5000    26        9.7803        9.5000 16596344    2.87%
 552799  1300        9.5000    23        9.7803        9.5000 17268960    2.87%
 567841  1311        9.5000    21        9.7803        9.5000 17740726    2.87%

Root node processing (before b&c):
  Real time             =    0.18
Parallel b&c, 4 threads:
  Real time             =  435.85
  Sync time (average)   =    0.11
  Wait time (average)   =    0.00
                          -------
Total (root+branch&cut) =  436.03 sec.
Solution status = Optimal
 Number of constraints = 554
Solution value  = 9.78029
c(0)=7.51234 c(1)=9.78029 c(2)=1.26795 c(3)=3.5359 c(4)=5.89015 c(5)=2.6222 c(6)=4.89015 c(7)=7.1581 c(8)=9.42605 c(9)=6.2444 c(10)=8.51234 c(11)=0 c(12)=2.26795 c(13)=4.5359 c(14)=1.35425 c(15)=3.6222 c(16)=5.89015 c(17)=8.1581 c(18)=4.97645 c(19)=7.2444 c(20)=9.78029 c(21)=1 c(22)=3.26795 

883.28user 1.81system 3:55.18elapsed 376%CPU (0avgtext+0avgdata 65172maxresident)k
0inputs+11144outputs (0major+16626minor)pagefaults 0swaps
