30 6

0                             
2 0                            
4 2 0                           
1 3 5 0                          
1 1 3 2 0                         
3 1 1 4 2 0                        
5 3 1 6 4 2 0                       
2 4 6 1 3 5 7 0                      
2 2 4 3 1 3 5 2 0                     
4 2 2 5 3 1 3 4 2 0                    
6 4 2 7 5 3 1 6 4 2 0                   
3 5 7 2 4 6 8 1 3 5 7 0                  
3 3 5 2 2 4 6 1 1 3 5 2 0                 
3 3 3 4 2 2 4 3 1 1 3 4 2 0                
5 3 3 6 4 2 2 5 3 1 1 6 4 2 0               
4 6 8 3 5 7 9 2 4 6 8 1 3 5 7 0              
4 4 6 3 3 5 7 2 2 4 6 3 1 3 5 2 0             
4 4 4 5 3 3 5 4 2 2 4 5 3 1 3 4 2 0            
6 4 4 7 5 3 3 6 4 2 2 7 5 3 1 6 4 2 0           
5 5 7 4 4 6 8 3 3 5 7 2 2 4 6 1 1 3 5 0          
5 5 5 4 4 4 6 3 3 3 5 4 2 2 4 3 1 1 3 2 0         
5 5 5 6 4 4 4 5 3 3 3 6 4 2 2 5 3 1 1 4 2 0        
7 5 5 8 6 4 4 7 5 3 3 8 6 4 2 7 5 3 1 6 4 2 0       
6 6 8 5 5 7 9 4 4 6 8 3 3 5 7 2 2 4 6 1 3 5 7 0      
6 6 6 5 5 5 7 4 4 4 6 5 3 3 5 4 2 2 4 3 1 3 5 2 0     
6 6 6 7 5 5 5 6 4 4 4 7 5 3 3 6 4 2 2 5 3 1 3 4 2 0    
8 6 6 9 7 5 5 8 6 4 4 9 7 5 3 8 6 4 2 7 5 3 1 6 4 2 0   
7 7 7 6 6 6 8 5 5 5 7 4 4 4 6 3 3 3 5 2 2 4 6 1 1 3 5 0  
7 7 7 6 6 6 6 5 5 5 5 6 4 4 4 5 3 3 3 4 2 2 4 3 1 1 3 2 0 
9 7 7 8 6 6 6 7 5 5 5 8 6 4 4 7 5 3 3 6 4 2 2 5 3 1 1 4 2 0
