 numAddVar 276

Graph (V,E) with |V|= 24 and diameter = 7

Coordinates: 
vertex 1 : 0 0
vertex 2 : 1.73205 0
vertex 3 : -0.866025 0.5
vertex 4 : 0.866025 0.5
vertex 5 : 2.59808 0.5
vertex 6 : -0.866025 1.5
vertex 7 : 0.866025 1.5
vertex 8 : 2.59808 1.5
vertex 9 : -1.73205 2
vertex 10 : 0 2
vertex 11 : 1.73205 2
vertex 12 : 3.4641 2
vertex 13 : -1.73205 3
vertex 14 : 0 3
vertex 15 : 1.73205 3
vertex 16 : 3.4641 3
vertex 17 : -0.866025 3.5
vertex 18 : 0.866025 3.5
vertex 19 : 2.59808 3.5
vertex 20 : -0.866025 4.5
vertex 21 : 0.866025 4.5
vertex 22 : 2.59808 4.5
vertex 23 : 0 5
vertex 24 : 1.73205 5

Distances: 
  0 1.73205   1   1 2.64575 1.73205 1.73205   3 2.64575   2 2.64575   4 3.4641   3 3.4641 4.58258 3.60555 3.60555 4.3589 4.58258 4.58258 5.19615   5 5.2915 
1.73205   0 2.64575   1   1   3 1.73205 1.73205   4 2.64575   2 2.64575 4.58258 3.4641   3 3.4641 4.3589 3.60555 3.60555 5.19615 4.58258 4.58258 5.2915   5 
  1 2.64575   0 1.73205 3.4641   1   2 3.60555 1.73205 1.73205   3 4.58258 2.64575 2.64575 3.60555   5   3 3.4641 4.58258   4 4.3589 5.2915 4.58258 5.19615 
  1   1 1.73205   0 1.73205   2   1   2   3 1.73205 1.73205   3 3.60555 2.64575 2.64575 3.60555 3.4641   3 3.4641 4.3589   4 4.3589 4.58258 4.58258 
2.64575   1 3.4641 1.73205   0 3.60555   2   1 4.58258   3 1.73205 1.73205   5 3.60555 2.64575 2.64575 4.58258 3.4641   3 5.2915 4.3589   4 5.19615 4.58258 
1.73205   3   1   2 3.60555   0 1.73205 3.4641   1   1 2.64575 4.3589 1.73205 1.73205   3 4.58258   2 2.64575   4   3 3.4641 4.58258 3.60555 4.3589 
1.73205 1.73205   2   1   2 1.73205   0 1.73205 2.64575   1   1 2.64575   3 1.73205 1.73205   3 2.64575   2 2.64575 3.4641   3 3.4641 3.60555 3.60555 
  3 1.73205 3.60555   2   1 3.4641 1.73205   0 4.3589 2.64575   1   1 4.58258   3 1.73205 1.73205   4 2.64575   2 4.58258 3.4641   3 4.3589 3.60555 
2.64575   4 1.73205   3 4.58258   1 2.64575 4.3589   0 1.73205 3.4641 5.19615   1   2 3.60555 5.2915 1.73205   3 4.58258 2.64575 3.60555   5 3.4641 4.58258 
  2 2.64575 1.73205 1.73205   3   1   1 2.64575 1.73205   0 1.73205 3.4641   2   1   2 3.60555 1.73205 1.73205   3 2.64575 2.64575 3.60555   3 3.4641 
2.64575   2   3 1.73205 1.73205 2.64575   1   1 3.4641 1.73205   0 1.73205 3.60555   2   1   2   3 1.73205 1.73205 3.60555 2.64575 2.64575 3.4641   3 
  4 2.64575 4.58258   3 1.73205 4.3589 2.64575   1 5.19615 3.4641 1.73205   0 5.2915 3.60555   2   1 4.58258   3 1.73205   5 3.60555 2.64575 4.58258 3.4641 
3.4641 4.58258 2.64575 3.60555   5 1.73205   3 4.58258   1   2 3.60555 5.2915   0 1.73205 3.4641 5.19615   1 2.64575 4.3589 1.73205   3 4.58258 2.64575   4 
  3 3.4641 2.64575 2.64575 3.60555 1.73205 1.73205   3   2   1   2 3.60555 1.73205   0 1.73205 3.4641   1   1 2.64575 1.73205 1.73205   3   2 2.64575 
3.4641   3 3.60555 2.64575 2.64575   3 1.73205 1.73205 3.60555   2   1   2 3.4641 1.73205   0 1.73205 2.64575   1   1   3 1.73205 1.73205 2.64575   2 
4.58258 3.4641   5 3.60555 2.64575 4.58258   3 1.73205 5.2915 3.60555   2   1 5.19615 3.4641 1.73205   0 4.3589 2.64575   1 4.58258   3 1.73205   4 2.64575 
3.60555 4.3589   3 3.4641 4.58258   2 2.64575   4 1.73205 1.73205   3 4.58258   1   1 2.64575 4.3589   0 1.73205 3.4641   1   2 3.60555 1.73205   3 
3.60555 3.60555 3.4641   3 3.4641 2.64575   2 2.64575   3 1.73205 1.73205   3 2.64575   1   1 2.64575 1.73205   0 1.73205   2   1   2 1.73205 1.73205 
4.3589 3.60555 4.58258 3.4641   3   4 2.64575   2 4.58258   3 1.73205 1.73205 4.3589 2.64575   1   1 3.4641 1.73205   0 3.60555   2   1   3 1.73205 
4.58258 5.19615   4 4.3589 5.2915   3 3.4641 4.58258 2.64575 2.64575 3.60555   5 1.73205 1.73205   3 4.58258   1   2 3.60555   0 1.73205 3.4641   1 2.64575 
4.58258 4.58258 4.3589   4 4.3589 3.4641   3 3.4641 3.60555 2.64575 2.64575 3.60555   3 1.73205 1.73205   3   2   1   2 1.73205   0 1.73205   1   1 
5.19615 4.58258 5.2915 4.3589   4 4.58258 3.4641   3   5 3.60555 2.64575 2.64575 4.58258   3 1.73205 1.73205 3.60555   2   1 3.4641 1.73205   0 2.64575   1 
  5 5.2915 4.58258 4.58258 5.19615 3.60555 3.60555 4.3589 3.4641   3 3.4641 4.58258 2.64575   2 2.64575   4 1.73205 1.73205   3   1   1 2.64575   0 1.73205 
5.2915   5 5.19615 4.58258 4.58258 4.3589 3.60555 3.60555 4.58258 3.4641   3 3.4641   4 2.64575   2 2.64575   3 1.73205 1.73205 2.64575   1   1 1.73205   0 
d: 
  0 2.26795   3   3 1.35425 2.26795 2.26795   1 1.35425   2 1.35425   0 0.535898   1 0.535898   0 0.394449 0.394449   0   0   0   0   0   0 
2.26795   0 1.35425   3   3   1 2.26795 2.26795 4.44089e-16 1.35425   2 1.35425   0 0.535898   1 0.535898   0 0.394449 0.394449   0   0   0   0   0 
  3 1.35425   0 2.26795 0.535898   3   2 0.394449 2.26795 2.26795   1   0 1.35425 1.35425 0.394449   0   1 0.535898   0   0   0   0   0   0 
  3   3 2.26795   0 2.26795   2   3   2   1 2.26795 2.26795   1 0.394449 1.35425 1.35425 0.394449 0.535898   1 0.535898   0   0   0   0   0 
1.35425   3 0.535898 2.26795   0 0.394449   2   3   0   1 2.26795 2.26795   0 0.394449 1.35425 1.35425   0 0.535898   1   0   0   0   0   0 
2.26795   1   3   2 0.394449   0 2.26795 0.535898   3   3 1.35425   0 2.26795 2.26795   1   0   2 1.35425 4.44089e-16   1 0.535898   0 0.394449   0 
2.26795 2.26795   2   3   2 2.26795   0 2.26795 1.35425   3   3 1.35425   1 2.26795 2.26795   1 1.35425   2 1.35425 0.535898   1 0.535898 0.394449 0.394449 
  1 2.26795 0.394449   2   3 0.535898 2.26795   0   0 1.35425   3   3   0   1 2.26795 2.26795 4.44089e-16 1.35425   2   0 0.535898   1   0 0.394449 
1.35425 4.44089e-16 2.26795   1   0   3 1.35425   0   0 2.26795 0.535898   0   3   2 0.394449   0 2.26795   1   0 1.35425 0.394449   0 0.535898   0 
  2 1.35425 2.26795 2.26795   1   3   3 1.35425 2.26795   0 2.26795 0.535898   2   3   2 0.394449 2.26795 2.26795   1 1.35425 1.35425 0.394449   1 0.535898 
1.35425   2   1 2.26795 2.26795 1.35425   3   3 0.535898 2.26795   0 2.26795 0.394449   2   3   2   1 2.26795 2.26795 0.394449 1.35425 1.35425 0.535898   1 
  0 1.35425   0   1 2.26795   0 1.35425   3   0 0.535898 2.26795   0   0 0.394449   2   3   0   1 2.26795   0 0.394449 1.35425   0 0.535898 
0.535898   0 1.35425 0.394449   0 2.26795   1   0   3   2 0.394449   0   0 2.26795 0.535898   0   3 1.35425   0 2.26795   1   0 1.35425 4.44089e-16 
  1 0.535898 1.35425 1.35425 0.394449 2.26795 2.26795   1   2   3   2 0.394449 2.26795   0 2.26795 0.535898   3   3 1.35425 2.26795 2.26795   1   2 1.35425 
0.535898   1 0.394449 1.35425 1.35425   1 2.26795 2.26795 0.394449   2   3   2 0.535898 2.26795   0 2.26795 1.35425   3   3   1 2.26795 2.26795 1.35425   2 
  0 0.535898   0 0.394449 1.35425   0   1 2.26795   0 0.394449   2   3   0 0.535898 2.26795   0   0 1.35425   3   0   1 2.26795   0 1.35425 
0.394449   0   1 0.535898   0   2 1.35425 4.44089e-16 2.26795 2.26795   1   0   3   3 1.35425   0   0 2.26795 0.535898   3   2 0.394449 2.26795   1 
0.394449 0.394449 0.535898   1 0.535898 1.35425   2 1.35425   1 2.26795 2.26795   1 1.35425   3   3 1.35425 2.26795   0 2.26795   2   3   2 2.26795 2.26795 
  0 0.394449   0 0.535898   1 4.44089e-16 1.35425   2   0   1 2.26795 2.26795   0 1.35425   3   3 0.535898 2.26795   0 0.394449   2   3   1 2.26795 
  0   0   0   0   0   1 0.535898   0 1.35425 1.35425 0.394449   0 2.26795 2.26795   1   0   3   2 0.394449   0 2.26795 0.535898   3 1.35425 
  0   0   0   0   0 0.535898   1 0.535898 0.394449 1.35425 1.35425 0.394449   1 2.26795 2.26795   1   2   3   2 2.26795   0 2.26795   3   3 
  0   0   0   0   0   0 0.535898   1   0 0.394449 1.35425 1.35425   0   1 2.26795 2.26795 0.394449   2   3 0.535898 2.26795   0 1.35425   3 
  0   0   0   0   0 0.394449 0.394449   0 0.535898   1 0.535898   0 1.35425   2 1.35425   0 2.26795 2.26795   1   3   3 1.35425   0 2.26795 
  0   0   0   0   0   0 0.394449 0.394449   0 0.535898   1 0.535898 4.44089e-16 1.35425   2 1.35425   1 2.26795 2.26795 1.35425   3   3 2.26795   0 

max distance : 3
Number of variables 301
Tried aggregator 1 time.
MIP Presolve eliminated 24 rows and 1 columns.
Reduced MIP has 590 rows, 301 columns, and 1760 nonzeros.
Reduced MIP has 276 binaries, 0 generals, 0 SOSs, and 0 indicators.
Probing time =    0.00 sec.
Tried aggregator 1 time.
Presolve time =    0.00 sec.
Probing time =    0.00 sec.
MIP emphasis: balance optimality and feasibility.
MIP search method: dynamic search.
Parallel mode: deterministic, using up to 4 threads.
Root relaxation solution time =    0.01 sec.

        Nodes                                         Cuts/
   Node  Left     Objective  IInf  Best Integer    Best Bound    ItCnt     Gap

*     0+    0                           39.7846                    239     --- 
      0     0        3.2679   213       39.7846        3.2679      239   91.79%
      0     0        3.3517   213       39.7846     Cuts: 247      514   91.58%
      0     0        4.4599   176       39.7846     Cuts: 247      750   88.79%
      0     0        4.7679   173       39.7846      Cuts: 80      872   88.02%
      0     0        4.7679   185       39.7846      Cuts: 91      968   88.02%
      0     0        4.7680   157       39.7846      Cuts: 45     1086   88.02%
*     0+    0                           25.5772        4.7680     1210   81.36%
      0     0        4.7679   167       25.5772     Cuts: 119     1210   81.36%
*     0+    0                           25.3093        4.7680     1210   81.16%
      0     2        4.7679   116       25.3093        4.7680     1210   81.16%
Elapsed real time =   0.13 sec. (tree size =  0.01 MB, solutions = 3)
*   103+  103                           25.1217        4.7892     5790   80.94%
*   243+  243                           24.3956        4.7892    10004   80.37%
*   384+  384                           23.9931        4.7892    11424   80.04%
*   397   396      integral     0       22.6388        4.7892    11493   78.85%
*   526+  500                           22.5456        4.7892    14003   78.76%
*   526+  500                           22.2316        4.7892    14003   78.46%
*   530   501      integral     0       20.5456        4.7892    14017   76.69%
*  1045+  954                           20.3564        4.8016    24858   76.41%
*  1141+ 1024                           20.2208        5.1013    27250   74.77%
   1242  1102        5.3349    89       20.2208        5.3349    30373   73.62%
*  1243+  734                           20.1983        5.3349    30504   73.59%
   1243   735        5.3349    97       20.1983        5.3349    30504   73.59%
*  1500   600      integral     0       20.1914        5.3349    36820   73.58%
*  1811+  632                           20.0590        5.3671    43578   73.24%
*  1811+  581                           19.6645        5.3671    43578   72.71%
   1811   583       19.0718    10       19.6645        5.3671    43578   72.71%
*  2271   836      integral     0       19.5692        5.7885    51567   70.42%
*  2532  1037      integral     0       19.5525        5.9019    56457   69.82%
*  2742  1201      integral     0       19.3709        6.0473    60899   68.78%
*  3290+ 1630                           19.3473        6.2481    71987   67.71%
*  3322  1646      integral     0       19.2208        6.2481    72281   67.49%
Elapsed real time =   1.99 sec. (tree size =  0.52 MB, solutions = 21)
*  3935  2122      integral     0       19.2080        6.4235    82679   66.56%
*  3939  2124      integral     0       19.1914        6.4235    82769   66.53%
*  4262  2376      integral     0       19.0884        6.4689    88083   66.11%
*  4268  2379      integral     0       19.0649        6.4689    88141   66.07%
*  5330  3177      integral     0       19.0097        6.6222   106523   65.16%
*  5458  3259      integral     0       18.9234        6.6222   109052   65.01%
*  6199  3783      integral     0       18.9068        7.1519   122473   62.17%
*  6215  3796      integral     0       18.8205        7.1519   122682   62.00%
*  6932  4307      integral     0       18.7820        7.2679   134045   61.30%
*  6952  4317      integral     0       18.6555        7.2679   134199   61.04%
Elapsed real time =   2.41 sec. (tree size =  1.45 MB, solutions = 31)
*  7339  4532      integral     0       18.6094        7.2679   141292   60.94%
*  7799  4849      integral     0       18.4427        7.4019   149058   59.87%
*  7803  4851      integral     0       18.3012        7.4019   149152   59.56%
*  8575  5201      integral     0       18.2482        7.5359   162299   58.70%
*  9473  5796      integral     0       18.1747        7.5359   177283   58.54%
* 10531  6484      integral     0       18.1051        7.6173   197099   57.93%
* 10535  6481      integral     0       18.0649        7.6173   197146   57.83%
* 16447+10246                           17.9931        8.2679   309534   54.05%
* 16463 10253      integral     0       17.9529        8.2679   309687   53.95%
* 18497 11471      integral     0       17.8222        8.2859   346881   53.51%
* 21198 12914      integral     0       17.7016        8.6222   393746   51.29%
Elapsed real time =   3.98 sec. (tree size =  4.51 MB, solutions = 46)
  23379 14044       16.5123    24       17.7016        8.8038   431812   50.27%
  25129 15019        9.0000    56       17.7016        8.9569   466530   49.40%
  31453 18672       17.6222    16       17.7016        9.3038   583148   47.44%
  38149 22371        9.6409    72       17.7016        9.5359   704533   46.13%
  44226 25642        9.8038    71       17.7016        9.8038   820184   44.62%
  50040 28765       14.1581    29       17.7016        9.8038   928233   44.62%
  56506 32305       15.6222    21       17.7016       10.0000  1041183   43.51%
* 57976 33109      integral     0       17.6790       10.0000  1069898   43.44%
* 60262 34265      integral     0       17.6243       10.0538  1111325   42.95%
* 63298 35727      integral     0       17.4679       10.1699  1162287   41.78%
Elapsed real time =  10.53 sec. (tree size = 14.36 MB, solutions = 48)
  69155 38306       14.8038    21       17.4679       10.2679  1263804   41.22%
  74388 41090       10.5905    51       17.4679       10.2679  1367768   41.22%
  80022 43851       11.7562    32       17.4679       10.3709  1469129   40.63%
  84049 45742       13.6699    28       17.4679       10.5359  1533142   39.68%
  89720 48563       13.1581    39       17.4679       10.5359  1628160   39.68%
  95431 51499       14.2679    33       17.4679       10.5359  1728919   39.68%
*100012 53727      integral     0       17.4427       10.6222  1808188   39.10%
 105797 56473       13.4810    47       17.4427       10.8038  1897121   38.06%
 111442 59213       14.5986    22       17.4427       10.8038  1986477   38.06%
 117161 61948       14.3397    45       17.4427       10.8038  2077592   38.06%
Elapsed real time =  18.03 sec. (tree size = 24.68 MB, solutions = 50)
*122359 64392      integral     0       17.4025       10.8901  2159449   37.42%
 128100 66826       13.1581    25       17.4025       10.9019  2248378   37.35%
 133742 69415       16.2444    22       17.4025       11.0000  2339806   36.79%
*139290 72047      integral     0       17.2610       11.0718  2431801   35.86%
 145224 74381       16.1546    19       17.2610       11.0718  2523902   35.86%
 151115 77112       11.0718    43       17.2610       11.0718  2613865   35.86%
 156650 79662       12.3038    43       17.2610       11.0790  2709432   35.81%
 160469 81340       14.4260    22       17.2610       11.1581  2764839   35.36%
 166669 83972       15.0718    20       17.2610       11.1699  2853225   35.29%
 172507 86529       14.6940    20       17.2610       11.2444  2938093   34.86%
Elapsed real time =  25.70 sec. (tree size = 36.38 MB, solutions = 52)
 178446 89208       16.1581    22       17.2610       11.2679  3025422   34.72%
 184154 91775       16.0718    19       17.2610       11.2679  3117140   34.72%
 189557 94269       16.2444    10       17.2610       11.2679  3212035   34.72%
 195033 96773       16.3397    22       17.2610       11.2859  3306298   34.62%
 201176 99395       16.2444    19       17.2610       11.3542  3397217   34.22%
 207345 101870       13.4333    32       17.2610       11.4451  3487875   33.69%
 214006 104585       16.3709    13       17.2610       11.5359  3578616   33.17%
 220316 107361       15.9931    15       17.2610       11.5359  3672161   33.17%
 226612 110050       14.8038    21       17.2610       11.5359  3763722   33.17%
 232643 112639       15.8901    21       17.2610       11.5359  3852102   33.17%
Elapsed real time =  32.93 sec. (tree size = 46.86 MB, solutions = 52)
*233900 113160      integral     0       17.1137       11.5359  3870013   32.59%
 239873 114326    infeasible             17.1137       11.5359  3957030   32.59%
 242452 115403       13.1581    23       17.1137       11.5359  3998281   32.59%
 247351 117488       12.5359    33       17.1137       11.5359  4074516   32.59%
 253113 119940       13.1581    56       17.1137       11.5359  4168251   32.59%
 258574 122238       13.5359    34       17.1137       11.5359  4263998   32.59%
 264281 124516       14.9068    19       17.1137       11.5718  4356439   32.38%
 270790 126935       15.1581    25       17.1137       11.6222  4446402   32.09%
 277072 129383       14.5359    27       17.1137       11.6222  4535677   32.09%
 283142 131566       13.2846    26       17.1137       11.6624  4628538   31.85%
Elapsed real time =  39.93 sec. (tree size = 54.53 MB, solutions = 53)
 289552 133900       16.4336    13       17.1137       11.7259  4717635   31.48%
 295962 136305       14.5359    21       17.1137       11.8038  4805007   31.03%
 302144 138744       14.0600    32       17.1137       11.8038  4892105   31.03%
 308646 141262       16.7106    15       17.1137       11.8038  4982037   31.03%
 314917 143717       15.2846    23       17.1137       11.8038  5067323   31.03%
 321286 146270       15.9470    16       17.1137       11.8038  5157003   31.03%
 327611 148707       11.8038    40       17.1137       11.8038  5245703   31.03%
 333628 151170       16.4336    16       17.1137       11.8038  5333884   31.03%
*337671 152837      integral     0       17.1051       11.8038  5397265   30.99%
 343193 155168       11.8038    38       17.1051       11.8038  5490816   30.99%
Elapsed real time =  46.82 sec. (tree size = 65.78 MB, solutions = 54)
 347903 157112       14.3784    27       17.1051       11.8038  5571950   30.99%
 354217 159495       11.8901    41       17.1051       11.8829  5660562   30.53%
 360945 162025       15.8666    13       17.1051       11.8901  5750098   30.49%
 367586 164611       16.3328    13       17.1051       11.8901  5839932   30.49%
 373893 166998       15.8470    19       17.1051       11.8901  5932706   30.49%
 380184 169305       15.7251    17       17.1051       11.9303  6020356   30.25%
 386755 171631       14.5123    36       17.1051       11.9764  6109729   29.98%
 393166 173969       15.5986    25       17.1051       12.0000  6196790   29.85%
 399036 176236        cutoff             17.1051       12.0000  6290584   29.85%
*416384 182619      integral     0       17.0666       12.0718  6535424   29.27%
Elapsed real time =  55.94 sec. (tree size = 78.13 MB, solutions = 54)
 441224 191401       15.0718    20       17.0666       12.0718  6894519   29.27%
*458986 198252      integral     0       16.9636       12.0718  7179157   28.84%
 475697 202873       13.1532    28       16.9636       12.1456  7435815   28.40%
 502301 212520       12.2543    37       16.9636       12.1581  7737461   28.33%
 528548 221586       14.2444    19       16.9636       12.2444  8043555   27.82%
 554530 230329       13.9019    27       16.9636       12.2679  8371978   27.68%
 579660 238798       14.4188    25       16.9636       12.3352  8719142   27.28%
 606765 247690       15.7803    18       16.9636       12.4260  9065448   26.75%
 633858 256971       15.1463    23       16.9636       12.4378  9414237   26.68%
*638772 258525      integral     0       16.8773       12.4597  9477818   26.18%
Elapsed real time =  82.40 sec. (tree size = 112.07 MB, solutions = 56)
 656409 261875       12.5359    36       16.8773       12.5359  9702232   25.72%
 682996 270322       15.8666    17       16.8773       12.5359 10069146   25.72%
 708443 278357       15.7803    22       16.8773       12.5359 10433328   25.72%
 733479 286332       16.4260    16       16.8773       12.5359 10792496   25.72%
 757262 294165       14.7179    26       16.8773       12.5359 11149886   25.72%
 779336 301563       15.7444    40       16.8773       12.5359 11505439   25.72%
 802938 308765       16.3875    14       16.8773       12.5986 11833260   25.35%
 828459 316155       15.5123    27       16.8773       12.6222 12175357   25.21%
 853025 323491       12.6392    28       16.8773       12.6388 12525125   25.11%
 879207 330984       15.6704    33       16.8773       12.6940 12837030   24.79%
Elapsed real time = 112.44 sec. (tree size = 144.38 MB, solutions = 57)
Nodefile size = 16.88 MB (9.68 MB after compression)
 906097 338126       15.5525    16       16.8773       12.8038 13132896   24.14%
 932399 345910       15.8666    17       16.8773       12.8038 13426269   24.14%
 958000 353374       14.7012    31       16.8773       12.8038 13747613   24.14%
 982692 360873       12.8038    30       16.8773       12.8038 14083843   24.14%
 1005417 367910       14.0482    27       16.8773       12.8038 14443164   24.14%
 1030840 374813       15.7016    17       16.8773       12.8901 14755189   23.62%
 1057363 383086       15.8038    15       16.8773       12.8901 15038452   23.62%
 1083859 390895       13.8901    30       16.8773       12.8901 15332155   23.62%
 1108365 398419       15.5986    28       16.8773       12.8901 15632451   23.62%
 1134946 404897       15.6940    20       16.8773       12.9619 15927450   23.20%
Elapsed real time = 144.31 sec. (tree size = 175.67 MB, solutions = 57)
Nodefile size = 47.87 MB (26.76 MB after compression)
 1161343 412122       15.6630    17       16.8773       12.9931 16216142   23.01%
 1186365 418967       15.9303    19       16.8773       13.0000 16530890   22.97%
*1194345 421382      integral     0       16.8516       13.0000 16661360   22.86%
 1204386 423742       15.4260    26       16.8516       13.0271 16784538   22.70%
 1231853 430846       15.8205    14       16.8516       13.0718 17114441   22.43%
 1259531 438090       16.5123    16       16.8516       13.0718 17445967   22.43%
 1286225 444980       15.5123    15       16.8516       13.0718 17789963   22.43%
 1313007 451338       15.4572    17       16.8516       13.1029 18129151   22.25%
 1341117 458370       16.4888    30       16.8516       13.1581 18457212   21.92%
 1368414 465743       14.8666    22       16.8516       13.1581 18790157   21.92%
Elapsed real time = 172.82 sec. (tree size = 201.36 MB, solutions = 58)
Nodefile size = 73.84 MB (41.04 MB after compression)
*1387432+470738                           16.6243       13.1581 19025342   20.85%
 1389559 466361       13.6581    28       16.6243       13.1581 19052175   20.85%
 1403339 469477       13.1581    31       16.6243       13.1581 19220992   20.85%
 1430776 476028       15.1581    23       16.6243       13.1581 19564678   20.85%
 1457006 482294       15.8666    16       16.6243       13.1581 19915609   20.85%
 1482571 488102       13.8004    29       16.6243       13.1771 20278187   20.74%
 1511117 492867       13.2444    30       16.6243       13.2444 20618508   20.33%
 1539539 498999        cutoff             16.6243       13.2444 20948325   20.33%
 1567502 504746       13.5790    30       16.6243       13.2679 21289734   20.19%
 1593222 510285       15.8901    19       16.6243       13.2679 21640729   20.19%
 1617435 516087       16.0359    35       16.6243       13.2679 21991336   20.19%
Elapsed real time = 202.78 sec. (tree size = 222.67 MB, solutions = 59)
Nodefile size = 94.87 MB (52.41 MB after compression)
 1644572 521447       15.2179    20       16.6243       13.2846 22334217   20.09%
 1672038 526556       13.8038    24       16.6243       13.3397 22671486   19.76%
 1699577 531858       14.7848    29       16.6243       13.3397 23015199   19.76%
 1726603 536672       13.3709    24       16.6243       13.3709 23336861   19.57%
 1755255 541209       13.5988    31       16.6243       13.4260 23663481   19.24%
 1783585 546713       15.2489    25       16.6243       13.4260 23992981   19.24%
 1811569 552003       15.8901    14       16.6243       13.4260 24331769   19.24%
 1838382 557068       14.3397    32       16.6243       13.4378 24673166   19.17%
 1868969 561398       14.7846    32       16.6243       13.4767 24981968   18.93%
 1898669 566763       15.7803    14       16.6243       13.5123 25296121   18.72%
Elapsed real time = 232.41 sec. (tree size = 244.14 MB, solutions = 59)
Nodefile size = 116.87 MB (64.46 MB after compression)
 1927956 572518       13.5123    33       16.6243       13.5123 25620547   18.72%
 1956523 577690       14.6222    36       16.6243       13.5359 25954831   18.58%
 1984253 582762       13.5359    18       16.6243       13.5359 26292098   18.58%
 2011922 587773       15.5359    17       16.6243       13.5359 26640520   18.58%
 2038880 592793       13.5359    29       16.6243       13.5359 26993069   18.58%
 2065663 597843       14.3708    28       16.6243       13.5359 27347893   18.58%
 2090730 602716       13.5359    32       16.6243       13.5359 27698773   18.58%
 2114081 607578       15.5525    19       16.6243       13.5359 28060628   18.58%
 2141429 612140       14.3636    17       16.6243       13.5525 28390937   18.48%
 2171353 616275       14.2375    27       16.6243       13.5986 28716463   18.20%
Elapsed real time = 262.18 sec. (tree size = 265.27 MB, solutions = 59)
Nodefile size = 137.86 MB (75.81 MB after compression)
 2200702 621276       15.2444    24       16.6243       13.5991 29033272   18.20%
 2229918 625384       15.2679    35       16.6243       13.6222 29358459   18.06%
 2258299 630256       14.8901    20       16.6243       13.6222 29695868   18.06%
 2286425 635059       13.9333    38       16.6243       13.6222 30038173   18.06%
 2312549 639858       13.9333    37       16.6243       13.6222 30396698   18.06%
 2344076 644351       14.1983    28       16.6243       13.6388 30685738   17.96%
 2375132 648776       13.6392    30       16.6243       13.6388 30983013   17.96%
 2405223 652085       15.9303    24       16.6243       13.6699 31310176   17.77%
 2435436 655926       13.6940    32       16.6243       13.6940 31634516   17.63%
 2465303 659085       14.7251    18       16.6243       13.7251 31966047   17.44%
Elapsed real time = 291.63 sec. (tree size = 283.48 MB, solutions = 59)
Nodefile size = 155.85 MB (85.45 MB after compression)
 2496642 662731       15.2610    29       16.6243       13.7342 32260232   17.39%
 2528554 666313       13.7803    19       16.6243       13.7803 32562002   17.11%
 2558350 671074       13.7803    26       16.6243       13.7803 32860902   17.11%
 2587660 675624       13.7884    24       16.6243       13.7875 33175222   17.06%
 2616928 680161    infeasible             16.6243       13.8038 33491495   16.97%
 2645993 684918       15.4427    20       16.6243       13.8038 33813206   16.97%
 2675002 689278       13.8038    30       16.6243       13.8038 34136049   16.97%
 2703736 693619       14.0718    26       16.6243       13.8038 34465826   16.97%
 2731852 697801       15.0718    28       16.6243       13.8038 34797835   16.97%
 2758416 701815    infeasible             16.6243       13.8038 35141639   16.97%
Elapsed real time = 321.00 sec. (tree size = 301.99 MB, solutions = 59)
Nodefile size = 174.85 MB (95.71 MB after compression)
 2783781 705638       14.6222    39       16.6243       13.8111 35502693   16.92%
 2815478 708270       15.0884    26       16.6243       13.8281 35804096   16.82%
 2845999 711687       15.3012    31       16.6243       13.8666 36098735   16.59%
 2875262 714705       15.0884    21       16.6243       13.8901 36425729   16.45%
 2904956 719143       15.5718    41       16.6243       13.8901 36738477   16.45%
 2934276 723460       15.5123    13       16.6243       13.8901 37062930   16.45%
 2963142 727802       14.5011    22       16.6243       13.8901 37389388   16.45%
 2991909 732054    infeasible             16.6243       13.8901 37719589   16.45%
 3020780 736269       13.9571    40       16.6243       13.8901 38055378   16.45%
 3048190 740376       14.9764    25       16.6243       13.8901 38385583   16.45%
Elapsed real time = 350.47 sec. (tree size = 318.53 MB, solutions = 59)
Nodefile size = 190.85 MB (104.12 MB after compression)
 3074902 744424       13.8901    28       16.6243       13.8901 38732786   16.45%
 3101505 748027       14.9068    17       16.6243       13.9068 39074491   16.35%
 3131139 751671       14.9775    20       16.6243       13.9068 39337450   16.35%
 3161505 755089       16.1512    18       16.6243       13.9289 39637798   16.21%
 3191058 757336    infeasible             16.6243       13.9378 39964348   16.16%
 3222391 759999       15.5123    18       16.6243       13.9619 40269683   16.02%
 3252742 762961       15.5123    20       16.6243       13.9764 40581230   15.93%
 3282108 766487       14.9764    25       16.6243       13.9764 40908571   15.93%
 3312608 769246    infeasible             16.6243       13.9931 41220896   15.83%
 3344041 772143       15.5790    23       16.6243       14.0000 41510159   15.79%
Elapsed real time = 380.97 sec. (tree size = 332.07 MB, solutions = 59)
Nodefile size = 204.84 MB (111.55 MB after compression)
 3371288 775468       14.6388    23       16.6243       14.0077 41858399   15.74%
 3403032 778274       15.2610    15       16.6243       14.0166 42160903   15.69%
 3434834 780510       14.9529    26       16.6243       14.0392 42460250   15.55%
 3465880 783934       14.1747    24       16.6243       14.0482 42757143   15.50%
 3497422 786457       15.1029    15       16.6243       14.0627 43062004   15.41%
 3527769 789946       15.0718    32       16.6243       14.0718 43375282   15.35%
 3558362 793474       15.0718    22       16.6243       14.0718 43685586   15.35%
 3589026 796909       14.0718    21       16.6243       14.0718 44002847   15.35%
 3618359 800293       15.0324    23       16.6243       14.0718 44317475   15.35%
 3647500 803700       14.0718    33       16.6243       14.0718 44647756   15.35%
Elapsed real time = 410.19 sec. (tree size = 345.70 MB, solutions = 59)
Nodefile size = 217.84 MB (118.35 MB after compression)
 3675086 807005       15.0718    19       16.6243       14.0718 44982833   15.35%
 3703846 809368       14.9023    21       16.6243       14.0794 45282532   15.31%
 3736317 810995       15.9931    16       16.6243       14.1029 45526213   15.17%
 3768353 812483       14.7610    36       16.6243       14.1196 45771429   15.07%
 3799956 814831       14.1350    26       16.6243       14.1350 46019481   14.97%
 3830503 817566       14.1581    18       16.6243       14.1581 46281833   14.84%
 3860858 820937       15.1581    21       16.6243       14.1581 46539395   14.84%
 3891308 824247       14.6940    23       16.6243       14.1581 46802716   14.84%
 3921293 827611    infeasible             16.6243       14.1581 47066225   14.84%
 3951431 830797       15.1581    24       16.6243       14.1581 47332222   14.84%
Elapsed real time = 441.32 sec. (tree size = 357.35 MB, solutions = 59)
Nodefile size = 229.84 MB (124.72 MB after compression)
 3981676 834151       15.0392    18       16.6243       14.1581 47602097   14.84%
 4011456 837321       14.1581    24       16.6243       14.1581 47872123   14.84%
 4041086 840357       14.3352    25       16.6243       14.1581 48149315   14.84%
 4069982 843426       16.0482    14       16.6243       14.1581 48439254   14.84%
 4099285 846532       15.5169    20       16.6243       14.1581 48756027   14.84%
 4127516 849878       15.5986    23       16.6243       14.1581 49081191   14.84%
 4154678 852959       15.1581    34       16.6243       14.1581 49412368   14.84%
 4185637 855041       14.2939    17       16.6243       14.1747 49711210   14.74%
 4218479 857186       15.5751    14       16.6243       14.1747 49990423   14.74%
 4251154 858606       14.1983    19       16.6243       14.1983 50284411   14.59%
Elapsed real time = 471.76 sec. (tree size = 369.60 MB, solutions = 59)
Nodefile size = 241.84 MB (131.05 MB after compression)
 4283027 859337       14.2023    18       16.6243       14.2012 50602010   14.58%
 4316180 860878       14.2213    24       16.6243       14.2213 50884075   14.45%
 4348188 862151       15.0555    20       16.6243       14.2444 51187407   14.32%
 4379678 865410       15.2444    19       16.6243       14.2444 51486532   14.32%
 4411074 868415       14.2444    22       16.6243       14.2444 51787715   14.32%
 4441740 871652       16.3473    14       16.6243       14.2444 52091929   14.32%
 4472434 874583       15.4647    24       16.6243       14.2444 52409176   14.32%
 4502446 877741       14.7803    34       16.6243       14.2444 52725505   14.32%
 4531386 880339       15.1104    26       16.6243       14.2562 53050197   14.25%
 4565343 881654    infeasible             16.6243       14.2610 53325514   14.22%
Elapsed real time = 500.92 sec. (tree size = 379.48 MB, solutions = 59)
Nodefile size = 251.84 MB (136.47 MB after compression)
 4596127 884368       15.7085    19       16.6243       14.2679 53631598   14.17%
 4625242 887506       15.0790    16       16.6243       14.2679 53955386   14.17%
 4653236 890522       15.0790    24       16.6243       14.2679 54297938   14.17%
 4681143 892900       15.4025    22       16.6243       14.2803 54624594   14.10%
 4713373 894476       15.5810    23       16.6243       14.2846 54870169   14.07%
 4745647 896118       15.2610    23       16.6243       14.2846 55126324   14.07%
 4777250 897711       15.0638    27       16.6243       14.2846 55382744   14.07%
 4807816 899469       14.3228    24       16.6243       14.2846 55659338   14.07%
 4841936 899476       15.8430    16       16.6243       14.3162 55946606   13.88%
 4875203 901251       14.3243    16       16.6243       14.3234 56237003   13.84%
Elapsed real time = 531.14 sec. (tree size = 387.89 MB, solutions = 59)
Nodefile size = 259.83 MB (140.74 MB after compression)
 4907769 902617       14.3307    28       16.6243       14.3307 56527530   13.80%
 4939065 904980       15.6077    19       16.6243       14.3397 56836112   13.74%
 4970453 907578       15.3397    24       16.6243       14.3397 57147177   13.74%
 5000714 910018       14.9737    25       16.6243       14.3397 57468811   13.74%
 5029856 912306       15.6077    23       16.6243       14.3397 57806357   13.74%
 5062380 912842       14.3473    21       16.6243       14.3473 58053875   13.70%
 5093825 914547       14.5314    28       16.6243       14.3542 58318126   13.66%
 5124838 915785       15.3709    17       16.6243       14.3709 58614938   13.56%
 5158139 917263       15.2444    19       16.6243       14.3709 58893277   13.56%
 5191537 918200    infeasible             16.6243       14.3828 59188496   13.48%
Elapsed real time = 560.63 sec. (tree size = 395.53 MB, solutions = 59)
Nodefile size = 267.83 MB (145.19 MB after compression)
 5225519 918004       14.4030    34       16.6243       14.4030 59476026   13.36%
 5258541 918527       15.0600    21       16.6243       14.4260 59772500   13.22%
 5290624 920863       15.7921    19       16.6243       14.4260 60074354   13.22%
 5322798 923073       15.4260    13       16.6243       14.4260 60377325   13.22%
 5354502 925602       16.5290    13       16.6243       14.4260 60683960   13.22%
 5385847 927945       15.9260    22       16.6243       14.4260 60992215   13.22%
 5416812 930139       15.4260    25       16.6243       14.4260 61310080   13.22%
 5446282 932426       14.7803    29       16.6243       14.4260 61643797   13.22%
 5480552 932343       15.5914    23       16.6243       14.4427 61929213   13.12%
 5514998 932517       15.4371    21       16.6243       14.4572 62208055   13.04%
Elapsed real time = 589.78 sec. (tree size = 401.84 MB, solutions = 59)
Nodefile size = 273.83 MB (148.54 MB after compression)
 5547925 932025       14.4692    26       16.6243       14.4692 62525743   12.96%
 5582195 931595       16.4427    11       16.6243       14.4905 62811673   12.84%
 5615354 932338       14.6388    24       16.6243       14.5123 63109516   12.70%
 5647852 934038       14.5123    19       16.6243       14.5123 63402518   12.70%
 5680020 935954       14.7326    25       16.6243       14.5123 63701741   12.70%
 5711940 937922       15.2149    21       16.6243       14.5123 64003741   12.70%
 5743504 939849       14.5123    26       16.6243       14.5123 64311795   12.70%
 5775360 941715       15.5123    22       16.6243       14.5123 64627930   12.70%
 5806150 943859       14.5123    24       16.6243       14.5123 64941895   12.70%
 5835844 945935       15.5986    21       16.6243       14.5123 65267501   12.70%
Elapsed real time = 618.97 sec. (tree size = 407.69 MB, solutions = 59)
Nodefile size = 279.83 MB (151.91 MB after compression)
 5870580 945607       15.0482    19       16.6243       14.5290 65545751   12.60%
 5901500 947683       14.8901    20       16.6243       14.5359 65863264   12.56%
 5932548 949441       15.4974    18       16.6243       14.5359 66178727   12.56%
 5963332 951276       15.3307    16       16.6243       14.5359 66499537   12.56%
 5994167 953191       14.5359    25       16.6243       14.5359 66827083   12.56%
 6023837 955095       14.5359    23       16.6243       14.5359 67160799   12.56%
 6053015 956901        cutoff             16.6243       14.5359 67499485   12.56%
 6080842 958375       15.0721    23       16.6243       14.5397 67840234   12.54%
 6114667 958789       14.6434    23       16.6243       14.5525 68133921   12.46%
 6148304 959575       14.7921    25       16.6243       14.5525 68429851   12.46%
Elapsed real time = 648.17 sec. (tree size = 413.67 MB, solutions = 59)
Nodefile size = 285.83 MB (155.20 MB after compression)
 6180991 960250       15.5525    16       16.6243       14.5525 68730863   12.46%
 6214655 959805       15.2149    23       16.6243       14.5718 69031971   12.35%
 6249289 958162       15.5986    20       16.6243       14.5957 69324228   12.20%
 6283118 958867    infeasible             16.6243       14.5986 69615519   12.19%
 6316658 959490       15.9303    19       16.6243       14.5986 69908526   12.19%
 6349152 960409       14.5986    18       16.6243       14.5986 70216379   12.19%
 6381418 960593       15.1436    19       16.6243       14.6077 70527934   12.13%
 6415526 959516       14.6222    23       16.6243       14.6222 70824388   12.04%
 6447261 961310       14.6222    18       16.6243       14.6222 71138164   12.04%
 6478794 962774       14.6222    21       16.6243       14.6222 71450956   12.04%
Elapsed real time = 677.33 sec. (tree size = 415.36 MB, solutions = 59)
Nodefile size = 287.83 MB (156.35 MB after compression)
 6509749 964102       15.5123    31       16.6243       14.6222 71779469   12.04%
 6539785 965655       15.6222    21       16.6243       14.6222 72102243   12.04%
 6568127 967219       15.3542    31       16.6243       14.6222 72437993   12.04%
 6601306 966887       15.7251    16       16.6243       14.6388 72734364   11.94%
 6636525 966588       14.6388    19       16.6243       14.6388 73012183   11.94%
 6671030 966626       14.6388    26       16.6243       14.6388 73294499   11.94%
 6705476 966159       15.0794    21       16.6243       14.6388 73581733   11.94%
 6740003 964690       14.6584    20       16.6243       14.6581 73875656   11.83%
 6775890 962149       14.6790    17       16.6243       14.6790 74157114   11.70%
 6810422 961989       14.7251    24       16.6243       14.6849 74449038   11.67%
Elapsed real time = 706.69 sec. (tree size = 415.21 MB, solutions = 59)
Nodefile size = 289.83 MB (157.49 MB after compression)
 6844271 961899       16.4888    21       16.6243       14.6940 74746266   11.61%
 6878098 961820       14.6940    25       16.6243       14.6940 75045738   11.61%
 6911049 961770       14.6940    26       16.6243       14.6940 75358228   11.61%
 6946036 960270    infeasible             16.6243       14.7085 75647992   11.52%
 6981524 958212       14.7251    16       16.6243       14.7251 75924215   11.42%
 7017455 956534       15.5525    18       16.6243       14.7251 76198988   11.42%
 7053687 953873       15.3709    17       16.6243       14.7487 76479196   11.28%
 7090036 950812       15.0166    14       16.6243       14.7712 76758129   11.15%
 7124164 950759       14.7803    12       16.6243       14.7803 77048830   11.09%
 7158686 950785       15.4025    22       16.6243       14.7803 77337678   11.09%
Elapsed real time = 735.96 sec. (tree size = 410.76 MB, solutions = 59)
Nodefile size = 289.83 MB (157.49 MB after compression)
 7192724 950673       14.7803    22       16.6243       14.7803 77630400   11.09%
 7226390 950915       14.7803    26       16.6243       14.7803 77930429   11.09%
 7259676 950941       15.8666    19       16.6243       14.7803 78231794   11.09%
 7292022 951192       15.4260    22       16.6243       14.7803 78546420   11.09%
 7327893 948825       14.8038    21       16.6243       14.8038 78824169   10.95%
 7360701 948783       14.8038    23       16.6243       14.8038 79135611   10.95%
 7394200 948706       14.8260    18       16.6243       14.8038 79443355   10.95%
 7427224 948606       16.0718    22       16.6243       14.8038 79758918   10.95%
 7459869 948576       15.1581    19       16.6243       14.8038 80078568   10.95%
 7491654 948788       15.9068    16       16.6243       14.8038 80407144   10.95%
Elapsed real time = 765.13 sec. (tree size = 410.10 MB, solutions = 59)
Nodefile size = 289.83 MB (157.49 MB after compression)
 7522624 949194       14.8038    14       16.6243       14.8038 80742434   10.95%
 7551066 949740       14.8038    22       16.6243       14.8038 81100975   10.95%
 7584268 948400       15.3564    15       16.6243       14.8205 81401312   10.85%
 7620627 945994       14.8205    18       16.6243       14.8205 81674119   10.85%
 7656257 943551       14.8260    21       16.6243       14.8234 81963490   10.83%
 7693851 939538       14.8666    19       16.6243       14.8666 82229945   10.57%
 7729212 938745       14.8832    15       16.6243       14.8666 82504084   10.57%
 7764160 938347       14.8666    18       16.6243       14.8666 82787161   10.57%
 7798120 938358    infeasible             16.6243       14.8666 83081963   10.57%
 7833718 935845       16.5456     8       16.6243       14.8832 83365480   10.47%
Elapsed real time = 794.38 sec. (tree size = 404.83 MB, solutions = 59)
Nodefile size = 289.83 MB (157.49 MB after compression)
 7867913 934887       15.2444    19       16.6243       14.8901 83663541   10.43%
 7901916 934323       14.8921    21       16.6243       14.8901 83963958   10.43%
 7935902 933636       14.8901    25       16.6243       14.8901 84268170   10.43%
 7967800 933751       15.2444    18       16.6243       14.8901 84560775   10.43%
 7999317 933532       15.2846    21       16.6243       14.8901 84853997   10.43%
 8031321 933432       16.5290    15       16.6243       14.8901 85153177   10.43%
 8062914 933341       15.8901    22       16.6243       14.8901 85468470   10.43%
 8093505 933594       15.5123    25       16.6243       14.8901 85780958   10.43%
 8122669 934003       15.4260    26       16.6243       14.8901 86113630   10.43%
 8155212 932786       15.4427    17       16.6243       14.9068 86409620   10.33%
Elapsed real time = 824.48 sec. (tree size = 403.17 MB, solutions = 59)
Nodefile size = 275.72 MB (150.83 MB after compression)
 8190966 930948       15.2846    17       16.6243       14.9068 86676919   10.33%
 8225998 929111       15.2610    19       16.6243       14.9068 86945910   10.33%
 8260925 927470       14.9303    34       16.6243       14.9068 87224560   10.33%
 8295049 926248       14.9102    17       16.6243       14.9081 87508226   10.32%
 8331930 922115       15.1075    17       16.6243       14.9303 87782731   10.19%
 8368557 917789       14.9529    16       16.6243       14.9529 88061398   10.05%
 8404599 916215       16.1271    15       16.6243       14.9529 88335365   10.05%
 8439376 914864       14.9619    15       16.6243       14.9619 88620448   10.00%
 8473806 913923       14.9619    15       16.6243       14.9619 88903508   10.00%
 8507394 912110       14.9692    28       16.6243       14.9692 89180838    9.96%
Elapsed real time = 854.83 sec. (tree size = 394.40 MB, solutions = 59)
Nodefile size = 267.64 MB (147.09 MB after compression)
 8542904 909757       14.9764    20       16.6243       14.9764 89455823    9.91%
 8576958 908071       16.5290     8       16.6243       14.9764 89743880    9.91%
 8611059 906419       15.3307    23       16.6243       14.9764 90039161    9.91%
 8643796 905233       14.9764    25       16.6243       14.9764 90349280    9.91%
 8677723 902577       14.9931    21       16.6243       14.9931 90649080    9.81%
 8713779 898664       15.0333    11       16.6243       14.9931 90904395    9.81%
 8750370 894927       15.0000    25       16.6243       14.9978 91188612    9.78%
 8783230 892872       15.0123    27       16.6243       15.0123 91499160    9.70%
 8819457 887946       16.0166    19       16.6243       15.0177 91793458    9.66%
 8856094 882714       15.7685    18       16.6243       15.0482 92052032    9.48%
Elapsed real time = 885.38 sec. (tree size = 381.72 MB, solutions = 59)
Nodefile size = 254.58 MB (140.62 MB after compression)
 8891753 879619       15.0482    23       16.6243       15.0482 92328904    9.48%
 8926984 875574       15.0627    22       16.6243       15.0627 92608800    9.39%
 8959998 872273       15.6077    18       16.6243       15.0718 92879725    9.34%
 8993138 869890       15.0718    20       16.6243       15.0718 93159359    9.34%
 9027067 867525       15.4260    19       16.6243       15.0718 93460031    9.34%
 9060111 865595       15.0718    20       16.6243       15.0718 93775919    9.34%
 9091538 864156       15.0718    23       16.6243       15.0718 94099934    9.34%
 9126626 860139       15.0794    18       16.6243       15.0794 94385785    9.29%
 9164308 855274       15.5290    15       16.6243       15.0884 94662981    9.24%
 9202546 848732       15.1196    15       16.6243       15.1196 94928769    9.05%
Elapsed real time = 916.41 sec. (tree size = 367.20 MB, solutions = 59)
Nodefile size = 240.52 MB (133.89 MB after compression)
 9240843 843650       15.5751    20       16.6243       15.1345 95198572    8.96%
 9277067 839857       15.1345    18       16.6243       15.1345 95489414    8.96%
 9314570 834389       15.5123    16       16.6243       15.1581 95769988    8.82%
 9351194 830427       15.8205    19       16.6243       15.1581 96056275    8.82%
 9387434 827032    infeasible             16.6243       15.1581 96344917    8.82%
 9423600 823530       15.2846    16       16.6243       15.1581 96634991    8.82%
 9459500 819992       15.1581    25       16.6243       15.1581 96928951    8.82%
 9494795 817059       15.5123    17       16.6243       15.1581 97230102    8.82%
 9529987 814054       15.1581    21       16.6243       15.1581 97531666    8.82%
 9564738 811378       15.1581    35       16.6243       15.1581 97832721    8.82%
Elapsed real time = 946.37 sec. (tree size = 351.49 MB, solutions = 59)
Nodefile size = 225.52 MB (125.74 MB after compression)
 9598321 808872       15.1581    25       16.6243       15.1581 98140018    8.82%
 9629736 806933       15.1581    17       16.6243       15.1581 98455558    8.82%
 9668459 801424    infeasible             16.6243       15.1747 98719291    8.72%
 9707057 796119    infeasible             16.6243       15.1747 98984224    8.72%
 9746205 789529       15.5525    15       16.6243       15.1983 99259459    8.58%
 9786068 781406       15.2208    17       16.6243       15.2208 99532145    8.44%
 9824124 777089       15.2208    22       16.6243       15.2208 99798247    8.44%
 9862977 770921       15.8666    20       16.6243       15.2444 1.00e+08    8.30%
 9900258 766533       15.2444    25       16.6243       15.2444 1.00e+08    8.30%
 9937356 762092       15.2846    17       16.6243       15.2444 1.01e+08    8.30%
Elapsed real time = 976.88 sec. (tree size = 330.71 MB, solutions = 59)
Nodefile size = 207.51 MB (116.12 MB after compression)
 9973966 758140       15.2444    18       16.6243       15.2444 1.01e+08    8.30%
 10010532 754073       15.4215    23       16.6243       15.2444 1.01e+08    8.30%
 10046624 750292       15.2444    15       16.6243       15.2444 1.01e+08    8.30%
 10082026 746762       15.2444    17       16.6243       15.2444 1.02e+08    8.30%
 10116778 743637       15.2444    24       16.6243       15.2444 1.02e+08    8.30%
 10151773 739610       15.2610    14       16.6243       15.2610 1.02e+08    8.20%
 10191959 733007       15.2610    15       16.6243       15.2610 1.03e+08    8.20%
 10231337 726790       15.2610    18       16.6243       15.2610 1.03e+08    8.20%
 10268239 722070       15.2679    21       16.6243       15.2679 1.03e+08    8.16%
 10301811 719100        cutoff             16.6243       15.2679 1.04e+08    8.16%
Elapsed real time = 1007.06 sec. (tree size = 312.66 MB, solutions = 59)
Nodefile size = 193.51 MB (108.52 MB after compression)
 10340969 711000       15.2846    22       16.6243       15.2846 1.04e+08    8.06%
 10381271 702326    infeasible             16.6243       15.2846 1.04e+08    8.06%
 10422753 691891       16.3162    13       16.6243       15.3071 1.04e+08    7.92%
 10463363 684287    infeasible             16.6243       15.3162 1.05e+08    7.87%
 10504249 675587       15.9529    13       16.6243       15.3307 1.05e+08    7.78%
 10542197 669261       15.3397    16       16.6243       15.3397 1.05e+08    7.73%
 10580319 664368       15.7803    14       16.6243       15.3397 1.05e+08    7.73%
 10617114 659306       16.0021    20       16.6243       15.3397 1.06e+08    7.73%
 10658432 649943       15.3709    21       16.6243       15.3503 1.06e+08    7.66%
 10697628 641565       15.3709    15       16.6243       15.3709 1.06e+08    7.54%
Elapsed real time = 1037.95 sec. (tree size = 279.98 MB, solutions = 59)
Nodefile size = 173.53 MB (97.63 MB after compression)
 10740077 629171       15.3875    16       16.6243       15.3875 1.07e+08    7.44%
 10781227 620103       15.4025    22       16.6243       15.4025 1.07e+08    7.35%
 10820621 611574       15.9260    20       16.6243       15.4260 1.07e+08    7.21%
 10859052 604740       15.4260    23       16.6243       15.4260 1.07e+08    7.21%
 10897284 598083       15.4260    19       16.6243       15.4260 1.08e+08    7.21%
 10934760 591514       15.4260    22       16.6243       15.4260 1.08e+08    7.21%
 10971736 585338       15.4260    18       16.6243       15.4260 1.08e+08    7.21%
 11007408 579123    infeasible             16.6243       15.4260 1.09e+08    7.21%
 11048385 569156       15.4427    16       16.6243       15.4427 1.09e+08    7.11%
 11091752 556445       15.4662    20       16.6243       15.4662 1.09e+08    6.97%
Elapsed real time = 1069.40 sec. (tree size = 244.18 MB, solutions = 59)
Nodefile size = 156.54 MB (88.24 MB after compression)
 11134381 544453       15.5355    16       16.6243       15.4978 1.09e+08    6.78%
 11175018 534983       15.5123    19       16.6243       15.5123 1.10e+08    6.69%
 11215068 526262    infeasible             16.6243       15.5123 1.10e+08    6.69%
 11254481 517869       15.5123    22       16.6243       15.5123 1.10e+08    6.69%
 11293498 509774       15.5123    15       16.6243       15.5123 1.10e+08    6.69%
 11331287 502560       15.5123    41       16.6243       15.5123 1.11e+08    6.69%
 11371166 492774       15.5290    17       16.6243       15.5290 1.11e+08    6.59%
 11412380 482458       15.5359    23       16.6243       15.5359 1.11e+08    6.55%
 11451275 473997       15.5359    17       16.6243       15.5359 1.12e+08    6.55%
 11487189 467185       15.5359    29       16.6243       15.5359 1.12e+08    6.55%
Elapsed real time = 1100.90 sec. (tree size = 206.60 MB, solutions = 59)
Nodefile size = 131.58 MB (74.33 MB after compression)
 11528324 455733       15.5525    16       16.6243       15.5525 1.12e+08    6.45%
 11570542 443470       15.5525    17       16.6243       15.5525 1.12e+08    6.45%
 11615139 429146       15.5986    15       16.6243       15.5986 1.13e+08    6.17%
 11657373 416918       15.5986    20       16.6243       15.5986 1.13e+08    6.17%
 11697391 406935       15.7342    15       16.6243       15.6077 1.13e+08    6.12%
 11739714 394559       15.6222    16       16.6243       15.6222 1.14e+08    6.03%
 11779637 384956       15.9764    28       16.6243       15.6222 1.14e+08    6.03%
 11823858 367052       16.0097    17       16.6243       15.6555 1.14e+08    5.83%
 11877372 336839       15.7254    19       16.6243       15.7251 1.14e+08    5.41%
 11932881 303818    infeasible             16.6243       15.8038 1.15e+08    4.94%
Elapsed real time = 1134.65 sec. (tree size = 137.59 MB, solutions = 59)
Nodefile size = 61.75 MB (35.08 MB after compression)
 11982071 275638       15.8666    20       16.6243       15.8666 1.15e+08    4.56%
 12033384 248528       15.8901    19       16.6243       15.8901 1.15e+08    4.42%
 12089243 213401       15.9764    17       16.6243       15.9764 1.15e+08    3.90%
 12141734 180506       16.4170    12       16.6243       16.0627 1.16e+08    3.38%
 12184101 161327       16.1345    20       16.6243       16.1345 1.16e+08    2.95%
 12215172 159130        cutoff             16.6243       16.1345 1.16e+08    2.95%
 12246876 154592       16.1581    21       16.6243       16.1581 1.16e+08    2.80%
 12277052 153552       16.1581    17       16.6243       16.1581 1.16e+08    2.80%
 12307586 151199       16.4692    15       16.6243       16.1581 1.17e+08    2.80%
 12337516 148984        cutoff             16.6243       16.1581 1.17e+08    2.80%
Elapsed real time = 1167.65 sec. (tree size = 72.81 MB, solutions = 59)
Nodefile size = 19.88 MB (11.39 MB after compression)
 12366673 148178       16.1581    17       16.6243       16.1581 1.17e+08    2.80%
 12394908 147430        cutoff             16.6243       16.1581 1.17e+08    2.80%
 12425754 145465       16.1747    16       16.6243       16.1747 1.18e+08    2.70%
 12457941 141819       16.1983    16       16.6243       16.1983 1.18e+08    2.56%
 12487759 140581       16.6153    13       16.6243       16.2208 1.18e+08    2.43%
 12518073 139180       16.5841    15       16.6243       16.2263 1.18e+08    2.39%
 12547750 138168       16.2577    16       16.6243       16.2444 1.18e+08    2.29%
 12578210 136738       16.2444    18       16.6243       16.2444 1.19e+08    2.29%
 12608100 135752       16.2444    15       16.6243       16.2444 1.19e+08    2.29%
 12637280 135689       16.2444    18       16.6243       16.2444 1.19e+08    2.29%
Elapsed real time = 1194.85 sec. (tree size = 67.30 MB, solutions = 59)
Nodefile size = 15.90 MB (9.14 MB after compression)
 12666804 135244       16.2444    15       16.6243       16.2444 1.19e+08    2.29%
 12696619 134018       16.2444    14       16.6243       16.2444 1.20e+08    2.29%
 12725990 133266       16.2444    14       16.6243       16.2444 1.20e+08    2.29%
 12755089 132715       16.2444    16       16.6243       16.2444 1.20e+08    2.29%
 12783111 132762       16.2444    23       16.6243       16.2444 1.20e+08    2.29%
 12813285 131324       16.4499    17       16.6243       16.2610 1.21e+08    2.19%
 12844285 129382       16.2610    20       16.6243       16.2610 1.21e+08    2.19%
 12874144 128253       16.2679    19       16.6243       16.2679 1.21e+08    2.14%
 12903029 127398       16.6222    20       16.6243       16.2679 1.21e+08    2.14%
 12929991 128300       16.2679    18       16.6243       16.2679 1.21e+08    2.14%
Elapsed real time = 1221.80 sec. (tree size = 64.21 MB, solutions = 59)
Nodefile size = 11.92 MB (6.85 MB after compression)
 12958516 127008       16.2846    15       16.6243       16.2846 1.22e+08    2.04%
 12987887 125948        cutoff             16.6243       16.2846 1.22e+08    2.04%
 13017952 123895       16.3564    14       16.6243       16.3012 1.22e+08    1.94%
 13048120 122158       16.3162    14       16.6243       16.3162 1.22e+08    1.85%
 13077902 120753       16.3162    19       16.6243       16.3162 1.23e+08    1.85%
 13108770 118077        cutoff             16.6243       16.3307 1.23e+08    1.77%
 13138017 117322       16.3307    16       16.6243       16.3307 1.23e+08    1.77%
 13166689 117106        cutoff             16.6243       16.3307 1.23e+08    1.77%
 13195818 116376        cutoff             16.6243       16.3397 1.24e+08    1.71%
 13224408 116418        cutoff             16.6243       16.3397 1.24e+08    1.71%
Elapsed real time = 1248.23 sec. (tree size = 59.31 MB, solutions = 59)
Nodefile size = 10.92 MB (6.29 MB after compression)
 13253111 116027       16.3397    21       16.6243       16.3397 1.24e+08    1.71%
 13282473 114596        cutoff             16.6243       16.3397 1.24e+08    1.71%
 13310668 114483        cutoff             16.6243       16.3397 1.24e+08    1.71%
 13340562 112848       16.3473    14       16.6243       16.3473 1.25e+08    1.67%
 13369718 111567       16.3542    17       16.6243       16.3542 1.25e+08    1.62%
 13396614 111731       16.3542    14       16.6243       16.3542 1.25e+08    1.62%
 13424201 111211       16.3564    14       16.6243       16.3564 1.25e+08    1.61%
 13454551 108420       16.3709    19       16.6243       16.3709 1.26e+08    1.52%
 13484324 105945       16.3901    24       16.6243       16.3901 1.26e+08    1.41%
 13514433 104163       16.4888    13       16.6243       16.4025 1.26e+08    1.33%
Elapsed real time = 1274.55 sec. (tree size = 54.22 MB, solutions = 59)
Nodefile size =  8.93 MB (5.15 MB after compression)
 13544203 102083       16.5986    16       16.6243       16.4170 1.26e+08    1.25%
 13573122 101702       16.4260    12       16.6243       16.4260 1.27e+08    1.19%
 13602477 100999       16.5123    11       16.6243       16.4260 1.27e+08    1.19%
 13631197 100623        cutoff             16.6243       16.4260 1.27e+08    1.19%
 13659891 100288       16.4260    14       16.6243       16.4260 1.27e+08    1.19%
 13688643 99560       16.4260    18       16.6243       16.4260 1.27e+08    1.19%
 13717843 98833       16.4732    15       16.6243       16.4260 1.28e+08    1.19%
 13746441 98263       16.4260    17       16.6243       16.4260 1.28e+08    1.19%
 13775149 97769       16.4260    18       16.6243       16.4260 1.28e+08    1.19%
 13803741 97106       16.4260    15       16.6243       16.4260 1.28e+08    1.19%
Elapsed real time = 1300.44 sec. (tree size = 51.28 MB, solutions = 59)
Nodefile size =  6.94 MB (4.02 MB after compression)
 13832883 96076       16.4260    18       16.6243       16.4260 1.29e+08    1.19%
 13861378 95740       16.4260    16       16.6243       16.4260 1.29e+08    1.19%
 13890042 95071       16.4732    15       16.6243       16.4260 1.29e+08    1.19%
 13918263 94837       16.4260    27       16.6243       16.4260 1.29e+08    1.19%
 13946726 94678       16.4260    29       16.6243       16.4260 1.30e+08    1.19%
 13975128 94083       16.4260    15       16.6243       16.4260 1.30e+08    1.19%
 14003411 93461       16.4260    13       16.6243       16.4260 1.30e+08    1.19%
 14031956 93046       16.4260    21       16.6243       16.4260 1.30e+08    1.19%
 14061357 91395       16.4401    19       16.6243       16.4378 1.31e+08    1.12%
 14092679 87788       16.5801    17       16.6243       16.4461 1.31e+08    1.07%
Elapsed real time = 1326.66 sec. (tree size = 47.42 MB, solutions = 59)
Nodefile size =  4.95 MB (2.86 MB after compression)
 14122649 85511        cutoff             16.6243       16.4662 1.31e+08    0.95%
 14151742 84290       16.4662    22       16.6243       16.4662 1.31e+08    0.95%
 14181521 82147       16.4829    19       16.6243       16.4829 1.31e+08    0.85%
 14211432 81148       16.4888    18       16.6243       16.4888 1.32e+08    0.82%
 14241596 78958       16.5006    19       16.6243       16.4978 1.32e+08    0.76%
 14270918 77967       16.5123    16       16.6243       16.5123 1.32e+08    0.67%
 14301395 75893       16.5123    24       16.6243       16.5123 1.32e+08    0.67%
 14331128 75082       16.5123    23       16.6243       16.5123 1.32e+08    0.67%
 14360784 74054        cutoff             16.6243       16.5123 1.33e+08    0.67%
 14390049 73423       16.5123    16       16.6243       16.5123 1.33e+08    0.67%
Elapsed real time = 1352.62 sec. (tree size = 41.44 MB, solutions = 59)
Nodefile size =  2.97 MB (1.72 MB after compression)
 14419647 72655        cutoff             16.6243       16.5123 1.33e+08    0.67%
 14449297 71896       16.5123    22       16.6243       16.5123 1.33e+08    0.67%
 14478657 71333       16.5123    17       16.6243       16.5123 1.34e+08    0.67%
 14508073 70796       16.5123    14       16.6243       16.5123 1.34e+08    0.67%
 14537588 70142        cutoff             16.6243       16.5123 1.34e+08    0.67%
 14566728 69561        cutoff             16.6243       16.5123 1.34e+08    0.67%
 14596260 68699        cutoff             16.6243       16.5123 1.34e+08    0.67%
 14625479 68136       16.5123    17       16.6243       16.5123 1.35e+08    0.67%
 14654496 67742       16.5123    18       16.6243       16.5123 1.35e+08    0.67%
 14683653 67461       16.5123    16       16.6243       16.5123 1.35e+08    0.67%
Elapsed real time = 1378.03 sec. (tree size = 38.98 MB, solutions = 59)
Nodefile size =  2.97 MB (1.72 MB after compression)
 14712800 67080        cutoff             16.6243       16.5123 1.35e+08    0.67%
 14741940 66532        cutoff             16.6243       16.5123 1.36e+08    0.67%
 14771394 65932       16.5123    14       16.6243       16.5123 1.36e+08    0.67%
 14800445 65491       16.5123    15       16.6243       16.5123 1.36e+08    0.67%
 14829492 65180        cutoff             16.6243       16.5123 1.36e+08    0.67%
 14858601 64737       16.5123    20       16.6243       16.5123 1.36e+08    0.67%
 14887346 64087       16.5123    19       16.6243       16.5123 1.37e+08    0.67%
 14917779 60901       16.5290    16       16.6243       16.5290 1.37e+08    0.57%
 14948340 58602       16.5290    21       16.6243       16.5290 1.37e+08    0.57%
 14977639 57223       16.5359    17       16.6243       16.5359 1.37e+08    0.53%
Elapsed real time = 1403.87 sec. (tree size = 34.72 MB, solutions = 59)
Nodefile size =  1.97 MB (1.14 MB after compression)
 15006513 56750        cutoff             16.6243       16.5359 1.38e+08    0.53%
 15035130 56131       16.5359    22       16.6243       16.5359 1.38e+08    0.53%
 15062899 56157        cutoff             16.6243       16.5359 1.38e+08    0.53%
 15090436 56111        cutoff             16.6243       16.5359 1.38e+08    0.53%
 15118403 55678       16.5359    15       16.6243       16.5359 1.39e+08    0.53%
 15146473 55535        cutoff             16.6243       16.5359 1.39e+08    0.53%
 15175056 55076       16.5359    14       16.6243       16.5359 1.39e+08    0.53%
 15203076 54713        cutoff             16.6243       16.5359 1.39e+08    0.53%
 15230917 54574       16.5359    24       16.6243       16.5359 1.40e+08    0.53%
 15258518 54600       16.5359    16       16.6243       16.5359 1.40e+08    0.53%
Elapsed real time = 1429.68 sec. (tree size = 33.63 MB, solutions = 59)
Nodefile size =  0.98 MB (0.56 MB after compression)
 15286186 54308       16.5359    24       16.6243       16.5359 1.40e+08    0.53%
 15313414 54349       16.5359     9       16.6243       16.5359 1.40e+08    0.53%
 15340325 54394       16.5359    29       16.6243       16.5359 1.41e+08    0.53%
 15367661 53826       16.5436    20       16.6243       16.5400 1.41e+08    0.51%
 15397294 51271       16.5525    15       16.6243       16.5525 1.41e+08    0.43%
 15427047 49184       16.5525    12       16.6243       16.5525 1.41e+08    0.43%
 15457120 46794       16.5525    20       16.6243       16.5525 1.42e+08    0.43%
 15486627 45244       16.5525    14       16.6243       16.5525 1.42e+08    0.43%
 15515631 44029       16.5850    18       16.6243       16.5572 1.42e+08    0.40%
 15546012 40327        cutoff             16.6243       16.5751 1.42e+08    0.30%
Elapsed real time = 1455.62 sec. (tree size = 27.72 MB, solutions = 59)
Nodefile size =  0.98 MB (0.56 MB after compression)
 15575514 37878       16.6008    11       16.6243       16.5841 1.42e+08    0.24%
 15605125 35839        cutoff             16.6243       16.5986 1.43e+08    0.15%
 15634720 33972       16.5986     9       16.6243       16.5986 1.43e+08    0.15%
 15664547 31892       16.5986    21       16.6243       16.5986 1.43e+08    0.15%
 15694636 29793        cutoff             16.6243       16.5986 1.43e+08    0.15%
 15724444 28395       16.5986    13       16.6243       16.5986 1.43e+08    0.15%
 15753778 26970       16.5986    11       16.6243       16.5986 1.44e+08    0.15%
 15783229 25803       16.5986    18       16.6243       16.5986 1.44e+08    0.15%
 15812307 24817       16.5986    20       16.6243       16.5986 1.44e+08    0.15%
 15841526 23919       16.5986    15       16.6243       16.5986 1.44e+08    0.15%
Elapsed real time = 1481.30 sec. (tree size = 20.93 MB, solutions = 59)
Nodefile size =  0.98 MB (0.56 MB after compression)
 15870674 23198       16.5986    18       16.6243       16.5986 1.45e+08    0.15%
 15899584 22640       16.5986    17       16.6243       16.5986 1.45e+08    0.15%
 15928403 21759        cutoff             16.6243       16.5991 1.45e+08    0.15%
 15957823 19707        cutoff             16.6243       16.6077 1.45e+08    0.10%
 15986657 18928       16.6077    17       16.6243       16.6077 1.45e+08    0.10%
 16015566 16776        cutoff             16.6243       16.6077 1.46e+08    0.10%
 16044407 16120       16.6077    20       16.6243       16.6077 1.46e+08    0.10%
 16072796 15561       16.6077    26       16.6243       16.6077 1.46e+08    0.10%
 16101236 15314       16.6077    14       16.6243       16.6077 1.46e+08    0.10%
 16131266 12471       16.6153    18       16.6243       16.6153 1.47e+08    0.05%
Elapsed real time = 1506.72 sec. (tree size = 16.22 MB, solutions = 59)
 16161385 10020       16.6153    15       16.6243       16.6153 1.47e+08    0.05%
 16190334  8491       16.6222    13       16.6243       16.6222 1.47e+08    0.01%
 16219576  7180        cutoff             16.6243       16.6222 1.47e+08    0.01%
 16248377  6228       16.6222    18       16.6243       16.6222 1.48e+08    0.01%
 16276952  5300        cutoff             16.6243       16.6222 1.48e+08    0.01%
 16305496  4434       16.6222    18       16.6243       16.6222 1.48e+08    0.01%
 16333655  3621        cutoff             16.6243       16.6222 1.48e+08    0.01%
 16361941  2829        cutoff             16.6243       16.6222 1.48e+08    0.01%
 16390040  2127       16.6222    17       16.6243       16.6222 1.49e+08    0.01%
 16417936  1507       16.6222    17       16.6243       16.6222 1.49e+08    0.01%
Elapsed real time = 1532.28 sec. (tree size = 11.68 MB, solutions = 59)
 16445772  1050       16.6222    19       16.6243       16.6222 1.49e+08    0.01%
 16473738   566       16.6222    16       16.6243       16.6222 1.49e+08    0.01%

Cover cuts applied:  9
Implied bound cuts applied:  484
Flow cuts applied:  147
Mixed integer rounding cuts applied:  253
Gomory fractional cuts applied:  78

Root node processing (before b&c):
  Real time             =    0.12
Parallel b&c, 4 threads:
  Real time             = 1538.26
  Sync time (average)   =    1.55
  Wait time (average)   =    0.03
                          -------
Total (root+branch&cut) = 1538.38 sec.
STATUS : Optimal
Solution status = Optimal
 Number of constraints = 614
Solution value  = 16.6243
c(0)=7.67904 c(1)=2.6624 c(2)=15.2701 c(3)=13.0021 c(4)=15.806 c(5)=1.35425 c(6)=4.93035 c(7)=8.67904 c(8)=6.2846 c(9)=10.6388 c(10)=0 c(11)=11.679 c(12)=13.8205 c(13)=16.6243 c(14)=14.3564 c(15)=5.93035 c(16)=3.5359 c(17)=7.2846 c(18)=2.26795 c(19)=9.2846 c(20)=12.0884 c(21)=9.82049 c(22)=0.535898 c(23)=4.5359 