
Graph (V,E) with |V|= 24 and diameter = 7

Coordinates: 
vertex 1 : 0 0
vertex 2 : 1.73205 0
vertex 3 : -0.866025 0.5
vertex 4 : 0.866025 0.5
vertex 5 : 2.59808 0.5
vertex 6 : -0.866025 1.5
vertex 7 : 0.866025 1.5
vertex 8 : 2.59808 1.5
vertex 9 : -1.73205 2
vertex 10 : 0 2
vertex 11 : 1.73205 2
vertex 12 : 3.4641 2
vertex 13 : -1.73205 3
vertex 14 : 0 3
vertex 15 : 1.73205 3
vertex 16 : 3.4641 3
vertex 17 : -0.866025 3.5
vertex 18 : 0.866025 3.5
vertex 19 : 2.59808 3.5
vertex 20 : -0.866025 4.5
vertex 21 : 0.866025 4.5
vertex 22 : 2.59808 4.5
vertex 23 : 0 5
vertex 24 : 1.73205 5

Distances: 
  0 1.73205   1   1 2.64575 1.73205 1.73205   3 2.64575   2 2.64575   4 3.4641   3 3.4641 4.58258 3.60555 3.60555 4.3589 4.58258 4.58258 5.19615   5 5.2915 
1.73205   0 2.64575   1   1   3 1.73205 1.73205   4 2.64575   2 2.64575 4.58258 3.4641   3 3.4641 4.3589 3.60555 3.60555 5.19615 4.58258 4.58258 5.2915   5 
  1 2.64575   0 1.73205 3.4641   1   2 3.60555 1.73205 1.73205   3 4.58258 2.64575 2.64575 3.60555   5   3 3.4641 4.58258   4 4.3589 5.2915 4.58258 5.19615 
  1   1 1.73205   0 1.73205   2   1   2   3 1.73205 1.73205   3 3.60555 2.64575 2.64575 3.60555 3.4641   3 3.4641 4.3589   4 4.3589 4.58258 4.58258 
2.64575   1 3.4641 1.73205   0 3.60555   2   1 4.58258   3 1.73205 1.73205   5 3.60555 2.64575 2.64575 4.58258 3.4641   3 5.2915 4.3589   4 5.19615 4.58258 
1.73205   3   1   2 3.60555   0 1.73205 3.4641   1   1 2.64575 4.3589 1.73205 1.73205   3 4.58258   2 2.64575   4   3 3.4641 4.58258 3.60555 4.3589 
1.73205 1.73205   2   1   2 1.73205   0 1.73205 2.64575   1   1 2.64575   3 1.73205 1.73205   3 2.64575   2 2.64575 3.4641   3 3.4641 3.60555 3.60555 
  3 1.73205 3.60555   2   1 3.4641 1.73205   0 4.3589 2.64575   1   1 4.58258   3 1.73205 1.73205   4 2.64575   2 4.58258 3.4641   3 4.3589 3.60555 
2.64575   4 1.73205   3 4.58258   1 2.64575 4.3589   0 1.73205 3.4641 5.19615   1   2 3.60555 5.2915 1.73205   3 4.58258 2.64575 3.60555   5 3.4641 4.58258 
  2 2.64575 1.73205 1.73205   3   1   1 2.64575 1.73205   0 1.73205 3.4641   2   1   2 3.60555 1.73205 1.73205   3 2.64575 2.64575 3.60555   3 3.4641 
2.64575   2   3 1.73205 1.73205 2.64575   1   1 3.4641 1.73205   0 1.73205 3.60555   2   1   2   3 1.73205 1.73205 3.60555 2.64575 2.64575 3.4641   3 
  4 2.64575 4.58258   3 1.73205 4.3589 2.64575   1 5.19615 3.4641 1.73205   0 5.2915 3.60555   2   1 4.58258   3 1.73205   5 3.60555 2.64575 4.58258 3.4641 
3.4641 4.58258 2.64575 3.60555   5 1.73205   3 4.58258   1   2 3.60555 5.2915   0 1.73205 3.4641 5.19615   1 2.64575 4.3589 1.73205   3 4.58258 2.64575   4 
  3 3.4641 2.64575 2.64575 3.60555 1.73205 1.73205   3   2   1   2 3.60555 1.73205   0 1.73205 3.4641   1   1 2.64575 1.73205 1.73205   3   2 2.64575 
3.4641   3 3.60555 2.64575 2.64575   3 1.73205 1.73205 3.60555   2   1   2 3.4641 1.73205   0 1.73205 2.64575   1   1   3 1.73205 1.73205 2.64575   2 
4.58258 3.4641   5 3.60555 2.64575 4.58258   3 1.73205 5.2915 3.60555   2   1 5.19615 3.4641 1.73205   0 4.3589 2.64575   1 4.58258   3 1.73205   4 2.64575 
3.60555 4.3589   3 3.4641 4.58258   2 2.64575   4 1.73205 1.73205   3 4.58258   1   1 2.64575 4.3589   0 1.73205 3.4641   1   2 3.60555 1.73205   3 
3.60555 3.60555 3.4641   3 3.4641 2.64575   2 2.64575   3 1.73205 1.73205   3 2.64575   1   1 2.64575 1.73205   0 1.73205   2   1   2 1.73205 1.73205 
4.3589 3.60555 4.58258 3.4641   3   4 2.64575   2 4.58258   3 1.73205 1.73205 4.3589 2.64575   1   1 3.4641 1.73205   0 3.60555   2   1   3 1.73205 
4.58258 5.19615   4 4.3589 5.2915   3 3.4641 4.58258 2.64575 2.64575 3.60555   5 1.73205 1.73205   3 4.58258   1   2 3.60555   0 1.73205 3.4641   1 2.64575 
4.58258 4.58258 4.3589   4 4.3589 3.4641   3 3.4641 3.60555 2.64575 2.64575 3.60555   3 1.73205 1.73205   3   2   1   2 1.73205   0 1.73205   1   1 
5.19615 4.58258 5.2915 4.3589   4 4.58258 3.4641   3   5 3.60555 2.64575 2.64575 4.58258   3 1.73205 1.73205 3.60555   2   1 3.4641 1.73205   0 2.64575   1 
  5 5.2915 4.58258 4.58258 5.19615 3.60555 3.60555 4.3589 3.4641   3 3.4641 4.58258 2.64575   2 2.64575   4 1.73205 1.73205   3   1   1 2.64575   0 1.73205 
5.2915   5 5.19615 4.58258 4.58258 4.3589 3.60555 3.60555 4.58258 3.4641   3 3.4641   4 2.64575   2 2.64575   3 1.73205 1.73205 2.64575   1   1 1.73205   0 
d: 
  4 2.26795   3   3 1.35425 2.26795 2.26795   1 1.35425   2 1.35425   0 0.535898   1 0.535898   0 0.394449 0.394449   0   0   0   0   0   0 
2.26795   4 1.35425   3   3   1 2.26795 2.26795 4.44089e-16 1.35425   2 1.35425   0 0.535898   1 0.535898   0 0.394449 0.394449   0   0   0   0   0 
  3 1.35425   4 2.26795 0.535898   3   2 0.394449 2.26795 2.26795   1   0 1.35425 1.35425 0.394449   0   1 0.535898   0   0   0   0   0   0 
  3   3 2.26795   4 2.26795   2   3   2   1 2.26795 2.26795   1 0.394449 1.35425 1.35425 0.394449 0.535898   1 0.535898   0   0   0   0   0 
1.35425   3 0.535898 2.26795   4 0.394449   2   3   0   1 2.26795 2.26795   0 0.394449 1.35425 1.35425   0 0.535898   1   0   0   0   0   0 
2.26795   1   3   2 0.394449   4 2.26795 0.535898   3   3 1.35425   0 2.26795 2.26795   1   0   2 1.35425 4.44089e-16   1 0.535898   0 0.394449   0 
2.26795 2.26795   2   3   2 2.26795   4 2.26795 1.35425   3   3 1.35425   1 2.26795 2.26795   1 1.35425   2 1.35425 0.535898   1 0.535898 0.394449 0.394449 
  1 2.26795 0.394449   2   3 0.535898 2.26795   4   0 1.35425   3   3   0   1 2.26795 2.26795 4.44089e-16 1.35425   2   0 0.535898   1   0 0.394449 
1.35425 4.44089e-16 2.26795   1   0   3 1.35425   0   4 2.26795 0.535898   0   3   2 0.394449   0 2.26795   1   0 1.35425 0.394449   0 0.535898   0 
  2 1.35425 2.26795 2.26795   1   3   3 1.35425 2.26795   4 2.26795 0.535898   2   3   2 0.394449 2.26795 2.26795   1 1.35425 1.35425 0.394449   1 0.535898 
1.35425   2   1 2.26795 2.26795 1.35425   3   3 0.535898 2.26795   4 2.26795 0.394449   2   3   2   1 2.26795 2.26795 0.394449 1.35425 1.35425 0.535898   1 
  0 1.35425   0   1 2.26795   0 1.35425   3   0 0.535898 2.26795   4   0 0.394449   2   3   0   1 2.26795   0 0.394449 1.35425   0 0.535898 
0.535898   0 1.35425 0.394449   0 2.26795   1   0   3   2 0.394449   0   4 2.26795 0.535898   0   3 1.35425   0 2.26795   1   0 1.35425 4.44089e-16 
  1 0.535898 1.35425 1.35425 0.394449 2.26795 2.26795   1   2   3   2 0.394449 2.26795   4 2.26795 0.535898   3   3 1.35425 2.26795 2.26795   1   2 1.35425 
0.535898   1 0.394449 1.35425 1.35425   1 2.26795 2.26795 0.394449   2   3   2 0.535898 2.26795   4 2.26795 1.35425   3   3   1 2.26795 2.26795 1.35425   2 
  0 0.535898   0 0.394449 1.35425   0   1 2.26795   0 0.394449   2   3   0 0.535898 2.26795   4   0 1.35425   3   0   1 2.26795   0 1.35425 
0.394449   0   1 0.535898   0   2 1.35425 4.44089e-16 2.26795 2.26795   1   0   3   3 1.35425   0   4 2.26795 0.535898   3   2 0.394449 2.26795   1 
0.394449 0.394449 0.535898   1 0.535898 1.35425   2 1.35425   1 2.26795 2.26795   1 1.35425   3   3 1.35425 2.26795   4 2.26795   2   3   2 2.26795 2.26795 
  0 0.394449   0 0.535898   1 4.44089e-16 1.35425   2   0   1 2.26795 2.26795   0 1.35425   3   3 0.535898 2.26795   4 0.394449   2   3   1 2.26795 
  0   0   0   0   0   1 0.535898   0 1.35425 1.35425 0.394449   0 2.26795 2.26795   1   0   3   2 0.394449   4 2.26795 0.535898   3 1.35425 
  0   0   0   0   0 0.535898   1 0.535898 0.394449 1.35425 1.35425 0.394449   1 2.26795 2.26795   1   2   3   2 2.26795   4 2.26795   3   3 
  0   0   0   0   0   0 0.535898   1   0 0.394449 1.35425 1.35425   0   1 2.26795 2.26795 0.394449   2   3 0.535898 2.26795   4 1.35425   3 
  0   0   0   0   0 0.394449 0.394449   0 0.535898   1 0.535898   0 1.35425   2 1.35425   0 2.26795 2.26795   1   3   3 1.35425   4 2.26795 
  0   0   0   0   0   0 0.394449 0.394449   0 0.535898   1 0.535898 4.44089e-16 1.35425   2 1.35425   1 2.26795 2.26795 1.35425   3   3 2.26795   4 

max distance : 3
Lattice 1
UB for lambda 27
Number of variables 301
Tried aggregator 1 time.
MIP Presolve eliminated 25 rows and 1 columns.
Reduced MIP has 576 rows, 301 columns, and 1704 nonzeros.
Reduced MIP has 276 binaries, 0 generals, 0 SOSs, and 0 indicators.
Probing fixed 0 vars, tightened 2 bounds.
Probing time =    0.00 sec.
Tried aggregator 1 time.
Presolve time =    0.00 sec.
Probing time =    0.00 sec.
MIP emphasis: balance optimality and feasibility.
MIP search method: dynamic search.
Parallel mode: deterministic, using up to 4 threads.
Root relaxation solution time =    0.00 sec.

        Nodes                                         Cuts/
   Node  Left     Objective  IInf  Best Integer    Best Bound    ItCnt     Gap

      0     0        3.0000   209                      3.0000      211         
      0     0        3.0000   167                   Cuts: 113      323         
      0     0        3.0000   152                   Cuts: 244      529         
      0     0        3.0000   178                   Cuts: 244      717         
      0     0        3.0000   137                   Cuts: 244      901         
      0     0        3.0000   174                   Cuts: 244     1062         
*     0+    0                           26.8999        3.0000     1062   88.85%
*     0+    0                           24.5525        3.0000     1062   87.78%
      0     2        3.0000   174       24.5525        3.0000     1062   87.78%
Elapsed real time =   0.45 sec. (tree size =  0.01 MB, solutions = 2)
*    68+   68                           24.4743        3.0000     3984   87.74%
*   131+  131                           24.4191        3.0000     5117   87.71%
*   207+  207                           23.1747        3.0000     5822   87.05%
*   440+  434                           22.3071        3.0000     7346   86.55%
*   489   464      integral     0       22.2701        3.0000     7809   86.53%
*   492   464      integral     0       22.0884        3.0000     7820   86.42%
*   493+  458                           21.8832        3.0000     7821   86.29%
*   493+  458                           21.6555        3.0000     7821   86.15%
*   853+  783                           21.5858        3.0000    14957   86.10%
*  1087   973      integral     0       21.0247        3.1116    17888   85.20%
*  1155+ 1031                           20.9068        3.1116    18842   85.12%
*  1155+ 1031                           20.6957        3.1116    18842   84.96%
*  1155+ 1031                           20.5772        3.1116    18842   84.88%
*  1155+ 1031                           20.5606        3.1116    18842   84.87%
*  1155+ 1031                           20.5123        3.1116    18842   84.83%
*  1155+ 1031                           20.3473        3.1116    18842   84.71%
   1155  1033       18.1581    18       20.3473        3.1116    18842   84.71%
*  1330  1165      integral     0       20.2444        3.2403    21848   83.99%
*  1748+ 1528                           20.2299        3.3727    27198   83.33%
*  1862  1606      integral     0       20.1747        3.3727    28466   83.28%
*  1865  1605      integral     0       20.1581        3.3727    28471   83.27%
*  1881  1614      integral     0       20.1345        3.3727    28762   83.25%
*  2266  1920      integral     0       20.0884        3.6491    33232   81.83%
   2356  1994        4.3450   113       20.0884        4.3450    36975   78.37%
Elapsed real time =   6.78 sec. (tree size =  0.71 MB, solutions = 28)
*  2362+ 1333                           19.8832        4.3450    37370   78.15%
*  2363+  891                           19.6555        4.3450    37462   77.89%
*  2363+  596                           19.3875        4.3450    37462   77.59%
*  3071   707      integral     0       19.2846        5.2679    45290   72.68%
*  3312   752      integral     0       19.2004        5.2679    47728   72.56%
*  4488  1601      integral     0       19.1747        5.8901    62555   69.28%
*  4674+ 1743                           19.1217        6.0000    64775   68.62%
*  4690  1756      integral     0       18.7675        6.0000    64953   68.03%
*  4992  1940      integral     0       18.7192        6.0000    69357   67.95%
*  5009  1948      integral     0       18.6243        6.0000    69562   67.78%
*  5142+ 2016                           18.5841        6.0000    71213   67.71%
*  5158  2026      integral     0       18.1747        6.0000    71526   66.99%
*  7038  3183      integral     0       18.1137        6.6222    97876   63.44%
*  8011  3767      integral     0       17.8923        6.9072   110711   61.40%
* 10989  5586      integral     0       17.8773        7.5359   152582   57.85%
Elapsed real time =  11.89 sec. (tree size =  2.71 MB, solutions = 46)
* 11612  5967      integral     0       17.8704        7.5359   162336   57.83%
  17948  9624       17.4260    16       17.8704        8.1581   258902   54.35%
* 19877 10775      integral     0       17.7251        8.2679   288321   53.35%
* 21515+11627                           17.7123        8.2679   310724   53.32%
  25659 14030       16.1581    21       17.7123        8.5359   367357   51.81%
* 28807 15804      integral     0       17.6957        8.6222   412276   51.28%
  35332 19328       11.1581    37       17.6957        8.8901   498030   49.76%
  38083 20827       15.1747    22       17.6957        9.0000   534603   49.14%
* 44354 24109      integral     0       17.6555        9.3542   615595   47.02%
  50584 27384       16.8038    16       17.6555        9.5359   695143   45.99%
  56965 30736       16.0884    20       17.6555        9.6222   778013   45.50%
Elapsed real time =  36.84 sec. (tree size = 13.07 MB, solutions = 51)
* 62219 33424      integral     0       17.5456        9.7892   847505   44.21%
* 62458 33367      integral     0       17.4995        9.8038   850956   43.98%
  69003 36568       16.5525    16       17.4995        9.8038   933463   43.98%
  75176 39798       11.3111    43       17.4995        9.8038  1012991   43.98%
  81479 42940       14.9068    19       17.4995        9.9628  1093136   43.07%
  88024 46186       13.4378    31       17.4995       10.0884  1172063   42.35%
* 91054 47621      integral     0       17.3581       10.1581  1207582   41.48%
  97517 50318       13.5359    31       17.3581       10.2679  1286061   40.85%
*102580 52775      integral     0       17.2867       10.2679  1344432   40.60%
 109066 55706       13.8901    27       17.2867       10.2679  1424401   40.60%
Elapsed real time =  60.86 sec. (tree size = 24.18 MB, solutions = 55)
 112963 57559       16.4025    15       17.2867       10.3397  1467875   40.19%
 119250 60318       11.9529    33       17.2867       10.4260  1543647   39.69%
 126201 63480       10.5359    37       17.2867       10.5359  1624763   39.05%
 132745 66459       14.4515    21       17.2867       10.5359  1703858   39.05%
 139239 69360       15.8205    15       17.2867       10.5359  1782037   39.05%
 145571 72183       11.0000    32       17.2867       10.6222  1859351   38.55%
 152218 75223       15.2444    18       17.2867       10.7085  1932892   38.05%
 159009 78266       12.0359    35       17.2867       10.8038  2007198   37.50%
 165753 81232       10.8470    31       17.2867       10.8306  2083406   37.35%
 172424 84104       14.8205    20       17.2867       10.8901  2159726   37.00%
Elapsed real time =  91.36 sec. (tree size = 37.76 MB, solutions = 55)
*175219 85369      integral     0       17.2004       10.8901  2190147   36.69%
 182110 87924       14.0333    24       17.2004       10.8901  2267626   36.69%
 189171 91008       12.8901    25       17.2004       10.9378  2344763   36.41%
 195987 93894       15.5359    19       17.2004       11.0000  2425430   36.05%
 202971 96831       14.9529    20       17.2004       11.0718  2500949   35.63%
*206194 98199      integral     0       17.0590       11.0718  2533953   35.10%
 213271 99919       11.1581    30       17.0590       11.1581  2610989   34.59%
 220243 102632       16.2444    21       17.0590       11.1581  2688617   34.59%
 227080 105316       14.4260    24       17.0590       11.1581  2769098   34.59%
 234377 108152       13.2444    26       17.0590       11.2444  2845070   34.09%
Elapsed real time = 116.30 sec. (tree size = 47.74 MB, solutions = 57)
 236618 109055       14.5359    24       17.0590       11.2679  2870406   33.95%
 243792 111968       11.2679    29       17.0590       11.2679  2946187   33.95%
 250698 114764       11.2679    33       17.0590       11.2679  3024142   33.95%
 257575 117393       12.4260    29       17.0590       11.3307  3102629   33.58%
 264674 120014       11.8901    27       17.0590       11.4030  3177925   33.16%
 272000 122631       11.5123    36       17.0590       11.5123  3255358   32.51%
 279550 125519       15.8307    19       17.0590       11.5359  3329414   32.38%
 286491 128355       13.8038    23       17.0590       11.5359  3407210   32.38%
 293837 131253       14.8901    22       17.0590       11.5359  3485191   32.38%
 300872 134132       16.6222    18       17.0590       11.5359  3558819   32.38%
Elapsed real time = 145.43 sec. (tree size = 60.15 MB, solutions = 57)
*301112+134220                           17.0333       11.5359  3561598   32.27%
 308002 136390       15.8666    16       17.0333       11.5790  3632257   32.02%
 315270 138905       16.1983    22       17.0333       11.6222  3705643   31.77%
 322303 141474       15.9764    25       17.0333       11.6222  3783180   31.77%
 329454 144299       16.4260    15       17.0333       11.6222  3859384   31.77%
 330465 144647       16.0097    12       17.0333       11.6388  3869601   31.67%
 337795 147078       15.2562    23       17.0333       11.7085  3942916   31.26%
 345066 149658       15.5123    19       17.0333       11.7803  4020925   30.84%
 352307 152452       13.8901    27       17.0333       11.8038  4095939   30.70%
 359385 155245       14.5123    20       17.0333       11.8038  4170193   30.70%
 366536 158097       16.0718    20       17.0333       11.8038  4244065   30.70%
Elapsed real time = 175.06 sec. (tree size = 70.07 MB, solutions = 58)
 373598 160840       15.8205    19       17.0333       11.8038  4318757   30.70%
 380737 163582       11.8038    42       17.0333       11.8038  4392636   30.70%
 387419 166086       14.1581    21       17.0333       11.8111  4466602   30.66%
 394527 168570       15.5986    17       17.0333       11.8901  4535456   30.19%
 401684 171135       15.8636    25       17.0333       11.8901  4609127   30.19%
 408715 173575       12.5123    29       17.0333       11.8901  4683135   30.19%
 415731 176064       14.5986    23       17.0333       11.8901  4758748   30.19%
 422833 178579       16.6388    17       17.0333       11.8901  4836472   30.19%
 429761 181147       15.7803    22       17.0333       11.8901  4912824   30.19%
 436945 183525       14.9764    23       17.0333       11.9333  4987960   29.94%
Elapsed real time = 203.45 sec. (tree size = 81.77 MB, solutions = 58)
 444483 186193       15.1104    21       17.0333       11.9764  5060961   29.69%
 451844 188841       15.5359    23       17.0333       12.0000  5134757   29.55%
 459160 191450       12.0314    28       17.0333       12.0188  5207983   29.44%
 466633 193843       14.6849    21       17.0333       12.0718  5279465   29.13%
 474111 196665       15.4260    19       17.0333       12.0718  5352870   29.13%
 481452 199459       17.0097     9       17.0333       12.0718  5426680   29.13%
 488852 202089       15.4260    27       17.0333       12.0718  5500526   29.13%
 496179 204830       15.4260    19       17.0333       12.0718  5573870   29.13%
*501409 206719      integral     0       17.0188       12.0718  5626152   29.07%
*501413 206717      integral     0       16.9952       12.0718  5626190   28.97%
Elapsed real time = 227.82 sec. (tree size = 92.76 MB, solutions = 60)
 519184 213005       15.8901    15       16.9952       12.0718  5805604   28.97%
 548682 223322       16.1747    14       16.9952       12.1581  6100755   28.46%
 578310 233319       15.5986    17       16.9952       12.2444  6393277   27.95%
*590992 237703      integral     0       16.9636       12.2444  6524060   27.82%
 617916 246579       15.8205    16       16.9636       12.2679  6801208   27.68%
 646686 255597    infeasible             16.9636       12.3542  7085201   27.17%
 675772 264764       14.8901    23       16.9636       12.4260  7374717   26.75%
 704569 273718       15.2149    15       16.9636       12.4662  7654059   26.51%
 733584 282469       12.5123    34       16.9636       12.5123  7947475   26.24%
 761300 291627       15.8038    16       16.9636       12.5359  8227028   26.10%
Elapsed real time = 337.71 sec. (tree size = 132.00 MB, solutions = 61)
Nodefile size =  3.97 MB (2.24 MB after compression)
 788806 301089       15.5986    20       16.9636       12.5359  8506381   26.10%
*792815 302445      integral     0       16.9175       12.5359  8545881   25.90%
 804527 306235       16.4260    19       16.9175       12.5359  8665736   25.90%
 832444 315261       14.8038    23       16.9175       12.5359  8948904   25.90%
 859967 324175       15.2846    24       16.9175       12.5512  9238474   25.81%
 888876 332568       14.8756    18       16.9175       12.6032  9512170   25.50%
 917211 340654       15.1581    20       16.9175       12.6222  9794655   25.39%
 945769 348413       14.3149    29       16.9175       12.6855 10078670   25.02%
 974807 356886       13.4440    25       16.9175       12.7085 10362522   24.88%
 1003541 364924       15.1983    20       16.9175       12.8038 10643022   24.32%
Elapsed real time = 445.73 sec. (tree size = 163.51 MB, solutions = 62)
Nodefile size = 35.94 MB (19.27 MB after compression)
 1031831 373144       13.8901    24       16.9175       12.8038 10928516   24.32%
 1060260 381530       15.5359    26       16.9175       12.8038 11211853   24.32%
 1087770 389755       16.1581    19       16.9175       12.8038 11499807   24.32%
*1092786 391190      integral     0       16.7606       12.8038 11553063   23.61%
 1105264 392198       15.1581    32       16.7606       12.8038 11685731   23.61%
 1133898 399010       12.8666    35       16.7606       12.8666 11972473   23.23%
 1162720 406739       16.4818    16       16.7606       12.8901 12261320   23.09%
 1191346 414423       12.8901    30       16.7606       12.8901 12556459   23.09%
 1220229 421480       14.9303    22       16.7606       12.9303 12842644   22.85%
 1250403 428059       16.0718    18       16.7606       12.9692 13126212   22.62%
Elapsed real time = 554.45 sec. (tree size = 190.90 MB, solutions = 63)
Nodefile size = 62.94 MB (33.23 MB after compression)
 1279377 435425    infeasible             16.7606       12.9764 13415211   22.58%
 1308419 442619    infeasible             16.7606       13.0000 13701202   22.44%
 1338544 448694       13.0627    27       16.7606       13.0627 13983691   22.06%
 1368188 455900       15.3397    21       16.7606       13.0718 14266636   22.01%
 1397420 462852       16.1345    20       16.7606       13.0718 14548518   22.01%
 1426122 469540       13.7058    27       16.7606       13.0718 14836601   22.01%
 1455828 475495    infeasible             16.7606       13.1345 15116021   21.63%
 1485370 481716       13.1581    19       16.7606       13.1581 15398234   21.49%
 1514214 488507       13.1581    27       16.7606       13.1581 15685073   21.49%
 1543182 495466       16.1436    18       16.7606       13.1581 15970890   21.49%
Elapsed real time = 673.82 sec. (tree size = 220.16 MB, solutions = 63)
Nodefile size = 92.94 MB (48.53 MB after compression)
 1572099 502326       14.9529    23       16.7606       13.1581 16258664   21.49%
 1601191 509017    infeasible             16.7606       13.1581 16553108   21.49%
 1630275 515985       15.7418    15       16.7606       13.1581 16846394   21.49%
 1660246 521809       15.4662    16       16.7606       13.1983 17133514   21.25%
 1690453 527592       15.5525    18       16.7606       13.2444 17411924   20.98%
 1720338 534008       13.2444    25       16.7606       13.2444 17695817   20.98%
 1749548 540135       15.5692    17       16.7606       13.2610 17983318   20.88%
 1778466 546948       13.2679    23       16.7606       13.2679 18269330   20.84%
 1806924 553830       15.6222    19       16.7606       13.2679 18559212   20.84%
 1836307 559839       13.4764    29       16.7606       13.2921 18844646   20.69%
Elapsed real time = 793.68 sec. (tree size = 248.09 MB, solutions = 63)
Nodefile size = 120.93 MB (62.51 MB after compression)
 1866660 565677       13.9931    21       16.7606       13.3307 19125701   20.46%
 1896615 571387       15.3397    24       16.7606       13.3397 19406292   20.41%
 1926685 577387       13.6508    36       16.7606       13.3397 19691534   20.41%
 1956227 582999       14.4361    20       16.7606       13.3602 19977571   20.29%
 1986457 587539       15.5290    20       16.7606       13.4097 20250979   19.99%
 2015777 593224       15.6940    17       16.7606       13.4260 20538540   19.90%
 2044994 598720       15.6940    16       16.7606       13.4260 20823595   19.90%
 2074396 604277       14.8038    24       16.7606       13.4260 21105374   19.90%
 2103461 610135       15.3564    17       16.7606       13.4260 21395547   19.90%
 2132713 615747       15.2149    21       16.7606       13.4378 21679971   19.82%
Elapsed real time = 914.08 sec. (tree size = 272.39 MB, solutions = 63)
Nodefile size = 144.93 MB (74.43 MB after compression)
 2162257 619953       16.1581    15       16.7606       13.4810 21953107   19.57%
 2192084 625004       14.2254    22       16.7606       13.5123 22231300   19.38%
 2221026 630423    infeasible             16.7606       13.5123 22514698   19.38%
 2250324 635836       15.7803    25       16.7606       13.5123 22794611   19.38%
 2280317 640899       15.5359    21       16.7606       13.5359 23077875   19.24%
 2309231 646681       13.5359    21       16.7606       13.5359 23366301   19.24%
 2337067 652252       15.5986    16       16.7606       13.5359 23648368   19.24%
 2366089 657947       16.0359    13       16.7606       13.5359 23933859   19.24%
 2394192 663630       15.8901    19       16.7606       13.5359 24219426   19.24%
 2423189 669467       14.8038    26       16.7606       13.5359 24507532   19.24%
Elapsed real time = 1033.28 sec. (tree size = 295.93 MB, solutions = 63)
Nodefile size = 167.92 MB (85.78 MB after compression)
 2451414 675137       15.5359    16       16.7606       13.5359 24794758   19.24%
 2479500 680962       15.8038    21       16.7606       13.5359 25089039   19.24%
 2508635 685376       14.1747    21       16.7606       13.5525 25375561   19.14%
 2537962 689702       13.5759    22       16.7606       13.5756 25652448   19.00%
 2568036 694572       13.5986    18       16.7606       13.5986 25927006   18.87%
 2596730 699733       14.1581    20       16.7606       13.5986 26210779   18.87%
 2625880 704571       15.7875    17       16.7606       13.5986 26494133   18.87%
 2655721 709004       15.4115    16       16.7606       13.6077 26772849   18.81%
 2685951 713879       13.6222    26       16.7606       13.6222 27048460   18.72%
 2715293 719333       15.8593    31       16.7606       13.6222 27330887   18.72%
Elapsed real time = 1152.81 sec. (tree size = 317.83 MB, solutions = 63)
Nodefile size = 189.92 MB (96.45 MB after compression)
 2743784 724791        cutoff             16.7606       13.6222 27611370   18.72%
 2772563 730278       15.8901    20       16.7606       13.6222 27899156   18.72%
 2802300 734793       14.9931    20       16.7606       13.6388 28181626   18.63%
 2832563 738600       15.7251    13       16.7606       13.6624 28460521   18.48%
 2863171 742395       14.3473    25       16.7606       13.6849 28738220   18.35%
 2892552 746633       13.7371    25       16.7606       13.6940 29011596   18.30%
 2922101 750334       13.6940    26       16.7606       13.6940 29287211   18.30%
 2951682 753817       14.7921    18       16.7606       13.6940 29565424   18.30%
 2981979 758139       14.7085    21       16.7606       13.7085 29841177   18.21%
 3012361 761260       15.0884    21       16.7606       13.7342 30115860   18.06%
Elapsed real time = 1271.65 sec. (tree size = 336.35 MB, solutions = 63)
Nodefile size = 208.91 MB (105.68 MB after compression)
 3043234 764118       16.7016    20       16.7606       13.7752 30391195   17.81%
 3073212 767805       13.7803    25       16.7606       13.7803 30669012   17.78%
*3091258 770178      integral     0       16.6243       13.7803 30831247   17.11%
 3097750 768622    infeasible             16.6243       13.7803 30890125   17.11%
 3127925 772392       13.7803    22       16.6243       13.7803 31166240   17.11%
 3158896 775570       14.5359    18       16.6243       13.8038 31438571   16.97%
 3188512 779744       15.1581    22       16.6243       13.8038 31719472   16.97%
 3218500 783698       15.2679    19       16.6243       13.8038 31996285   16.97%
 3248207 787747       13.8038    20       16.6243       13.8038 32270965   16.97%
 3278463 791883       15.8901    12       16.6243       13.8038 32546089   16.97%
Elapsed real time = 1386.60 sec. (tree size = 350.00 MB, solutions = 64)
Nodefile size = 221.92 MB (112.00 MB after compression)
 3308036 795919       13.8038    29       16.6243       13.8038 32825059   16.97%
 3337305 800308       15.4260    21       16.6243       13.8038 33104445   16.97%
 3366326 804733       14.1581    22       16.6243       13.8038 33387759   16.97%
 3396845 807387       15.1747    17       16.6243       13.8205 33666084   16.87%
 3427779 809878       13.8508    27       16.6243       13.8481 33935522   16.70%
 3458348 813109       13.9298    29       16.6243       13.8666 34210527   16.59%
 3488812 816540       15.9068    24       16.6243       13.8666 34484812   16.59%
 3520045 818975    infeasible             16.6243       13.8817 34755141   16.50%
 3549963 823106       14.5359    24       16.6243       13.8901 35037826   16.45%
 3579236 826987       15.6624    17       16.6243       13.8901 35322908   16.45%
Elapsed real time = 1506.10 sec. (tree size = 365.66 MB, solutions = 64)
Nodefile size = 237.91 MB (119.83 MB after compression)
 3608547 831104       16.6077    12       16.6243       13.8901 35601723   16.45%
 3637521 835307       15.1581    17       16.6243       13.8901 35885912   16.45%
 3666838 839223       14.9102    23       16.6243       13.8901 36168367   16.45%
 3696443 843470       15.2444    18       16.6243       13.8901 36450780   16.45%
 3725852 847701       15.8901    17       16.6243       13.8901 36731390   16.45%
 3755101 852053       15.5123    18       16.6243       13.8901 37013433   16.45%
 3783979 856311       13.8901    23       16.6243       13.8901 37299894   16.45%
 3815096 858901       15.9068    12       16.6243       13.9068 37576265   16.35%
 3846684 860837       15.5525    20       16.6243       13.9303 37849730   16.21%
 3878021 862672       13.9470    20       16.6243       13.9470 38122921   16.10%
Elapsed real time = 1625.46 sec. (tree size = 381.60 MB, solutions = 64)
Nodefile size = 253.91 MB (127.65 MB after compression)
 3908538 865723       15.4888    16       16.6243       13.9529 38402421   16.07%
 3940080 867724       13.9619    22       16.6243       13.9619 38677246   16.02%
 3971077 869847       15.6222    19       16.6243       13.9764 38953965   15.93%
 4000498 873204       15.1581    21       16.6243       13.9764 39239103   15.93%
 4030200 876361       13.9764    26       16.6243       13.9764 39525643   15.93%
 4060462 879243    infeasible             16.6243       13.9931 39809081   15.83%
 4092156 880895       15.1771    25       16.6243       14.0000 40086687   15.79%
 4121508 884523       15.6153    15       16.6243       14.0021 40366022   15.77%
 4153082 886002       14.0207    31       16.6243       14.0196 40641914   15.67%
 4185209 887218       15.1512    16       16.6243       14.0482 40912173   15.50%
Elapsed real time = 1746.41 sec. (tree size = 392.60 MB, solutions = 64)
Nodefile size = 264.91 MB (133.24 MB after compression)
 4216556 888993       15.1345    17       16.6243       14.0482 41191727   15.50%
 4248262 890373       14.0627    26       16.6243       14.0627 41466704   15.41%
 4279175 892799       14.7058    20       16.6243       14.0718 41739768   15.35%
 4309733 895715       14.0718    18       16.6243       14.0718 42017404   15.35%
 4340262 898767       14.8352    17       16.6243       14.0718 42297721   15.35%
 4370494 901918       15.2921    23       16.6243       14.0718 42569080   15.35%
 4401017 905144       14.0718    27       16.6243       14.0718 42848919   15.35%
 4431108 908346       15.3397    28       16.6243       14.0718 43130589   15.35%
 4461611 911247       15.3709    19       16.6243       14.0794 43404983   15.31%
 4493816 912457       15.5986    17       16.6243       14.0986 43679139   15.19%
Elapsed real time = 1864.90 sec. (tree size = 403.83 MB, solutions = 64)
Nodefile size = 275.91 MB (138.80 MB after compression)
 4526011 913358       16.0097    18       16.6243       14.1281 43945572   15.02%
 4558137 914547       15.7803    19       16.6243       14.1345 44218386   14.98%
 4590411 916094       14.7921    23       16.6243       14.1581 44482917   14.84%
 4621320 919061       14.1581    34       16.6243       14.1581 44756964   14.84%
 4651548 921935       15.2375    10       16.6243       14.1581 45032457   14.84%
 4681825 924857       15.2846    20       16.6243       14.1581 45310687   14.84%
 4712220 927808       15.4260    16       16.6243       14.1581 45590336   14.84%
 4742516 930622       14.4692    21       16.6243       14.1581 45869885   14.84%
 4773137 933679       15.3564    18       16.6243       14.1581 46150428   14.84%
 4803530 936807       14.7803    19       16.6243       14.1581 46428845   14.84%
Elapsed real time = 1984.30 sec. (tree size = 414.79 MB, solutions = 64)
Nodefile size = 286.90 MB (144.42 MB after compression)
 4833547 939888       14.1581    20       16.6243       14.1581 46707503   14.84%
 4864053 943165       15.4260    21       16.6243       14.1581 46989680   14.84%
 4894512 946245       14.4260    26       16.6243       14.1581 47270181   14.84%
 4924634 949245       15.5986    22       16.6243       14.1581 47548903   14.84%
 4955132 952443       14.7012    21       16.6243       14.1581 47831036   14.84%
 4985075 955911        cutoff             16.6243       14.1581 48107350   14.84%
 5015360 959413       14.1581    30       16.6243       14.1581 48389313   14.84%
 5047205 961151       15.2777    20       16.6243       14.1747 48661725   14.74%
 5079956 961723       14.1983    20       16.6243       14.1983 48930191   14.59%
 5112401 962508    infeasible             16.6243       14.1983 49200208   14.59%
Elapsed real time = 2104.34 sec. (tree size = 426.31 MB, solutions = 64)
Nodefile size = 298.90 MB (150.33 MB after compression)
 5144823 963411       15.5869    20       16.6243       14.2208 49470388   14.46%
 5176106 965460       15.6704    17       16.6243       14.2208 49741050   14.46%
 5208732 966727       15.0410    21       16.6243       14.2299 50005572   14.40%
 5241071 968458       14.6849    21       16.6243       14.2444 50272638   14.32%
 5271679 971038       14.8784    21       16.6243       14.2444 50547448   14.32%
 5302783 973308       14.2444    23       16.6243       14.2444 50826617   14.32%
 5333686 975861       15.2444    17       16.6243       14.2444 51104426   14.32%
 5364473 978225       15.6388    17       16.6243       14.2444 51383184   14.32%
 5394697 980849       14.8666    21       16.6243       14.2444 51657097   14.32%
 5425088 983293       15.3307    17       16.6243       14.2444 51931047   14.32%
Elapsed real time = 2223.20 sec. (tree size = 435.67 MB, solutions = 64)
Nodefile size = 307.90 MB (154.95 MB after compression)
 5455637 985860       14.7803    25       16.6243       14.2444 52207155   14.32%
 5486361 988160       14.3754    21       16.6243       14.2485 52482933   14.29%
 5519255 988351       14.2610    19       16.6243       14.2610 52749739   14.22%
 5550484 990320       14.2679    19       16.6243       14.2679 53022682   14.17%
 5580623 993313       15.5359    23       16.6243       14.2679 53297338   14.17%
 5610557 996376       15.5378    15       16.6243       14.2679 53576886   14.17%
 5639899 999529       15.4025    19       16.6243       14.2685 53861880   14.17%
 5672380 999941       15.3012    12       16.6243       14.2846 54130980   14.07%
 5704327 1000932       16.0333    16       16.6243       14.2846 54403501   14.07%
 5735655 1001944       15.3307    23       16.6243       14.2899 54676905   14.04%
Elapsed real time = 2342.71 sec. (tree size = 444.09 MB, solutions = 64)
Nodefile size = 316.90 MB (159.56 MB after compression)
 5768590 1002433       14.3122    21       16.6243       14.3111 54941044   13.91%
 5800965 1002640       14.3162    26       16.6243       14.3162 55213532   13.88%
 5832735 1003589       15.7875    12       16.6243       14.3307 55487292   13.80%
 5863557 1005300       15.6849    18       16.6243       14.3307 55762686   13.80%
 5894575 1006814       15.3784    18       16.6243       14.3332 56038233   13.78%
 5926075 1008352    infeasible             16.6243       14.3397 56298928   13.74%
 5956774 1010083       15.3397    19       16.6243       14.3397 56567862   13.74%
 5987370 1011826       14.3397    26       16.6243       14.3397 56842734   13.74%
 6017721 1013861       15.4978    22       16.6243       14.3397 57119108   13.74%
 6048478 1015261       14.3473    21       16.6243       14.3473 57392077   13.70%
Elapsed real time = 2461.28 sec. (tree size = 450.16 MB, solutions = 64)
Nodefile size = 322.90 MB (162.73 MB after compression)
 6080565 1016158       15.5359    15       16.6243       14.3542 57660884   13.66%
 6110895 1018272       14.3553    21       16.6243       14.3542 57935205   13.66%
 6143677 1017860       14.3709    18       16.6243       14.3709 58206957   13.56%
 6176885 1017146       14.3944    24       16.6243       14.3944 58478051   13.41%
 6210261 1015883       15.1196    21       16.6243       14.4170 58745259   13.28%
 6241487 1017121       15.6032    19       16.6243       14.4260 59027404   13.22%
 6272815 1018289       14.4260    20       16.6243       14.4260 59311900   13.22%
 6303838 1019376       14.4260    23       16.6243       14.4260 59592390   13.22%
 6334873 1020741       15.5123    23       16.6243       14.4260 59877062   13.22%
 6365569 1022243       15.5123    17       16.6243       14.4260 60156152   13.22%
Elapsed real time = 2581.28 sec. (tree size = 453.60 MB, solutions = 64)
Nodefile size = 325.89 MB (164.33 MB after compression)
 6396453 1024076       15.0884    18       16.6243       14.4260 60432738   13.22%
 6427042 1025813       15.4260    22       16.6243       14.4260 60714675   13.22%
 6458797 1026928       14.6146    17       16.6243       14.4371 60987487   13.16%
 6492455 1025560       15.0794    25       16.6243       14.4572 61253700   13.04%
 6525258 1024167       14.8205    20       16.6243       14.4662 61536098   12.98%
 6558710 1023242       15.9068    14       16.6243       14.4888 61807827   12.85%
 6591433 1023245       14.7803    21       16.6243       14.5123 62083582   12.70%
 6622810 1024641       15.5555    20       16.6243       14.5123 62360452   12.70%
 6653959 1025982       14.7653    17       16.6243       14.5123 62643619   12.70%
 6684872 1027159       14.5123    18       16.6243       14.5123 62923174   12.70%
Elapsed real time = 2700.28 sec. (tree size = 456.11 MB, solutions = 64)
Nodefile size = 328.89 MB (165.92 MB after compression)
 6716190 1028256       14.5123    23       16.6243       14.5123 63203928   12.70%
 6747065 1029474        cutoff             16.6243       14.5123 63485846   12.70%
 6778342 1030865       14.9068    21       16.6243       14.5123 63767781   12.70%
 6809163 1032194       14.5123    27       16.6243       14.5123 64046226   12.70%
 6840158 1033578       15.0555    22       16.6243       14.5123 64324219   12.70%
 6871081 1035141       15.5986    14       16.6243       14.5123 64608899   12.70%
 6903687 1034977       14.5290    23       16.6243       14.5290 64872590   12.60%
 6935606 1035398       14.5359    27       16.6243       14.5359 65153578   12.56%
 6966514 1036824       15.2846    14       16.6243       14.5359 65440428   12.56%
 6997422 1038285       14.5359    17       16.6243       14.5359 65719850   12.56%
Elapsed real time = 2818.97 sec. (tree size = 461.33 MB, solutions = 64)
Nodefile size = 333.89 MB (168.57 MB after compression)
 7028008 1039853       15.0718    18       16.6243       14.5359 65999775   12.56%
 7059038 1041494       15.6222    19       16.6243       14.5359 66285567   12.56%
 7089309 1043377       15.6222    18       16.6243       14.5359 66568077   12.56%
 7119155 1045535       15.5359    27       16.6243       14.5359 66855486   12.56%
 7151806 1044952       14.5525    23       16.6243       14.5525 67133187   12.46%
 7184687 1044509       14.5525    18       16.6243       14.5525 67409628   12.46%
 7218345 1043399       14.5718    24       16.6243       14.5708 67678707   12.35%
 7252029 1042158       14.8388    19       16.6243       14.5841 67944615   12.27%
 7284796 1041835       14.5986    21       16.6243       14.5986 68220961   12.19%
 7315740 1042019       15.2610    14       16.6243       14.5986 68497050   12.19%
Elapsed real time = 2937.46 sec. (tree size = 463.34 MB, solutions = 64)
Nodefile size = 336.89 MB (170.14 MB after compression)
 7346633 1042118       15.3980    18       16.6243       14.5986 68776314   12.19%
 7377318 1042496       14.5986    19       16.6243       14.5986 69055562   12.19%
 7408638 1042892       15.5089    17       16.6243       14.5991 69334381   12.18%
 7441354 1041450       14.6153    17       16.6243       14.6153 69602261   12.08%
 7474120 1040920       15.3709    19       16.6243       14.6222 69874523   12.04%
 7504853 1041877       15.5986    17       16.6243       14.6222 70148356   12.04%
 7535560 1043051       15.2679    14       16.6243       14.6222 70421678   12.04%
 7566356 1044465       14.6222    18       16.6243       14.6222 70702238   12.04%
 7596231 1046086       14.9764    15       16.6243       14.6222 70982217   12.04%
 7626609 1047623       14.6222    25       16.6243       14.6222 71255157   12.04%
Elapsed real time = 3056.28 sec. (tree size = 466.13 MB, solutions = 64)
Nodefile size = 338.89 MB (171.21 MB after compression)
 7657758 1048476       16.1196    14       16.6243       14.6361 71532069   11.96%
 7691191 1046951       15.3473    20       16.6243       14.6388 71795368   11.94%
 7724648 1045420       15.9931    23       16.6243       14.6388 72065270   11.94%
 7758830 1043217       14.6624    23       16.6243       14.6619 72324337   11.80%
 7793105 1040578       14.6849    16       16.6243       14.6849 72590213   11.67%
 7825788 1039750       14.6849    19       16.6243       14.6849 72862346   11.67%
 7858755 1038590       14.6940    18       16.6243       14.6940 73136987   11.61%
 7889739 1037081       14.6940    20       16.6243       14.6940 73399152   11.61%
 7921418 1035832       16.0482    22       16.6243       14.6940 73670696   11.61%
 7951843 1034305    infeasible             16.6243       14.7016 73930587   11.57%
Elapsed real time = 3178.52 sec. (tree size = 460.59 MB, solutions = 64)
Nodefile size = 332.88 MB (169.04 MB after compression)
 7983257 1032945       15.6849    20       16.6243       14.7085 74191502   11.52%
 8017323 1030520       15.0794    15       16.6243       14.7251 74447540   11.42%
 8050032 1027825       15.5884    19       16.6243       14.7342 74701837   11.37%
 8082804 1023124       15.7251    14       16.6243       14.7653 74938022   11.18%
 8114824 1021120       15.4260    16       16.6243       14.7803 75194155   11.09%
 8145538 1020068       14.7803    29       16.6243       14.7803 75448736   11.09%
 8175620 1019304       14.7803    15       16.6243       14.7803 75703839   11.09%
 8207814 1018013       15.1345    24       16.6243       14.7803 75973638   11.09%
 8238866 1017177       14.7803    22       16.6243       14.7803 76237463   11.09%
 8269714 1016126       14.7803    22       16.6243       14.7803 76501354   11.09%
Elapsed real time = 3303.13 sec. (tree size = 452.89 MB, solutions = 64)
Nodefile size = 325.84 MB (167.21 MB after compression)
 8300953 1015353       15.8666    14       16.6243       14.7803 76768231   11.09%
 8333223 1013976       14.7969    18       16.6243       14.7959 77031862   11.00%
 8365352 1012623       15.1581    18       16.6243       14.8038 77286512   10.95%
 8396777 1012955       14.8038    21       16.6243       14.8038 77550505   10.95%
 8428364 1013006       15.8901    25       16.6243       14.8038 77809593   10.95%
 8460209 1012920       15.4260    18       16.6243       14.8038 78076030   10.95%
 8491308 1013123       15.1581    21       16.6243       14.8038 78344361   10.95%
 8522023 1013574       15.4260    19       16.6243       14.8038 78606519   10.95%
 8553100 1014049       15.1581    19       16.6243       14.8038 78877840   10.95%
 8583715 1014602       14.8038    24       16.6243       14.8038 79149429   10.95%
Elapsed real time = 3426.59 sec. (tree size = 452.53 MB, solutions = 64)
Nodefile size = 324.80 MB (167.33 MB after compression)
 8613777 1015533       14.8038    18       16.6243       14.8038 79422973   10.95%
 8646575 1014430       15.3921    17       16.6243       14.8205 79684860   10.85%
 8680433 1011666       14.8205    20       16.6243       14.8205 79937956   10.85%
 8714219 1008466       14.8431    23       16.6243       14.8430 80181528   10.72%
 8747671 1006188       14.8666    21       16.6243       14.8666 80429596   10.57%
 8780278 1004945       14.8666    22       16.6243       14.8666 80689088   10.57%
 8812315 1003765       15.8666    15       16.6243       14.8666 80951845   10.57%
 8844636 1002780       14.8666    18       16.6243       14.8666 81214688   10.57%
 8876072 1001707       14.8682    21       16.6243       14.8671 81475420   10.57%
 8911000 997674       15.9764    12       16.6243       14.8901 81724807   10.43%
Elapsed real time = 3550.61 sec. (tree size = 445.36 MB, solutions = 64)
Nodefile size = 317.72 MB (164.55 MB after compression)
 8942566 996965       14.8901    22       16.6243       14.8901 81996504   10.43%
 8974459 996155       15.5123    15       16.6243       14.8901 82266991   10.43%
 9006973 995497       15.5359    20       16.6243       14.8901 82541546   10.43%
 9039181 994732       15.7012    16       16.6243       14.8901 82814208   10.43%
 9071035 994042       15.4260    14       16.6243       14.8901 83085913   10.43%
 9102935 993583       15.3709    17       16.6243       14.8901 83363915   10.43%
 9134998 993317       15.5525    25       16.6243       14.8901 83637874   10.43%
 9166832 993299       15.5525    19       16.6243       14.8901 83914881   10.43%
 9197901 993388       15.5123    17       16.6243       14.8901 84188428   10.43%
 9228835 994142       15.1581    18       16.6243       14.8901 84463069   10.43%
Elapsed real time = 3672.96 sec. (tree size = 444.07 MB, solutions = 64)
Nodefile size = 316.71 MB (164.17 MB after compression)
 9263544 991089       15.5525    14       16.6243       14.9068 84725717   10.33%
 9298044 987548       15.0609    14       16.6243       14.9068 84982879   10.33%
 9332552 984432       15.6747    24       16.6243       14.9068 85247797   10.33%
 9368454 980062       15.5525    17       16.6243       14.9303 85505598   10.19%
 9404248 975520       14.9529    19       16.6243       14.9529 85762635   10.05%
 9438275 973367       14.9529    14       16.6243       14.9529 86026198   10.05%
 9472343 971001       14.9529    20       16.6243       14.9529 86289410   10.05%
 9506408 968575       14.9619    18       16.6243       14.9619 86558675   10.00%
 9539655 966852        cutoff             16.6243       14.9619 86831706   10.00%
 9573957 964037       14.9764    22       16.6243       14.9764 87098915    9.91%
Elapsed real time = 3794.53 sec. (tree size = 431.06 MB, solutions = 64)
Nodefile size = 303.71 MB (157.68 MB after compression)
 9606783 961771       15.3307    20       16.6243       14.9764 87368338    9.91%
 9640502 959743       14.9764    19       16.6243       14.9764 87634249    9.91%
 9673893 957611       14.9764    21       16.6243       14.9764 87902526    9.91%
 9707099 956081       15.3307    21       16.6243       14.9764 88171302    9.91%
 9742496 951787       16.1196    15       16.6243       14.9931 88426784    9.81%
 9777747 947624       14.9931    21       16.6243       14.9931 88687499    9.81%
 9811112 945416       15.0097    18       16.6243       15.0097 88957544    9.71%
 9847476 938887       15.5692    15       16.6243       15.0333 89223200    9.57%
 9883570 933478       15.2130    16       16.6243       15.0482 89487249    9.48%
 9918982 928686       15.0482    22       16.6243       15.0482 89754460    9.48%
Elapsed real time = 3918.23 sec. (tree size = 415.77 MB, solutions = 64)
Nodefile size = 290.71 MB (151.16 MB after compression)
 9954323 923368       15.0643    22       16.6243       15.0627 90026099    9.39%
 9988533 920066       15.0718    29       16.6243       15.0718 90295255    9.34%
 10022199 917298       16.0718    12       16.6243       15.0718 90568827    9.34%
 10055955 914794       15.2058    24       16.6243       15.0718 90842863    9.34%
 10088132 912829       15.4662    14       16.6243       15.0718 91115571    9.34%
 10120567 911271       15.6077    22       16.6243       15.0718 91397395    9.34%
 10155243 908120       15.0794    17       16.6243       15.0794 91644670    9.29%
 10191606 902771       15.0884    22       16.6243       15.0884 91902351    9.24%
 10229576 895553       16.0482    18       16.6243       15.1345 92145090    8.96%
 10265111 891346       15.1345    20       16.6243       15.1345 92406458    8.96%
Elapsed real time = 4040.83 sec. (tree size = 399.50 MB, solutions = 64)
Nodefile size = 273.72 MB (142.65 MB after compression)
 10300511 886913       15.1822    18       16.6243       15.1404 92665921    8.93%
 10336384 882283       15.5525    20       16.6243       15.1581 92921563    8.82%
 10370405 879367       15.1581    20       16.6243       15.1581 93187165    8.82%
 10403841 876281       15.5986    17       16.6243       15.1581 93442584    8.82%
 10437757 872823    infeasible             16.6243       15.1581 93703155    8.82%
 10471597 869461       15.1581    22       16.6243       15.1581 93964265    8.82%
 10505758 866217       15.5123    25       16.6243       15.1581 94228055    8.82%
 10540366 862732       15.1581    22       16.6243       15.1581 94493418    8.82%
 10574588 859444       15.1581    21       16.6243       15.1581 94762029    8.82%
 10608776 856376       15.6940    19       16.6243       15.1581 95031934    8.82%
Elapsed real time = 4162.24 sec. (tree size = 384.32 MB, solutions = 64)
Nodefile size = 257.70 MB (134.97 MB after compression)
 10642502 853814       15.1581    17       16.6243       15.1581 95307501    8.82%
 10677138 850311       15.3636    13       16.6243       15.1720 95573238    8.74%
 10714787 843867       15.1747    12       16.6243       15.1747 95816945    8.72%
 10753091 836227       15.1983    18       16.6243       15.1983 96064260    8.58%
 10791146 828560       15.2149    21       16.6243       15.2149 96317758    8.48%
 10828356 822700       15.2208    20       16.6243       15.2208 96565544    8.44%
 10866082 816037    infeasible             16.6243       15.2409 96812943    8.32%
 10900522 812189       15.2444    21       16.6243       15.2444 97081115    8.30%
 10935334 807916       15.5986    19       16.6243       15.2444 97349482    8.30%
 10969831 803738        cutoff             16.6243       15.2444 97617544    8.30%
Elapsed real time = 4286.09 sec. (tree size = 361.45 MB, solutions = 64)
Nodefile size = 241.71 MB (126.82 MB after compression)
 11004806 799342       15.2444    22       16.6243       15.2444 97886343    8.30%
 11039590 795027    infeasible             16.6243       15.2444 98154699    8.30%
 11074407 790955       15.2846    22       16.6243       15.2444 98421420    8.30%
 11108861 787111       15.5986    13       16.6243       15.2444 98693248    8.30%
 11142774 784000       15.2846    20       16.6243       15.2444 98965472    8.30%
 11179304 778744       15.4382     9       16.6243       15.2610 99213232    8.20%
 11216990 772149       15.2610    11       16.6243       15.2610 99452309    8.20%
 11252926 766979       15.2679    20       16.6243       15.2679 99710140    8.16%
 11286550 763921       15.6222    18       16.6243       15.2679 99985426    8.16%
 11322073 758432       15.2846    15       16.6243       15.2846 1.00e+08    8.06%
Elapsed real time = 4408.81 sec. (tree size = 341.80 MB, solutions = 64)
Nodefile size = 227.71 MB (119.64 MB after compression)
 11361063 749038       15.9931    19       16.6243       15.2846 1.01e+08    8.06%
 11400837 739217       15.3071    17       16.6243       15.3071 1.01e+08    7.92%
 11440101 730649       15.4427    20       16.6243       15.3162 1.01e+08    7.87%
 11477411 722952       15.3307    19       16.6243       15.3307 1.01e+08    7.78%
 11514083 716140       15.3666    22       16.6243       15.3397 1.02e+08    7.73%
 11550422 710788       15.3397    20       16.6243       15.3397 1.02e+08    7.73%
 11586521 705277    infeasible             16.6243       15.3397 1.02e+08    7.73%
 11622718 699678       15.3473    13       16.6243       15.3473 1.02e+08    7.68%
 11660832 691482       15.3542    21       16.6243       15.3542 1.03e+08    7.64%
 11699265 682472       16.5927     8       16.6243       15.3709 1.03e+08    7.54%
Elapsed real time = 4534.12 sec. (tree size = 308.63 MB, solutions = 64)
Nodefile size = 201.74 MB (106.30 MB after compression)
 11740545 669688       15.4025    14       16.6243       15.4025 1.03e+08    7.35%
 11778791 661409       15.4111    16       16.6243       15.4090 1.03e+08    7.31%
 11816465 653293       15.4260    26       16.6243       15.4260 1.04e+08    7.21%
 11852085 647576       15.4260    16       16.6243       15.4260 1.04e+08    7.21%
 11888334 641210       15.4260    18       16.6243       15.4260 1.04e+08    7.21%
 11924197 635380       15.4662    21       16.6243       15.4260 1.04e+08    7.21%
 11959518 630243       15.4260    20       16.6243       15.4260 1.05e+08    7.21%
 11994586 625299       15.4260    17       16.6243       15.4260 1.05e+08    7.21%
 12029502 620283       15.5290    11       16.6243       15.4336 1.05e+08    7.16%
 12070428 609748       15.4427    18       16.6243       15.4427 1.05e+08    7.11%
Elapsed real time = 4659.40 sec. (tree size = 276.48 MB, solutions = 64)
Nodefile size = 152.83 MB (80.88 MB after compression)
 12111314 597782       16.0021    16       16.6243       15.4662 1.06e+08    6.97%
 12153465 585420       15.6319    13       16.6243       15.4978 1.06e+08    6.78%
 12189911 578584       15.5123    18       16.6243       15.5123 1.06e+08    6.69%
 12227529 570521       15.5123    15       16.6243       15.5123 1.06e+08    6.69%
 12265053 562661       15.9529    15       16.6243       15.5123 1.07e+08    6.69%
 12302271 554957       15.9529    19       16.6243       15.5123 1.07e+08    6.69%
 12339301 547821       15.5123    16       16.6243       15.5123 1.07e+08    6.69%
 12375672 541156    infeasible             16.6243       15.5123 1.08e+08    6.69%
 12417700 528695       15.5324    19       16.6243       15.5324 1.08e+08    6.57%
 12454326 521524       15.5359    23       16.6243       15.5359 1.08e+08    6.55%
Elapsed real time = 4787.15 sec. (tree size = 237.71 MB, solutions = 64)
Nodefile size = 113.87 MB (60.61 MB after compression)
 12490689 514814       15.5359    24       16.6243       15.5359 1.08e+08    6.55%
 12526491 508203    infeasible             16.6243       15.5525 1.09e+08    6.45%
 12567947 494843       15.5525    18       16.6243       15.5525 1.09e+08    6.45%
 12612409 478304       15.5933    19       16.6243       15.5927 1.09e+08    6.21%
 12653661 465443       15.5986    12       16.6243       15.5986 1.09e+08    6.17%
 12694111 452582       15.6032    20       16.6243       15.6011 1.10e+08    6.15%
 12734930 440016       15.6153    16       16.6243       15.6153 1.10e+08    6.07%
 12773404 429394       15.6222    17       16.6243       15.6222 1.10e+08    6.03%
 12812478 417960       15.6388    14       16.6243       15.6388 1.10e+08    5.93%
 12864476 389604       15.7023    19       16.6243       15.6940 1.11e+08    5.60%
Elapsed real time = 4920.22 sec. (tree size = 179.93 MB, solutions = 64)
Nodefile size = 65.92 MB (35.30 MB after compression)
 12916800 359640       15.7803    16       16.6243       15.7803 1.11e+08    5.08%
 12965699 335675       15.8038    19       16.6243       15.8038 1.11e+08    4.94%
 13014443 310772       15.8666    14       16.6243       15.8666 1.11e+08    4.56%
 13063578 286599       15.8901    20       16.6243       15.8901 1.12e+08    4.42%
 13106541 269509       15.8901    20       16.6243       15.8901 1.12e+08    4.42%
 13160153 239324       15.9619    15       16.6243       15.9619 1.12e+08    3.98%
 13208182 216088       15.9931    16       16.6243       15.9931 1.12e+08    3.80%
 13261897 184516       16.0718    17       16.6243       16.0718 1.13e+08    3.32%
 13307836 158040       16.1581    21       16.6243       16.1581 1.13e+08    2.80%
 13346167 139694       16.1747    25       16.6243       16.1747 1.13e+08    2.70%
Elapsed real time = 5062.61 sec. (tree size = 71.52 MB, solutions = 64)
Nodefile size = 20.96 MB (11.38 MB after compression)
 13377421 133245       16.2208    17       16.6243       16.2208 1.13e+08    2.43%
 13404623 132538       16.2375    17       16.6243       16.2375 1.13e+08    2.33%
 13435861 125334       16.2444    16       16.6243       16.2444 1.13e+08    2.29%
 13466327 120365       16.2444    19       16.6243       16.2444 1.14e+08    2.29%
 13495336 117564        cutoff             16.6243       16.2610 1.14e+08    2.19%
 13523791 115717       16.6222    16       16.6243       16.2645 1.14e+08    2.16%
 13555577 109336       16.2846    20       16.6243       16.2846 1.14e+08    2.04%
 13583696 107540       16.3071    22       16.6243       16.3071 1.14e+08    1.91%
 13611201 106467       16.3162    19       16.6243       16.3162 1.15e+08    1.85%
 13638544 105437       16.3162    22       16.6243       16.3162 1.15e+08    1.85%
Elapsed real time = 5180.30 sec. (tree size = 56.66 MB, solutions = 64)
Nodefile size = 10.97 MB (5.99 MB after compression)
 13666224 103354       16.6104    19       16.6243       16.3307 1.15e+08    1.77%
 13695969 98860       16.3397    17       16.6243       16.3397 1.15e+08    1.71%
 13722872 97569       16.3397    16       16.6243       16.3397 1.16e+08    1.71%
 13748784 97768        cutoff             16.6243       16.3397 1.16e+08    1.71%
 13775183 97594       16.3397    19       16.6243       16.3397 1.16e+08    1.71%
 13801273 97774       16.3397    17       16.6243       16.3397 1.16e+08    1.71%
 13829553 95413       16.3473    10       16.6243       16.3473 1.16e+08    1.67%
 13857279 93732       16.3564    20       16.6243       16.3564 1.17e+08    1.61%
 13885825 90182       16.3709    16       16.6243       16.3709 1.17e+08    1.52%
 13913911 87867       16.4025    20       16.6243       16.4025 1.17e+08    1.33%
Elapsed real time = 5290.95 sec. (tree size = 49.04 MB, solutions = 64)
Nodefile size =  6.97 MB (3.83 MB after compression)
 13941441 86982       16.4025    15       16.6243       16.4025 1.17e+08    1.33%
 13968788 86072       16.4427    21       16.6243       16.4025 1.17e+08    1.33%
 13996178 84891       16.4260    19       16.6243       16.4260 1.18e+08    1.19%
 14023517 83662       16.4260    16       16.6243       16.4260 1.18e+08    1.19%
 14050175 83437       16.4260    23       16.6243       16.4260 1.18e+08    1.19%
 14077136 82829       16.4260    14       16.6243       16.4260 1.18e+08    1.19%
 14104533 82690       16.4260    16       16.6243       16.4260 1.18e+08    1.19%
 14131032 82960       16.4260    18       16.6243       16.4260 1.19e+08    1.19%
 14157349 83393        cutoff             16.6243       16.4260 1.19e+08    1.19%
 14183859 83648       16.4260    17       16.6243       16.4260 1.19e+08    1.19%
Elapsed real time = 5395.72 sec. (tree size = 47.23 MB, solutions = 64)
Nodefile size =  5.98 MB (3.28 MB after compression)
 14210557 83493       16.4260    16       16.6243       16.4260 1.19e+08    1.19%
 14237425 83045       16.4260    18       16.6243       16.4260 1.20e+08    1.19%
 14264177 83195       16.4260    16       16.6243       16.4260 1.20e+08    1.19%
 14290608 83121       16.4260    15       16.6243       16.4260 1.20e+08    1.19%
 14316929 83049       16.4260    20       16.6243       16.4260 1.20e+08    1.19%
 14343583 83064       16.4260    19       16.6243       16.4260 1.20e+08    1.19%
 14369787 83122       16.4260    13       16.6243       16.4260 1.21e+08    1.19%
 14396547 83128       16.4260    15       16.6243       16.4260 1.21e+08    1.19%
 14423397 82821       16.4260    20       16.6243       16.4260 1.21e+08    1.19%
 14450016 82723       16.4260    26       16.6243       16.4260 1.21e+08    1.19%
Elapsed real time = 5502.38 sec. (tree size = 46.86 MB, solutions = 64)
Nodefile size =  5.98 MB (3.28 MB after compression)
 14476706 82608       16.4260    25       16.6243       16.4260 1.21e+08    1.19%
 14503277 82428       16.4260    11       16.6243       16.4260 1.22e+08    1.19%
 14529646 82492       16.4461    16       16.6243       16.4260 1.22e+08    1.19%
 14556577 82148       16.4260    18       16.6243       16.4260 1.22e+08    1.19%
 14583359 81788       16.4260    15       16.6243       16.4260 1.22e+08    1.19%
 14609840 81768       16.4260    15       16.6243       16.4260 1.23e+08    1.19%
 14636553 81585       16.4461    23       16.6243       16.4260 1.23e+08    1.19%
 14662541 81621        cutoff             16.6243       16.4260 1.23e+08    1.19%
 14689010 81749       16.4260    17       16.6243       16.4260 1.23e+08    1.19%
 14715775 81347       16.4260    20       16.6243       16.4260 1.23e+08    1.19%
Elapsed real time = 5608.35 sec. (tree size = 46.28 MB, solutions = 64)
Nodefile size =  5.98 MB (3.28 MB after compression)
 14742784 81015       16.4260    16       16.6243       16.4260 1.24e+08    1.19%
 14769482 80673       16.4260    20       16.6243       16.4260 1.24e+08    1.19%
 14797868 78305       16.4427    18       16.6243       16.4427 1.24e+08    1.09%
 14826116 75753       16.4572    16       16.6243       16.4572 1.24e+08    1.01%
 14853491 74131        cutoff             16.6243       16.4662 1.24e+08    0.95%
 14880583 73550       16.4662    17       16.6243       16.4662 1.25e+08    0.95%
 14908278 71756       16.4829    17       16.6243       16.4805 1.25e+08    0.87%
 14936538 70127       16.4888    13       16.6243       16.4888 1.25e+08    0.82%
 14964102 69331       16.4888    21       16.6243       16.4888 1.25e+08    0.82%
 14991904 67337        cutoff             16.6243       16.5089 1.25e+08    0.69%
Elapsed real time = 5717.45 sec. (tree size = 40.18 MB, solutions = 64)
Nodefile size =  2.99 MB (1.64 MB after compression)
 15019650 66266       16.5123    17       16.6243       16.5123 1.26e+08    0.67%
 15047330 65610       16.5123    14       16.6243       16.5123 1.26e+08    0.67%
 15074601 65090        cutoff             16.6243       16.5123 1.26e+08    0.67%
 15102300 63999       16.5123    15       16.6243       16.5123 1.26e+08    0.67%
 15129821 63156       16.5123    14       16.6243       16.5123 1.26e+08    0.67%
 15156965 62770       16.5123    10       16.6243       16.5123 1.27e+08    0.67%
 15184155 62419       16.5123    20       16.6243       16.5123 1.27e+08    0.67%
 15211627 61563        cutoff             16.6243       16.5123 1.27e+08    0.67%
 15238313 61363       16.5123    15       16.6243       16.5123 1.27e+08    0.67%
 15265529 60668        cutoff             16.6243       16.5123 1.27e+08    0.67%
Elapsed real time = 5825.11 sec. (tree size = 37.31 MB, solutions = 64)
Nodefile size =  2.99 MB (1.64 MB after compression)
 15292525 60471       16.5123    15       16.6243       16.5123 1.28e+08    0.67%
 15319551 60321       16.5123    17       16.6243       16.5123 1.28e+08    0.67%
 15346705 59739       16.5123    14       16.6243       16.5123 1.28e+08    0.67%
 15373797 59346       16.5123    14       16.6243       16.5123 1.28e+08    0.67%
 15400810 59232       16.5123    12       16.6243       16.5123 1.28e+08    0.67%
 15428303 58608       16.5123    18       16.6243       16.5123 1.29e+08    0.67%
 15455370 58255       16.5123    12       16.6243       16.5123 1.29e+08    0.67%
 15482349 57901        cutoff             16.6243       16.5123 1.29e+08    0.67%
 15509562 57574       16.5123    11       16.6243       16.5123 1.29e+08    0.67%
 15536977 56868       16.5123    20       16.6243       16.5123 1.30e+08    0.67%
Elapsed real time = 5931.69 sec. (tree size = 35.68 MB, solutions = 64)
Nodefile size =  2.99 MB (1.64 MB after compression)
 15564320 56554       16.5123    16       16.6243       16.5123 1.30e+08    0.67%
 15591519 55963       16.5145    15       16.6243       16.5145 1.30e+08    0.66%
 15619450 53603       16.5290    14       16.6243       16.5290 1.30e+08    0.57%
 15647185 51924       16.5290    16       16.6243       16.5290 1.30e+08    0.57%
 15674501 50916       16.5290    14       16.6243       16.5290 1.31e+08    0.57%
 15702352 49204        cutoff             16.6243       16.5359 1.31e+08    0.53%
 15728883 48581       16.5359    18       16.6243       16.5359 1.31e+08    0.53%
 15755624 48845       16.5359    17       16.6243       16.5359 1.31e+08    0.53%
 15781850 49142        cutoff             16.6243       16.5359 1.31e+08    0.53%
 15808218 49416       16.5359    15       16.6243       16.5359 1.32e+08    0.53%
Elapsed real time = 6040.33 sec. (tree size = 32.43 MB, solutions = 64)
Nodefile size =  1.00 MB (0.56 MB after compression)
 15834550 49296       16.5359    14       16.6243       16.5359 1.32e+08    0.53%
 15861170 49156       16.5359    21       16.6243       16.5359 1.32e+08    0.53%
 15887554 49363        cutoff             16.6243       16.5359 1.32e+08    0.53%
 15914072 49210       16.5359    15       16.6243       16.5359 1.32e+08    0.53%
 15940377 48926       16.5359    15       16.6243       16.5359 1.33e+08    0.53%
 15966948 48776       16.5359    17       16.6243       16.5359 1.33e+08    0.53%
 15994054 47924       16.5359    14       16.6243       16.5359 1.33e+08    0.53%
 16021300 47406       16.5359    22       16.6243       16.5359 1.33e+08    0.53%
 16048050 47074       16.5359    21       16.6243       16.5359 1.33e+08    0.53%
 16076745 43834       16.5525    20       16.6243       16.5525 1.34e+08    0.43%
Elapsed real time = 6146.62 sec. (tree size = 30.02 MB, solutions = 64)
Nodefile size =  1.00 MB (0.56 MB after compression)
 16104136 42264       16.5525    15       16.6243       16.5525 1.34e+08    0.43%
 16131202 41314        cutoff             16.6243       16.5525 1.34e+08    0.43%
 16158383 39985        cutoff             16.6243       16.5525 1.34e+08    0.43%
 16185260 39137       16.5525    12       16.6243       16.5525 1.35e+08    0.43%
 16212817 37650       16.5525    17       16.6243       16.5525 1.35e+08    0.43%
 16240498 35269       16.5692    14       16.6243       16.5692 1.35e+08    0.33%
 16268075 33691       16.5751    17       16.6243       16.5751 1.35e+08    0.30%
 16295133 32372       16.5841    12       16.6243       16.5841 1.35e+08    0.24%
 16322641 31113       16.5841    13       16.6243       16.5841 1.36e+08    0.24%
 16350004 29192       16.5986    14       16.6243       16.5986 1.36e+08    0.15%
Elapsed real time = 6251.46 sec. (tree size = 23.69 MB, solutions = 64)
Nodefile size =  1.00 MB (0.56 MB after compression)
 16376751 28556       16.5986    14       16.6243       16.5986 1.36e+08    0.15%
 16403772 28031       16.5986    17       16.6243       16.5986 1.36e+08    0.15%
 16431050 27250       16.5986    16       16.6243       16.5986 1.36e+08    0.15%
 16458142 26618       16.5986    15       16.6243       16.5986 1.37e+08    0.15%
 16485287 25925       16.5986    15       16.6243       16.5986 1.37e+08    0.15%
 16512500 25131       16.5986    17       16.6243       16.5986 1.37e+08    0.15%
 16539479 24701       16.5986    18       16.6243       16.5986 1.37e+08    0.15%
 16566810 23734       16.5986    14       16.6243       16.5986 1.37e+08    0.15%
 16593663 23415       16.5986    19       16.6243       16.5986 1.38e+08    0.15%
 16620941 22809        cutoff             16.6243       16.5986 1.38e+08    0.15%
Elapsed real time = 6357.18 sec. (tree size = 20.93 MB, solutions = 64)
Nodefile size =  1.00 MB (0.56 MB after compression)
 16648135 22109       16.5986    16       16.6243       16.5986 1.38e+08    0.15%
 16675099 21738       16.5986    20       16.6243       16.5986 1.38e+08    0.15%
 16702299 21269       16.5986    17       16.6243       16.5986 1.38e+08    0.15%
 16729135 20763        cutoff             16.6243       16.5986 1.39e+08    0.15%
 16756016 20517       16.5986    10       16.6243       16.5986 1.39e+08    0.15%
 16783416 19860       16.5986    12       16.6243       16.5986 1.39e+08    0.15%
 16810429 19499        cutoff             16.6243       16.5986 1.39e+08    0.15%
 16837687 17821       16.6077    18       16.6243       16.6077 1.39e+08    0.10%
 16864986 16722       16.6077    11       16.6243       16.6077 1.40e+08    0.10%
 16892035 16055       16.6077    16       16.6243       16.6077 1.40e+08    0.10%
Elapsed real time = 6461.19 sec. (tree size = 18.03 MB, solutions = 64)
Nodefile size =  1.00 MB (0.56 MB after compression)
 16918976 15660       16.6077    16       16.6243       16.6077 1.40e+08    0.10%
 16945867 15194        cutoff             16.6243       16.6077 1.40e+08    0.10%
 16973183 12569       16.6077    15       16.6243       16.6077 1.40e+08    0.10%
 17000229 11264       16.6153    11       16.6243       16.6153 1.41e+08    0.05%
 17027777  9404       16.6153    13       16.6243       16.6153 1.41e+08    0.05%
 17055866  7162       16.6153    15       16.6243       16.6153 1.41e+08    0.05%
 17083622  5230       16.6222    16       16.6243       16.6222 1.41e+08    0.01%
 17110396  5020       16.6222    16       16.6243       16.6222 1.41e+08    0.01%
 17137368  4712       16.6222    15       16.6243       16.6222 1.42e+08    0.01%
 17164227  4244        cutoff             16.6243       16.6222 1.42e+08    0.01%
Elapsed real time = 6568.16 sec. (tree size = 12.88 MB, solutions = 64)
 17190833  4074        cutoff             16.6243       16.6222 1.42e+08    0.01%
 17217966  3343       16.6222    14       16.6243       16.6222 1.42e+08    0.01%
 17245208  2441       16.6222    15       16.6243       16.6222 1.42e+08    0.01%
 17272261  1962        cutoff             16.6243       16.6222 1.43e+08    0.01%
 17299024  1604       16.6222    14       16.6243       16.6222 1.43e+08    0.01%
 17326120  1430        cutoff             16.6243       16.6222 1.43e+08    0.01%
 17353272   752       16.6222    14       16.6243       16.6222 1.43e+08    0.01%
 17379738   224       16.6222    23       16.6243       16.6222 1.44e+08    0.01%

Cover cuts applied:  15
Implied bound cuts applied:  491
Flow cuts applied:  198
Mixed integer rounding cuts applied:  420
Gomory fractional cuts applied:  20

Root node processing (before b&c):
  Real time             =    0.43
Parallel b&c, 4 threads:
  Real time             = 6652.45
  Sync time (average)   =   63.34
  Wait time (average)   =    9.17
                          -------
Total (root+branch&cut) = 6652.88 sec.
STATUS : Optimal
Solution status = Optimal
 Number of constraints = 601
Solution value  = 16.6243
c(0)=1.35425 c(1)=10.3397 c(2)=8.93035 c(3)=15.2701 c(4)=2.80385 c(5)=3.71755 c(6)=5.9855 c(7)=13.0884 c(8)=13.9619 c(9)=11.694 c(10)=0 c(11)=7.33975 c(12)=0.394449 c(13)=16.6243 c(14)=9.33975 c(15)=16.0884 c(16)=7.93035 c(17)=2.26795 c(18)=4.5359 c(19)=4.93035 c(20)=14.3564 c(21)=12.0884 c(22)=10.694 c(23)=6.80385 
