 numAddVar 300

Graph (V,E) with |V|= 25 and diameter = 8

Coordinates: 
vertex 1 : 0 0
vertex 2 : 1 0
vertex 3 : 2 0
vertex 4 : 3 0
vertex 5 : 4 0
vertex 6 : 0 1
vertex 7 : 1 1
vertex 8 : 2 1
vertex 9 : 3 1
vertex 10 : 4 1
vertex 11 : 0 2
vertex 12 : 1 2
vertex 13 : 2 2
vertex 14 : 3 2
vertex 15 : 4 2
vertex 16 : 0 3
vertex 17 : 1 3
vertex 18 : 2 3
vertex 19 : 3 3
vertex 20 : 4 3
vertex 21 : 0 4
vertex 22 : 1 4
vertex 23 : 2 4
vertex 24 : 3 4
vertex 25 : 4 4

Distances: 
  0   1   2   3   4   1 1.41421 2.23607 3.16228 4.12311   2 2.23607 2.82843 3.60555 4.47214   3 3.16228 3.60555 4.24264   5   4 4.12311 4.47214   5 5.65685 
  1   0   1   2   3 1.41421   1 1.41421 2.23607 3.16228 2.23607   2 2.23607 2.82843 3.60555 3.16228   3 3.16228 3.60555 4.24264 4.12311   4 4.12311 4.47214   5 
  2   1   0   1   2 2.23607 1.41421   1 1.41421 2.23607 2.82843 2.23607   2 2.23607 2.82843 3.60555 3.16228   3 3.16228 3.60555 4.47214 4.12311   4 4.12311 4.47214 
  3   2   1   0   1 3.16228 2.23607 1.41421   1 1.41421 3.60555 2.82843 2.23607   2 2.23607 4.24264 3.60555 3.16228   3 3.16228   5 4.47214 4.12311   4 4.12311 
  4   3   2   1   0 4.12311 3.16228 2.23607 1.41421   1 4.47214 3.60555 2.82843 2.23607   2   5 4.24264 3.60555 3.16228   3 5.65685   5 4.47214 4.12311   4 
  1 1.41421 2.23607 3.16228 4.12311   0   1   2   3   4   1 1.41421 2.23607 3.16228 4.12311   2 2.23607 2.82843 3.60555 4.47214   3 3.16228 3.60555 4.24264   5 
1.41421   1 1.41421 2.23607 3.16228   1   0   1   2   3 1.41421   1 1.41421 2.23607 3.16228 2.23607   2 2.23607 2.82843 3.60555 3.16228   3 3.16228 3.60555 4.24264 
2.23607 1.41421   1 1.41421 2.23607   2   1   0   1   2 2.23607 1.41421   1 1.41421 2.23607 2.82843 2.23607   2 2.23607 2.82843 3.60555 3.16228   3 3.16228 3.60555 
3.16228 2.23607 1.41421   1 1.41421   3   2   1   0   1 3.16228 2.23607 1.41421   1 1.41421 3.60555 2.82843 2.23607   2 2.23607 4.24264 3.60555 3.16228   3 3.16228 
4.12311 3.16228 2.23607 1.41421   1   4   3   2   1   0 4.12311 3.16228 2.23607 1.41421   1 4.47214 3.60555 2.82843 2.23607   2   5 4.24264 3.60555 3.16228   3 
  2 2.23607 2.82843 3.60555 4.47214   1 1.41421 2.23607 3.16228 4.12311   0   1   2   3   4   1 1.41421 2.23607 3.16228 4.12311   2 2.23607 2.82843 3.60555 4.47214 
2.23607   2 2.23607 2.82843 3.60555 1.41421   1 1.41421 2.23607 3.16228   1   0   1   2   3 1.41421   1 1.41421 2.23607 3.16228 2.23607   2 2.23607 2.82843 3.60555 
2.82843 2.23607   2 2.23607 2.82843 2.23607 1.41421   1 1.41421 2.23607   2   1   0   1   2 2.23607 1.41421   1 1.41421 2.23607 2.82843 2.23607   2 2.23607 2.82843 
3.60555 2.82843 2.23607   2 2.23607 3.16228 2.23607 1.41421   1 1.41421   3   2   1   0   1 3.16228 2.23607 1.41421   1 1.41421 3.60555 2.82843 2.23607   2 2.23607 
4.47214 3.60555 2.82843 2.23607   2 4.12311 3.16228 2.23607 1.41421   1   4   3   2   1   0 4.12311 3.16228 2.23607 1.41421   1 4.47214 3.60555 2.82843 2.23607   2 
  3 3.16228 3.60555 4.24264   5   2 2.23607 2.82843 3.60555 4.47214   1 1.41421 2.23607 3.16228 4.12311   0   1   2   3   4   1 1.41421 2.23607 3.16228 4.12311 
3.16228   3 3.16228 3.60555 4.24264 2.23607   2 2.23607 2.82843 3.60555 1.41421   1 1.41421 2.23607 3.16228   1   0   1   2   3 1.41421   1 1.41421 2.23607 3.16228 
3.60555 3.16228   3 3.16228 3.60555 2.82843 2.23607   2 2.23607 2.82843 2.23607 1.41421   1 1.41421 2.23607   2   1   0   1   2 2.23607 1.41421   1 1.41421 2.23607 
4.24264 3.60555 3.16228   3 3.16228 3.60555 2.82843 2.23607   2 2.23607 3.16228 2.23607 1.41421   1 1.41421   3   2   1   0   1 3.16228 2.23607 1.41421   1 1.41421 
  5 4.24264 3.60555 3.16228   3 4.47214 3.60555 2.82843 2.23607   2 4.12311 3.16228 2.23607 1.41421   1   4   3   2   1   0 4.12311 3.16228 2.23607 1.41421   1 
  4 4.12311 4.47214   5 5.65685   3 3.16228 3.60555 4.24264   5   2 2.23607 2.82843 3.60555 4.47214   1 1.41421 2.23607 3.16228 4.12311   0   1   2   3   4 
4.12311   4 4.12311 4.47214   5 3.16228   3 3.16228 3.60555 4.24264 2.23607   2 2.23607 2.82843 3.60555 1.41421   1 1.41421 2.23607 3.16228   1   0   1   2   3 
4.47214 4.12311   4 4.12311 4.47214 3.60555 3.16228   3 3.16228 3.60555 2.82843 2.23607   2 2.23607 2.82843 2.23607 1.41421   1 1.41421 2.23607   2   1   0   1   2 
  5 4.47214 4.12311   4 4.12311 4.24264 3.60555 3.16228   3 3.16228 3.60555 2.82843 2.23607   2 2.23607 3.16228 2.23607 1.41421   1 1.41421   3   2   1   0   1 
5.65685   5 4.47214 4.12311   4   5 4.24264 3.60555 3.16228   3 4.47214 3.60555 2.82843 2.23607   2 4.12311 3.16228 2.23607 1.41421   1   4   3   2   1   0 
d: 
  0   2   1   0   0   2 1.58579 0.763932   0   0   1 0.763932 0.171573   0   0   0   0   0   0   0   0   0   0   0   0 
  2   0   2   1   0 1.58579   2 1.58579 0.763932   0 0.763932   1 0.763932 0.171573   0   0   0   0   0   0   0   0   0   0   0 
  1   2   0   2   1 0.763932 1.58579   2 1.58579 0.763932 0.171573 0.763932   1 0.763932 0.171573   0   0   0   0   0   0   0   0   0   0 
  0   1   2   0   2   0 0.763932 1.58579   2 1.58579   0 0.171573 0.763932   1 0.763932   0   0   0   0   0   0   0   0   0   0 
  0   0   1   2   0   0   0 0.763932 1.58579   2   0   0 0.171573 0.763932   1   0   0   0   0   0   0   0   0   0   0 
  2 1.58579 0.763932   0   0   0   2   1   0   0   2 1.58579 0.763932   0   0   1 0.763932 0.171573   0   0   0   0   0   0   0 
1.58579   2 1.58579 0.763932   0   2   0   2   1   0 1.58579   2 1.58579 0.763932   0 0.763932   1 0.763932 0.171573   0   0   0   0   0   0 
0.763932 1.58579   2 1.58579 0.763932   1   2   0   2   1 0.763932 1.58579   2 1.58579 0.763932 0.171573 0.763932   1 0.763932 0.171573   0   0   0   0   0 
  0 0.763932 1.58579   2 1.58579   0   1   2   0   2   0 0.763932 1.58579   2 1.58579   0 0.171573 0.763932   1 0.763932   0   0   0   0   0 
  0   0 0.763932 1.58579   2   0   0   1   2   0   0   0 0.763932 1.58579   2   0   0 0.171573 0.763932   1   0   0   0   0   0 
  1 0.763932 0.171573   0   0   2 1.58579 0.763932   0   0   0   2   1   0   0   2 1.58579 0.763932   0   0   1 0.763932 0.171573   0   0 
0.763932   1 0.763932 0.171573   0 1.58579   2 1.58579 0.763932   0   2   0   2   1   0 1.58579   2 1.58579 0.763932   0 0.763932   1 0.763932 0.171573   0 
0.171573 0.763932   1 0.763932 0.171573 0.763932 1.58579   2 1.58579 0.763932   1   2   0   2   1 0.763932 1.58579   2 1.58579 0.763932 0.171573 0.763932   1 0.763932 0.171573 
  0 0.171573 0.763932   1 0.763932   0 0.763932 1.58579   2 1.58579   0   1   2   0   2   0 0.763932 1.58579   2 1.58579   0 0.171573 0.763932   1 0.763932 
  0   0 0.171573 0.763932   1   0   0 0.763932 1.58579   2   0   0   1   2   0   0   0 0.763932 1.58579   2   0   0 0.171573 0.763932   1 
  0   0   0   0   0   1 0.763932 0.171573   0   0   2 1.58579 0.763932   0   0   0   2   1   0   0   2 1.58579 0.763932   0   0 
  0   0   0   0   0 0.763932   1 0.763932 0.171573   0 1.58579   2 1.58579 0.763932   0   2   0   2   1   0 1.58579   2 1.58579 0.763932   0 
  0   0   0   0   0 0.171573 0.763932   1 0.763932 0.171573 0.763932 1.58579   2 1.58579 0.763932   1   2   0   2   1 0.763932 1.58579   2 1.58579 0.763932 
  0   0   0   0   0   0 0.171573 0.763932   1 0.763932   0 0.763932 1.58579   2 1.58579   0   1   2   0   2   0 0.763932 1.58579   2 1.58579 
  0   0   0   0   0   0   0 0.171573 0.763932   1   0   0 0.763932 1.58579   2   0   0   1   2   0   0   0 0.763932 1.58579   2 
  0   0   0   0   0   0   0   0   0   0   1 0.763932 0.171573   0   0   2 1.58579 0.763932   0   0   0   2   1   0   0 
  0   0   0   0   0   0   0   0   0   0 0.763932   1 0.763932 0.171573   0 1.58579   2 1.58579 0.763932   0   2   0   2   1   0 
  0   0   0   0   0   0   0   0   0   0 0.171573 0.763932   1 0.763932 0.171573 0.763932 1.58579   2 1.58579 0.763932   1   2   0   2   1 
  0   0   0   0   0   0   0   0   0   0   0 0.171573 0.763932   1 0.763932   0 0.763932 1.58579   2 1.58579   0   1   2   0   2 
  0   0   0   0   0   0   0   0   0   0   0   0 0.171573 0.763932   1   0   0 0.763932 1.58579   2   0   0   1   2   0 

max distance : 2
Number of variables 326
Tried aggregator 1 time.
MIP Presolve eliminated 25 rows and 1 columns.
Reduced MIP has 645 rows, 326 columns, and 1950 nonzeros.
Reduced MIP has 300 binaries, 0 generals, 0 SOSs, and 0 indicators.
Probing time =    0.00 sec.
Tried aggregator 1 time.
Presolve time =    0.00 sec.
Probing time =    0.00 sec.
MIP emphasis: balance optimality and feasibility.
MIP search method: dynamic search.
Parallel mode: deterministic, using up to 4 threads.
Root relaxation solution time =    0.00 sec.

        Nodes                                         Cuts/
   Node  Left     Objective  IInf  Best Integer    Best Bound    ItCnt     Gap

*     0+    0                           40.0000                    199     --- 
      0     0        3.2436   168       40.0000        3.2436      199   91.89%
      0     0        3.2966   178       40.0000     Cuts: 261      479   91.76%
      0     0        3.7153   131       40.0000      Cuts: 70      634   90.71%
      0     0        3.7153   132       40.0000      Cuts: 38      663   90.71%
      0     0        3.7157   133       40.0000      Cuts: 17      698   90.71%
      0     0        3.7157   139       40.0000      Cuts: 12      712   90.71%
*     0+    0                           21.2142        3.7157      712   82.48%
      0     2        3.7157   139       21.2142        3.7157      712   82.48%
Elapsed real time =   0.10 sec. (tree size =  0.01 MB, solutions = 2)
*    48+   48                           16.9847        3.9433     2831   76.78%
*    61+   61                           16.6415        3.9433     3276   76.30%
*   113+  113                           16.2142        3.9433     5360   75.68%
*   140+  140                           14.8065        3.9433     6513   73.37%
*   140+  140                           14.1628        3.9433     6513   72.16%
*   243+  241                           14.1562        3.9433     8578   72.14%
*   243+  241                           14.0426        3.9433     8578   71.92%
*   287   277      integral     0       12.6929        3.9433     9110   68.93%
*   427+  395                           12.0360        3.9433    11809   67.24%
*   491   444      integral     0       11.5125        3.9433    13622   65.75%
*   639   566      integral     0       11.4634        3.9433    17606   65.60%
*   644+  567                           11.1137        3.9433    17693   64.52%
*   746   638      integral     0       11.1005        3.9506    20135   64.41%
*  1079+  875                           10.9355        4.0340    28324   63.11%
*  1079+  875                           10.8776        4.0340    28324   62.91%
*  1079+  875                           10.8710        4.0340    28324   62.89%
*  1079+  875                           10.7574        4.0340    28324   62.50%
*  1079+  874                           10.5858        4.0340    28324   61.89%
   1079   876        5.8506    38       10.5858        4.0340    28324   61.89%
*  1440+ 1133                           10.5213        4.1362    37891   60.69%
*  1448  1137      integral     0       10.4568        4.1362    38069   60.44%
*  2117+ 1623                           10.3431        4.2258    56627   59.14%
   2347  1785        4.5373   121       10.3431        4.5373    66519   56.13%
*  2348+ 1189                           10.2852        4.5373    66617   55.88%
   2366  1198        4.8598    78       10.2852        4.5912    68671   55.36%
*  2426+  849                           10.2787        4.5912    71271   55.33%
*  2484   591      integral     0       10.2273        4.5912    72994   55.11%
*  2588+  455                           10.2207        4.5912    76696   55.08%
*  2636   387      integral     0       10.1562        4.7432    77874   53.30%
Elapsed real time =   1.50 sec. (tree size =  0.14 MB, solutions = 27)
*  2638   329      integral     0        9.9847        4.7432    77888   52.50%
*  2659   286      integral     0        9.8710        4.7432    78292   51.95%
*  3056   481      integral     0        9.8644        4.8744    90365   50.59%
*  3064   487      integral     0        9.7486        4.8744    90539   50.00%
*  3068   488      integral     0        9.6349        4.8744    90624   49.41%
*  3374   664      integral     0        9.5213        4.9873   100757   47.62%
*  3605   753      integral     0        9.4634        5.0179   107598   46.98%
*  3748   823      integral     0        9.3989        5.0615   111618   46.15%
*  4014   969      integral     0        9.1071        5.1132   122037   43.86%
   5639  1712        5.6700    44        9.1071        5.3180   174982   41.61%
Elapsed real time =   2.90 sec. (tree size =  0.58 MB, solutions = 38)
*  7219  2368      integral     0        9.1071        5.4678   225458   39.96%
*  7483  2478      integral     0        8.6929        5.5090   233739   36.63%
*  9786  3123      integral     0        8.6349        5.6287   300253   34.82%
  14696  3933        6.8521    30        8.6349        5.9645   425547   30.93%
  19749  4403        7.5858    17        8.6349        6.2852   539374   27.21%
* 21490+ 4527                            8.6349        6.3497   584580   26.46%
  24455  4615        6.4956    31        8.6349        6.4404   650651   25.41%
  29819  4174        6.7639    39        8.6349        6.7628   758843   21.68%
  36153  3085        7.1716    32        8.6349        7.1701   874591   16.96%
  43828   621        8.0391    29        8.6349        7.8497   985713    9.09%

Cover cuts applied:  7
Implied bound cuts applied:  186
Flow cuts applied:  66
Mixed integer rounding cuts applied:  134
Gomory fractional cuts applied:  122

Root node processing (before b&c):
  Real time             =    0.10
Parallel b&c, 4 threads:
  Real time             =    8.56
  Sync time (average)   =    0.01
  Wait time (average)   =    0.00
                          -------
Total (root+branch&cut) =    8.65 sec.
STATUS : Optimal
Solution status = Optimal
 Number of constraints = 670
Solution value  = 8.63494
c(0)=1.58579 c(1)=7.10708 c(2)=4.75736 c(3)=2.34972 c(4)=0 c(5)=5.52129 c(6)=3.17157 c(7)=0.763932 c(8)=7.87101 c(9)=5.52129 c(10)=0 c(11)=8.63494 c(12)=6.28522 c(13)=3.9355 c(14)=1.58579 c(15)=7.04916 c(16)=4.69944 c(17)=2.34972 c(18)=0 c(19)=8.63494 c(20)=3.11365 c(21)=0.763932 c(22)=7.87101 c(23)=5.52129 c(24)=3.11365 
