 numAddVar 300

Graph (V,E) with |V|= 25 and diameter = 8

Coordinates: 
vertex 1 : 0 0
vertex 2 : 1 0
vertex 3 : 2 0
vertex 4 : 3 0
vertex 5 : 4 0
vertex 6 : 0 1
vertex 7 : 1 1
vertex 8 : 2 1
vertex 9 : 3 1
vertex 10 : 4 1
vertex 11 : 0 2
vertex 12 : 1 2
vertex 13 : 2 2
vertex 14 : 3 2
vertex 15 : 4 2
vertex 16 : 0 3
vertex 17 : 1 3
vertex 18 : 2 3
vertex 19 : 3 3
vertex 20 : 4 3
vertex 21 : 0 4
vertex 22 : 1 4
vertex 23 : 2 4
vertex 24 : 3 4
vertex 25 : 4 4

Distances: 
  0   1   2   3   4   1 1.41421 2.23607 3.16228 4.12311   2 2.23607 2.82843 3.60555 4.47214   3 3.16228 3.60555 4.24264   5   4 4.12311 4.47214   5 5.65685 
  1   0   1   2   3 1.41421   1 1.41421 2.23607 3.16228 2.23607   2 2.23607 2.82843 3.60555 3.16228   3 3.16228 3.60555 4.24264 4.12311   4 4.12311 4.47214   5 
  2   1   0   1   2 2.23607 1.41421   1 1.41421 2.23607 2.82843 2.23607   2 2.23607 2.82843 3.60555 3.16228   3 3.16228 3.60555 4.47214 4.12311   4 4.12311 4.47214 
  3   2   1   0   1 3.16228 2.23607 1.41421   1 1.41421 3.60555 2.82843 2.23607   2 2.23607 4.24264 3.60555 3.16228   3 3.16228   5 4.47214 4.12311   4 4.12311 
  4   3   2   1   0 4.12311 3.16228 2.23607 1.41421   1 4.47214 3.60555 2.82843 2.23607   2   5 4.24264 3.60555 3.16228   3 5.65685   5 4.47214 4.12311   4 
  1 1.41421 2.23607 3.16228 4.12311   0   1   2   3   4   1 1.41421 2.23607 3.16228 4.12311   2 2.23607 2.82843 3.60555 4.47214   3 3.16228 3.60555 4.24264   5 
1.41421   1 1.41421 2.23607 3.16228   1   0   1   2   3 1.41421   1 1.41421 2.23607 3.16228 2.23607   2 2.23607 2.82843 3.60555 3.16228   3 3.16228 3.60555 4.24264 
2.23607 1.41421   1 1.41421 2.23607   2   1   0   1   2 2.23607 1.41421   1 1.41421 2.23607 2.82843 2.23607   2 2.23607 2.82843 3.60555 3.16228   3 3.16228 3.60555 
3.16228 2.23607 1.41421   1 1.41421   3   2   1   0   1 3.16228 2.23607 1.41421   1 1.41421 3.60555 2.82843 2.23607   2 2.23607 4.24264 3.60555 3.16228   3 3.16228 
4.12311 3.16228 2.23607 1.41421   1   4   3   2   1   0 4.12311 3.16228 2.23607 1.41421   1 4.47214 3.60555 2.82843 2.23607   2   5 4.24264 3.60555 3.16228   3 
  2 2.23607 2.82843 3.60555 4.47214   1 1.41421 2.23607 3.16228 4.12311   0   1   2   3   4   1 1.41421 2.23607 3.16228 4.12311   2 2.23607 2.82843 3.60555 4.47214 
2.23607   2 2.23607 2.82843 3.60555 1.41421   1 1.41421 2.23607 3.16228   1   0   1   2   3 1.41421   1 1.41421 2.23607 3.16228 2.23607   2 2.23607 2.82843 3.60555 
2.82843 2.23607   2 2.23607 2.82843 2.23607 1.41421   1 1.41421 2.23607   2   1   0   1   2 2.23607 1.41421   1 1.41421 2.23607 2.82843 2.23607   2 2.23607 2.82843 
3.60555 2.82843 2.23607   2 2.23607 3.16228 2.23607 1.41421   1 1.41421   3   2   1   0   1 3.16228 2.23607 1.41421   1 1.41421 3.60555 2.82843 2.23607   2 2.23607 
4.47214 3.60555 2.82843 2.23607   2 4.12311 3.16228 2.23607 1.41421   1   4   3   2   1   0 4.12311 3.16228 2.23607 1.41421   1 4.47214 3.60555 2.82843 2.23607   2 
  3 3.16228 3.60555 4.24264   5   2 2.23607 2.82843 3.60555 4.47214   1 1.41421 2.23607 3.16228 4.12311   0   1   2   3   4   1 1.41421 2.23607 3.16228 4.12311 
3.16228   3 3.16228 3.60555 4.24264 2.23607   2 2.23607 2.82843 3.60555 1.41421   1 1.41421 2.23607 3.16228   1   0   1   2   3 1.41421   1 1.41421 2.23607 3.16228 
3.60555 3.16228   3 3.16228 3.60555 2.82843 2.23607   2 2.23607 2.82843 2.23607 1.41421   1 1.41421 2.23607   2   1   0   1   2 2.23607 1.41421   1 1.41421 2.23607 
4.24264 3.60555 3.16228   3 3.16228 3.60555 2.82843 2.23607   2 2.23607 3.16228 2.23607 1.41421   1 1.41421   3   2   1   0   1 3.16228 2.23607 1.41421   1 1.41421 
  5 4.24264 3.60555 3.16228   3 4.47214 3.60555 2.82843 2.23607   2 4.12311 3.16228 2.23607 1.41421   1   4   3   2   1   0 4.12311 3.16228 2.23607 1.41421   1 
  4 4.12311 4.47214   5 5.65685   3 3.16228 3.60555 4.24264   5   2 2.23607 2.82843 3.60555 4.47214   1 1.41421 2.23607 3.16228 4.12311   0   1   2   3   4 
4.12311   4 4.12311 4.47214   5 3.16228   3 3.16228 3.60555 4.24264 2.23607   2 2.23607 2.82843 3.60555 1.41421   1 1.41421 2.23607 3.16228   1   0   1   2   3 
4.47214 4.12311   4 4.12311 4.47214 3.60555 3.16228   3 3.16228 3.60555 2.82843 2.23607   2 2.23607 2.82843 2.23607 1.41421   1 1.41421 2.23607   2   1   0   1   2 
  5 4.47214 4.12311   4 4.12311 4.24264 3.60555 3.16228   3 3.16228 3.60555 2.82843 2.23607   2 2.23607 3.16228 2.23607 1.41421   1 1.41421   3   2   1   0   1 
5.65685   5 4.47214 4.12311   4   5 4.24264 3.60555 3.16228   3 4.47214 3.60555 2.82843 2.23607   2 4.12311 3.16228 2.23607 1.41421   1   4   3   2   1   0 
d: 
  0   3   2   1   0   3 2.58579 1.76393 0.837722   0   2 1.76393 1.17157 0.394449   0   1 0.837722 0.394449   0   0   0   0   0   0   0 
  3   0   3   2   1 2.58579   3 2.58579 1.76393 0.837722 1.76393   2 1.76393 1.17157 0.394449 0.837722   1 0.837722 0.394449   0   0   0   0   0   0 
  2   3   0   3   2 1.76393 2.58579   3 2.58579 1.76393 1.17157 1.76393   2 1.76393 1.17157 0.394449 0.837722   1 0.837722 0.394449   0   0   0   0   0 
  1   2   3   0   3 0.837722 1.76393 2.58579   3 2.58579 0.394449 1.17157 1.76393   2 1.76393   0 0.394449 0.837722   1 0.837722   0   0   0   0   0 
  0   1   2   3   0   0 0.837722 1.76393 2.58579   3   0 0.394449 1.17157 1.76393   2   0   0 0.394449 0.837722   1   0   0   0   0   0 
  3 2.58579 1.76393 0.837722   0   0   3   2   1   0   3 2.58579 1.76393 0.837722   0   2 1.76393 1.17157 0.394449   0   1 0.837722 0.394449   0   0 
2.58579   3 2.58579 1.76393 0.837722   3   0   3   2   1 2.58579   3 2.58579 1.76393 0.837722 1.76393   2 1.76393 1.17157 0.394449 0.837722   1 0.837722 0.394449   0 
1.76393 2.58579   3 2.58579 1.76393   2   3   0   3   2 1.76393 2.58579   3 2.58579 1.76393 1.17157 1.76393   2 1.76393 1.17157 0.394449 0.837722   1 0.837722 0.394449 
0.837722 1.76393 2.58579   3 2.58579   1   2   3   0   3 0.837722 1.76393 2.58579   3 2.58579 0.394449 1.17157 1.76393   2 1.76393   0 0.394449 0.837722   1 0.837722 
  0 0.837722 1.76393 2.58579   3   0   1   2   3   0   0 0.837722 1.76393 2.58579   3   0 0.394449 1.17157 1.76393   2   0   0 0.394449 0.837722   1 
  2 1.76393 1.17157 0.394449   0   3 2.58579 1.76393 0.837722   0   0   3   2   1   0   3 2.58579 1.76393 0.837722   0   2 1.76393 1.17157 0.394449   0 
1.76393   2 1.76393 1.17157 0.394449 2.58579   3 2.58579 1.76393 0.837722   3   0   3   2   1 2.58579   3 2.58579 1.76393 0.837722 1.76393   2 1.76393 1.17157 0.394449 
1.17157 1.76393   2 1.76393 1.17157 1.76393 2.58579   3 2.58579 1.76393   2   3   0   3   2 1.76393 2.58579   3 2.58579 1.76393 1.17157 1.76393   2 1.76393 1.17157 
0.394449 1.17157 1.76393   2 1.76393 0.837722 1.76393 2.58579   3 2.58579   1   2   3   0   3 0.837722 1.76393 2.58579   3 2.58579 0.394449 1.17157 1.76393   2 1.76393 
  0 0.394449 1.17157 1.76393   2   0 0.837722 1.76393 2.58579   3   0   1   2   3   0   0 0.837722 1.76393 2.58579   3   0 0.394449 1.17157 1.76393   2 
  1 0.837722 0.394449   0   0   2 1.76393 1.17157 0.394449   0   3 2.58579 1.76393 0.837722   0   0   3   2   1   0   3 2.58579 1.76393 0.837722   0 
0.837722   1 0.837722 0.394449   0 1.76393   2 1.76393 1.17157 0.394449 2.58579   3 2.58579 1.76393 0.837722   3   0   3   2   1 2.58579   3 2.58579 1.76393 0.837722 
0.394449 0.837722   1 0.837722 0.394449 1.17157 1.76393   2 1.76393 1.17157 1.76393 2.58579   3 2.58579 1.76393   2   3   0   3   2 1.76393 2.58579   3 2.58579 1.76393 
  0 0.394449 0.837722   1 0.837722 0.394449 1.17157 1.76393   2 1.76393 0.837722 1.76393 2.58579   3 2.58579   1   2   3   0   3 0.837722 1.76393 2.58579   3 2.58579 
  0   0 0.394449 0.837722   1   0 0.394449 1.17157 1.76393   2   0 0.837722 1.76393 2.58579   3   0   1   2   3   0   0 0.837722 1.76393 2.58579   3 
  0   0   0   0   0   1 0.837722 0.394449   0   0   2 1.76393 1.17157 0.394449   0   3 2.58579 1.76393 0.837722   0   0   3   2   1   0 
  0   0   0   0   0 0.837722   1 0.837722 0.394449   0 1.76393   2 1.76393 1.17157 0.394449 2.58579   3 2.58579 1.76393 0.837722   3   0   3   2   1 
  0   0   0   0   0 0.394449 0.837722   1 0.837722 0.394449 1.17157 1.76393   2 1.76393 1.17157 1.76393 2.58579   3 2.58579 1.76393   2   3   0   3   2 
  0   0   0   0   0   0 0.394449 0.837722   1 0.837722 0.394449 1.17157 1.76393   2 1.76393 0.837722 1.76393 2.58579   3 2.58579   1   2   3   0   3 
  0   0   0   0   0   0   0 0.394449 0.837722   1   0 0.394449 1.17157 1.76393   2   0 0.837722 1.76393 2.58579   3   0   1   2   3   0 

max distance : 3
Number of variables 326
Tried aggregator 1 time.
MIP Presolve eliminated 25 rows and 1 columns.
Reduced MIP has 645 rows, 326 columns, and 1950 nonzeros.
Reduced MIP has 300 binaries, 0 generals, 0 SOSs, and 0 indicators.
Probing time =    0.00 sec.
Tried aggregator 1 time.
Presolve time =    0.00 sec.
Probing time =    0.00 sec.
MIP emphasis: balance optimality and feasibility.
MIP search method: dynamic search.
Parallel mode: deterministic, using up to 4 threads.
Root relaxation solution time =    0.00 sec.

        Nodes                                         Cuts/
   Node  Left     Objective  IInf  Best Integer    Best Bound    ItCnt     Gap

*     0+    0                           60.0000                    270     --- 
      0     0        6.6004   244       60.0000        6.6004      270   89.00%
      0     0        6.6902   249       60.0000     Cuts: 261      546   88.85%
      0     0        7.4831   177       60.0000     Cuts: 172      767   87.53%
      0     0        7.9753   183       60.0000      Cuts: 78      933   86.71%
      0     0        7.9788   194       60.0000      Cuts: 62     1059   86.70%
      0     0        8.0774   193       60.0000      Cuts: 47     1159   86.54%
      0     0        8.0774   222       60.0000      Cuts: 32     1226   86.54%
*     0+    0                           41.1787        8.0774     1273   80.38%
      0     0        8.0774   180       41.1787       Cuts: 9     1273   80.38%
      0     0        8.0774   208       41.1787      Cuts: 27     1356   80.38%
*     0+    0                           35.9966        8.0774     1356   77.56%
      0     2        8.0774   208       35.9966        8.0774     1356   77.56%
Elapsed real time =   0.15 sec. (tree size =  0.01 MB, solutions = 3)
*    80+   80                           34.4305        8.2265     5602   76.11%
*    82+   82                           32.4912        8.2265     5684   74.68%
*   152+  152                           30.2882        8.2265     9157   72.84%
*   191+  191                           29.8962        8.2265    10764   72.48%
*   192+  192                           27.5240        8.2265    10813   70.11%
*   270+  270                           27.3131        8.2265    13084   69.88%
*   445+  443                           27.2709        8.2265    15106   69.83%
*   445+  443                           27.1889        8.2265    15106   69.74%
*   459+  453                           26.7381        8.2265    15157   69.23%
*   503+  487                           26.5507        8.2265    16278   69.02%
*   524+  498                           25.9649        8.2265    16461   68.32%
    679   645       13.3431    37       25.9649        8.2390    22751   68.27%
*  1033+  969                           25.9409        8.2390    29741   68.24%
*  1091  1017      integral     0       25.5108        8.2390    30181   67.70%
*  1095  1011      integral     0       24.7469        8.2390    30193   66.71%
   1184  1083        8.3622   189       24.7469        8.3622    34327   66.21%
   1411  1223       15.0939    29       24.7469        8.5850    42838   65.31%
*  1801  1070      integral     0       24.6972        8.7112    51041   64.73%
*  1819+  903                           24.6890        8.7112    51853   64.72%
*  1832   788      integral     0       24.4885        8.7112    52042   64.43%
*  1836   714      integral     0       24.4147        8.7112    52057   64.32%
*  1987   740      integral     0       24.3224        8.7486    56004   64.03%
*  1988   722      integral     0       24.0704        8.7486    56009   63.65%
Elapsed real time =   1.13 sec. (tree size =  0.34 MB, solutions = 21)
*  2115+  802                           24.0650        8.8060    59531   63.41%
*  2119   805      integral     0       23.3749        8.8060    59583   62.33%
*  2558+ 1162                           22.9765        8.8580    71264   61.45%
*  2692  1260      integral     0       22.9135        8.8580    74155   61.34%
*  4743  2882      integral     0       22.8737        9.0837   127049   60.29%
*  4747  2882      integral     0       22.7114        9.0837   127058   60.00%
*  5115+ 3148                           22.6994        9.0963   137100   59.93%
*  5251+ 3234                           22.5863        9.1103   141176   59.66%
*  5810  3654      integral     0       22.5770        9.1595   156165   59.43%
*  7007  4533      integral     0       22.5465        9.1948   187484   59.22%
*  9276  6226      integral     0       22.4355        9.2789   247975   58.64%
*  9310  6252      integral     0       22.4027        9.2789   249157   58.58%
*  9559  6411      integral     0       22.3907        9.2969   255659   58.48%
*  9917  6663      integral     0       22.2879        9.2969   264657   58.29%
Elapsed real time =   3.31 sec. (tree size =  2.44 MB, solutions = 37)
* 10574  7155      integral     0       22.2842        9.3221   282555   58.17%
* 11032  7493      integral     0       22.2273        9.3546   295653   57.91%
* 11193  7613      integral     0       22.0743        9.3546   300084   57.62%
* 11393  7727      integral     0       21.9186        9.3597   305493   57.30%
* 11823  8043      integral     0       21.8869        9.3597   317210   57.24%
  16394 11199       11.1324    59       21.8869        9.4460   436044   56.84%
* 17226 11797      integral     0       21.7153        9.4584   458269   56.44%
* 17358+11898                           21.6349        9.4584   461220   56.28%
  21895 14893       20.2273    27       21.6349        9.5297   576440   55.95%
  25047 17031       11.5948    47       21.6349        9.5839   655532   55.70%
* 25380 17270      integral     0       21.6163        9.5839   666394   55.66%
Elapsed real time =   7.08 sec. (tree size =  7.12 MB, solutions = 47)
* 27305 18569      integral     0       21.5015        9.6102   716230   55.30%
* 30698 20809      integral     0       21.4727        9.6385   807230   55.11%
* 30751 20844      integral     0       21.2933        9.6385   809078   54.73%
  35281 23786       17.0492    34       21.2933        9.6900   934270   54.49%
  39867 26874       19.2852    31       21.2933        9.7333  1063003   54.29%
  44632 30074       17.3497    30       21.2933        9.7845  1190452   54.05%
* 46815 31512      integral     0       21.2830        9.8028  1250072   53.94%
  51271 34365       10.2612    69       21.2830        9.8378  1373062   53.78%
* 53469 35859      integral     0       21.1902        9.8508  1435462   53.51%
  55482 37123       13.7639    33       21.1902        9.8669  1485825   53.44%
Elapsed real time =  12.70 sec. (tree size = 16.31 MB, solutions = 53)
  60185 40223       12.5658    44       21.1902        9.8925  1612847   53.32%
  65142 43464       19.1137    28       21.1902        9.9203  1738843   53.18%
  69544 46375       20.2234    13       21.1902        9.9437  1866112   53.07%
  73950 49251       14.3497    40       21.1902        9.9651  1985032   52.97%
  78573 52236       19.1137    22       21.1902        9.9857  2107065   52.88%
  83184 55200       18.5770    30       21.1902       10.0114  2228422   52.75%
  88110 58449       20.0650    18       21.1902       10.0378  2351876   52.63%
  92778 61528       12.7574    44       21.1902       10.0552  2476521   52.55%
  97499 64588       12.7639    42       21.1902       10.0771  2601114   52.44%
 102038 67499       15.5213    39       21.1902       10.0900  2722720   52.38%
Elapsed real time =  20.11 sec. (tree size = 29.53 MB, solutions = 53)
 106601 70449       12.6557    50       21.1902       10.1132  2841692   52.27%
 111176 73376       18.4634    30       21.1902       10.1307  2962361   52.19%
 115880 76416       10.4414    63       21.1902       10.1494  3078883   52.10%
 120581 79450       19.3011    28       21.1902       10.1642  3193985   52.03%
*120673 79517      integral     0       21.0611       10.1667  3196434   51.73%
 121073 79778       11.0035    52       21.0611       10.1667  3206238   51.73%
 125359 82300       20.7087    19       21.0611       10.1769  3319383   51.68%
*128738 84495      integral     0       20.9475       10.1869  3411849   51.37%
 132959 86836       11.3237    49       20.9475       10.2024  3529205   51.30%
 137230 89522       10.4598    82       20.9475       10.2122  3645894   51.25%
Elapsed real time =  27.69 sec. (tree size = 37.72 MB, solutions = 55)
 141497 92217       14.0213    34       20.9475       10.2289  3765490   51.17%
 145841 95024       14.4322    45       20.9475       10.2356  3883828   51.14%
 150310 97848       10.9258    73       20.9475       10.2471  4002197   51.08%
 154580 100569       17.6994    37       20.9475       10.2590  4119066   51.02%
 158958 103379       17.0492    34       20.9475       10.2732  4238755   50.96%
 163352 106195       10.6523    49       20.9475       10.2851  4355779   50.90%
 167860 109027       13.3497    41       20.9475       10.2973  4475856   50.84%
 172380 111862       13.7639    31       20.9475       10.3121  4595598   50.77%
 173777 112733       16.0492    32       20.9475       10.3171  4631048   50.75%
 178033 115529       19.4634    19       20.9475       10.3250  4747564   50.71%
Elapsed real time =  35.52 sec. (tree size = 47.55 MB, solutions = 55)
 182687 118443       15.6994    38       20.9475       10.3383  4866597   50.65%
 187231 121359       12.9355    35       20.9475       10.3497  4986541   50.59%
 191810 124247       15.2852    30       20.9475       10.3510  5103687   50.59%
 196142 127025       18.9679    26       20.9475       10.3626  5219229   50.53%
 200605 129880       17.8776    36       20.9475       10.3734  5339379   50.48%
 205173 132682       13.4634    37       20.9475       10.3829  5458116   50.43%
 209631 135529       13.3497    51       20.9475       10.3946  5574952   50.38%
 214001 138362       16.4634    34       20.9475       10.4041  5690684   50.33%
 218370 141079       20.6376    11       20.9475       10.4160  5806826   50.28%
 223011 144022       11.3497    54       20.9475       10.4242  5922964   50.24%
Elapsed real time =  42.91 sec. (tree size = 60.01 MB, solutions = 55)
 227457 146854       19.4329    27       20.9475       10.4347  6039780   50.19%
 232111 149845       11.9355    42       20.9475       10.4450  6157353   50.14%
 236900 152882       20.1137    18       20.9475       10.4541  6274156   50.09%
 241486 155805       14.1071    34       20.9475       10.4630  6395728   50.05%
 246223 158738       16.0492    30       20.9475       10.4713  6513424   50.01%
 250698 161567       17.1229    36       20.9475       10.4793  6632181   49.97%
 255485 164584       18.8197    28       20.9475       10.4909  6750164   49.92%
 259888 167367       17.5213    39       20.9475       10.5019  6866881   49.87%
 264429 170237       13.3497    40       20.9475       10.5145  6986450   49.81%
 268820 173056       16.4634    31       20.9475       10.5224  7102649   49.77%
Elapsed real time =  50.05 sec. (tree size = 72.08 MB, solutions = 55)
 273352 175888       13.5858    34       20.9475       10.5308  7218238   49.73%
 277969 178832       16.6415    34       20.9475       10.5438  7338316   49.67%
 282694 181760       10.6045    93       20.9475       10.5534  7458026   49.62%
 287240 184619       11.9929    43       20.9475       10.5634  7575586   49.57%
 291845 187474       11.0488    50       20.9475       10.5721  7692791   49.53%
 296599 190382       12.1137    59       20.9475       10.5827  7809758   49.48%
 301260 193307       19.1716    30       20.9475       10.5858  7927821   49.47%
 305366 195928       16.2852    32       20.9475       10.5858  8041500   49.47%
 309771 198783       15.5858    32       20.9475       10.5932  8154003   49.43%
 327246 209634       18.9355    27       20.9475       10.6274  8611896   49.27%
Elapsed real time =  59.49 sec. (tree size = 87.31 MB, solutions = 55)
 344749 220580       17.6508    26       20.9475       10.6601  9070335   49.11%
 362236 231421       19.5213    31       20.9475       10.6907  9522618   48.96%
*364102 232560      integral     0       20.9004       10.6943  9572029   48.83%
 366443 233737       13.9355    33       20.9004       10.6982  9632229   48.81%
 383836 244517       12.9033    45       20.9004       10.7317 10084532   48.65%
 401092 255159       13.3431    33       20.9004       10.7574 10539520   48.53%
 418474 265888       17.4065    32       20.9004       10.7639 10982240   48.50%
 434889 276100       19.8776    24       20.9004       10.7851 11424172   48.40%
*443671 281631      integral     0       20.8830       10.7987 11662191   48.29%
 447793 284025       16.6994    31       20.8830       10.8068 11771529   48.25%
Elapsed real time =  86.00 sec. (tree size = 119.66 MB, solutions = 57)
 464609 294548       16.2852    30       20.8830       10.8335 12214685   48.12%
 481477 304746       19.1543    18       20.8830       10.8589 12658220   48.00%
 497609 314689       15.5213    32       20.8830       10.8819 13084993   47.89%
 514180 324806       19.7153    19       20.8830       10.9115 13515867   47.75%
*519622 328145      integral     0       20.8290       10.9227 13662316   47.56%
 527596 333000       12.5535    54       20.8290       10.9355 13870247   47.50%
 544004 342961       15.2918    36       20.8290       10.9628 14310206   47.37%
*548743 345787      integral     0       20.6785       10.9678 14435085   46.96%
 561405 353335       13.5858    36       20.6785       10.9906 14770213   46.85%
 577539 362988       19.3431    25       20.6785       11.0000 15200698   46.80%
Elapsed real time = 112.98 sec. (tree size = 150.75 MB, solutions = 59)
Nodefile size = 22.97 MB (12.58 MB after compression)
 589858 370281       14.6172    35       20.6785       11.0128 15534548   46.74%
 606183 379831       13.7574    34       20.6785       11.0376 15961987   46.62%
 622280 389178       19.2852    20       20.6785       11.0629 16393091   46.50%
 638441 398585       19.0492    27       20.6785       11.0926 16820548   46.36%
 654505 407987       17.9514    22       20.6785       11.1137 17247122   46.25%
 670860 417451       11.2398    57       20.6785       11.1349 17670601   46.15%
 687154 427024       14.6994    31       20.6785       11.1604 18094734   46.03%
 703025 436345       14.3497    34       20.6785       11.1716 18519938   45.97%
 718845 445917       16.6929    28       20.6785       11.1716 18943661   45.97%
 734804 455384       15.4634    35       20.6785       11.1878 19363047   45.90%
Elapsed real time = 144.17 sec. (tree size = 187.93 MB, solutions = 59)
Nodefile size = 59.96 MB (31.88 MB after compression)
 750917 464983       17.2852    37       20.6785       11.2103 19780564   45.79%
 766626 474169       17.9355    35       20.6785       11.2322 20201155   45.68%
 782028 483159       15.6137    26       20.6785       11.2568 20619700   45.56%
 797405 492216       11.2768    48       20.6785       11.2740 21030175   45.48%
 812630 501170       16.1716    37       20.6785       11.2929 21449012   45.39%
*814511 502282      integral     0       20.6284       11.2947 21500789   45.25%
 818103 501882       19.7732    14       20.6284       11.3017 21597993   45.21%
 828750 508089       19.1962    30       20.6284       11.3180 21888344   45.13%
 844232 517015       14.9355    32       20.6284       11.3432 22304851   45.01%
 859907 525935       14.7639    42       20.6284       11.3497 22720971   44.98%
Elapsed real time = 172.65 sec. (tree size = 216.43 MB, solutions = 60)
Nodefile size = 88.95 MB (46.95 MB after compression)
 875282 534975       14.1137    32       20.6284       11.3762 23138102   44.85%
 890745 543829       12.1584    41       20.6284       11.3926 23550502   44.77%
 906144 552561       12.5858    52       20.6284       11.4225 23963380   44.63%
 921301 561202       11.9113    52       20.6284       11.4435 24370832   44.53%
 936519 569959       11.7639    49       20.6284       11.4748 24783337   44.37%
 951859 578646       13.6071    37       20.6284       11.5078 25194081   44.21%
 967438 587437       16.5213    25       20.6284       11.5251 25604976   44.13%
 982895 596200       16.2852    30       20.6284       11.5331 26009359   44.09%
 998174 604875       13.8776    36       20.6284       11.5535 26418947   43.99%
 1013510 613749       13.4634    32       20.6284       11.5811 26819540   43.86%
Elapsed real time = 203.85 sec. (tree size = 252.57 MB, solutions = 60)
Nodefile size = 124.95 MB (65.67 MB after compression)
 1028733 622449       16.1716    27       20.6284       11.5858 27222277   43.84%
 1044014 631424       18.3497    30       20.6284       11.5858 27633850   43.84%
 1059037 640246       15.8776    33       20.6284       11.5858 28041926   43.84%
 1073997 649023       16.4568    35       20.6284       11.5858 28443217   43.84%
 1089069 657550       18.6415    29       20.6284       11.6058 28848729   43.74%
 1104299 666229       15.0492    31       20.6284       11.6221 29250488   43.66%
*1105442+666888                           20.4355       11.6242 29278117   43.12%
 1107246 667867       16.7269    32       20.4355       11.6252 29326161   43.11%
 1122290 676109       19.5372    21       20.4355       11.6426 29730732   43.03%
*1131163 680990      integral     0       20.1428       11.6594 29967216   42.12%
 1133459 679701       13.5858    39       20.1428       11.6655 30030174   42.09%
Elapsed real time = 234.32 sec. (tree size = 279.76 MB, solutions = 62)
Nodefile size = 151.94 MB (79.47 MB after compression)
 1144105 685254       14.4388    34       20.1428       11.6749 30322816   42.04%
 1158804 693205       14.2852    32       20.1428       11.6994 30733382   41.92%
 1173639 701145       13.5550    36       20.1428       11.6994 31143220   41.92%
 1188424 708987       15.5213    24       20.1428       11.7268 31547548   41.78%
 1203078 716729       14.6738    40       20.1428       11.7445 31951940   41.69%
 1217756 724466       18.7246    30       20.1428       11.7639 32352858   41.60%
 1232668 732538       14.5535    34       20.1428       11.7684 32744779   41.58%
 1247307 740368       17.3221    29       20.1428       11.7925 33135453   41.46%
 1261883 747932       13.5858    39       20.1428       11.8257 33539721   41.29%
 1276689 755747       16.3431    40       20.1428       11.8464 33938811   41.19%
Elapsed real time = 265.53 sec. (tree size = 311.55 MB, solutions = 62)
Nodefile size = 183.94 MB (96.26 MB after compression)
 1291344 763425       14.5213    26       20.1428       11.8744 34335450   41.05%
 1305765 771052       12.7961    41       20.1428       11.8977 34736958   40.93%
 1320261 778543    infeasible             20.1428       11.9290 35133289   40.78%
 1334688 786244       14.5213    33       20.1428       11.9355 35530261   40.75%
 1349604 794211       15.3497    42       20.1428       11.9355 35925627   40.75%
 1364375 802042       17.1694    27       20.1428       11.9355 36319469   40.75%
 1378963 809769       15.9355    30       20.1428       11.9491 36709596   40.68%
 1393372 817431       13.5535    37       20.1428       11.9678 37105070   40.59%
 1408423 825315       16.6994    25       20.1428       11.9800 37493255   40.52%
 1423162 833045       18.2720    24       20.1428       12.0000 37884031   40.43%
Elapsed real time = 296.71 sec. (tree size = 344.24 MB, solutions = 62)
Nodefile size = 216.93 MB (113.32 MB after compression)
 1437429 840825       13.0153    36       20.1428       12.0000 38273545   40.43%
 1452281 848463       16.4634    29       20.1428       12.0246 38668806   40.30%
 1466855 856027       12.0503    47       20.1428       12.0502 39064084   40.18%
 1481489 863766       14.9157    47       20.1428       12.0619 39441482   40.12%
 1495915 871267       17.4645    31       20.1428       12.0858 39832824   40.00%
 1510698 878909       14.2852    36       20.1428       12.1071 40219181   39.89%
 1525378 886599       19.2432    19       20.1428       12.1137 40605584   39.86%
 1540187 894185       14.1137    32       20.1428       12.1137 40993827   39.86%
 1555319 902069       17.4634    26       20.1428       12.1137 41381185   39.86%
 1570169 909858       18.2273    27       20.1428       12.1208 41770267   39.83%
Elapsed real time = 327.70 sec. (tree size = 376.66 MB, solutions = 62)
Nodefile size = 248.92 MB (129.67 MB after compression)
 1585374 917716       17.7552    21       20.1428       12.1505 42147883   39.68%
 1599810 925126       19.1137    21       20.1428       12.1716 42535414   39.57%
 1614020 932494       12.9355    43       20.1428       12.1716 42927023   39.57%
 1628736 940254       14.7574    30       20.1428       12.1716 43317197   39.57%
 1642923 947720       14.7574    31       20.1428       12.1716 43711236   39.57%
 1657616 955202       14.6994    28       20.1428       12.1987 44098082   39.44%
 1672447 962709       17.5213    35       20.1428       12.2284 44484744   39.29%
 1687355 970286       16.8197    24       20.1428       12.2514 44866923   39.18%
 1702481 978035       14.6426    41       20.1428       12.2606 45251081   39.13%
 1717578 985711       16.5213    33       20.1428       12.2715 45635699   39.08%
Elapsed real time = 358.78 sec. (tree size = 408.86 MB, solutions = 62)
Nodefile size = 280.91 MB (146.00 MB after compression)
 1732601 993164       18.4634    25       20.1428       12.3019 46021034   38.93%
 1747661 1000494       16.7574    32       20.1428       12.3234 46410505   38.82%
 1762566 1007856       14.3431    39       20.1428       12.3497 46794226   38.69%
 1777924 1015765       12.6426    46       20.1428       12.3497 47171999   38.69%
 1793320 1023860       17.2918    25       20.1428       12.3497 47554560   38.69%
 1808494 1031644       15.4388    38       20.1428       12.3497 47936785   38.69%
 1824131 1039568       18.0492    24       20.1428       12.3497 48326087   38.69%
 1839611 1047470       17.9514    22       20.1428       12.3497 48712817   38.69%
 1855257 1055478       15.2918    28       20.1428       12.3497 49093762   38.69%
 1870749 1063455       13.3497    41       20.1428       12.3497 49476102   38.69%
Elapsed real time = 389.63 sec. (tree size = 441.96 MB, solutions = 62)
Nodefile size = 313.91 MB (162.33 MB after compression)
 1886551 1071623       12.5535    43       20.1428       12.3497 49856337   38.69%
 1901635 1079577       15.7064    33       20.1428       12.3564 50244080   38.66%
 1917056 1087235       15.9355    37       20.1428       12.3781 50625344   38.55%
 1932755 1095001       14.2852    37       20.1428       12.3893 51010234   38.49%
 1948125 1102687       18.0360    19       20.1428       12.4183 51388851   38.35%
 1963154 1110074       16.5524    30       20.1428       12.4378 51773727   38.25%
 1978802 1117789       14.1716    30       20.1428       12.4511 52150810   38.19%
 1994075 1125323       17.0557    30       20.1428       12.4645 52534860   38.12%
 2009304 1132833       17.1459    28       20.1428       12.4956 52922378   37.96%
 2024896 1140379       14.6994    32       20.1428       12.5213 53304303   37.84%
Elapsed real time = 420.43 sec. (tree size = 474.86 MB, solutions = 62)
Nodefile size = 346.90 MB (178.68 MB after compression)
 2040204 1148179       17.2852    26       20.1428       12.5213 53679248   37.84%
 2055710 1155916       16.8142    35       20.1428       12.5213 54062617   37.84%
 2071084 1163623       15.4634    32       20.1428       12.5213 54441868   37.84%
 2086154 1171293       18.2852    29       20.1428       12.5213 54821000   37.84%
 2101670 1179046        cutoff             20.1428       12.5279 55197356   37.80%
 2117205 1186912       12.5279    44       20.1428       12.5279 55572591   37.80%
 2132614 1194626       17.4054    16       20.1428       12.5279 55952008   37.80%
 2147735 1202162       15.9355    40       20.1428       12.5375 56330553   37.76%
 2163675 1210017       16.8776    30       20.1428       12.5535 56707478   37.68%
 2179241 1217658       19.0939    17       20.1428       12.5820 57083521   37.54%
Elapsed real time = 451.20 sec. (tree size = 507.81 MB, solutions = 62)
Nodefile size = 379.89 MB (194.69 MB after compression)
 2194550 1225267    infeasible             20.1428       12.5858 57456496   37.52%
 2210007 1232960       15.4065    32       20.1428       12.5858 57832006   37.52%
 2225346 1240631       17.7574    29       20.1428       12.5858 58206516   37.52%
 2240914 1248363       13.6749    40       20.1428       12.5933 58583079   37.48%
 2256324 1255629       17.5213    26       20.1428       12.6142 58964332   37.38%
 2271963 1263207       17.0492    31       20.1428       12.6425 59335960   37.24%
 2287710 1270537       16.8776    24       20.1428       12.6511 59709722   37.19%
 2302617 1277681       12.6716    41       20.1428       12.6716 60092691   37.09%
 2318017 1285061       18.2852    16       20.1428       12.6871 60472623   37.01%
 2333943 1292531       17.4634    22       20.1428       12.6994 60848836   36.95%
Elapsed real time = 481.91 sec. (tree size = 539.95 MB, solutions = 62)
Nodefile size = 411.88 MB (210.30 MB after compression)
 2349489 1299924       18.2273    24       20.1428       12.7317 61219214   36.79%
 2365868 1307660       18.8710    22       20.1428       12.7322 61573178   36.79%
 2381333 1314880       16.1716    31       20.1428       12.7574 61951173   36.67%
 2396374 1322188       17.5213    22       20.1428       12.7574 62328253   36.67%
 2411775 1329732       14.7574    32       20.1428       12.7574 62706290   36.67%
 2426992 1337200       15.9289    36       20.1428       12.7574 63084165   36.67%
 2442885 1344881       15.5213    29       20.1428       12.7574 63463005   36.67%
 2458116 1352306       16.1716    31       20.1428       12.7574 63842078   36.67%
 2473581 1359640       17.3497    22       20.1428       12.7639 64224166   36.63%
 2489081 1367143       14.9424    35       20.1428       12.7639 64594530   36.63%
Elapsed real time = 512.92 sec. (tree size = 572.13 MB, solutions = 62)
Nodefile size = 444.88 MB (226.34 MB after compression)
 2505081 1374941       16.0000    44       20.1428       12.7639 64974156   36.63%
 2521424 1382873       18.8776    27       20.1428       12.7639 65348798   36.63%
 2537893 1390939       15.8776    31       20.1428       12.7639 65726494   36.63%
 2554038 1398591       13.9724    43       20.1428       12.7732 66107359   36.59%
 2569979 1405961       14.8788    32       20.1428       12.7898 66481919   36.50%
 2586097 1413543       15.4005    23       20.1428       12.8142 66857884   36.38%
 2602494 1421178       16.8377    24       20.1428       12.8398 67235667   36.26%
 2618689 1428779       14.0832    32       20.1428       12.8464 67600773   36.22%
 2634740 1436171       16.9912    29       20.1428       12.8765 67977728   36.07%
 2651331 1444020       18.2432    15       20.1428       12.8776 68332903   36.07%
Elapsed real time = 543.14 sec. (tree size = 605.14 MB, solutions = 62)
Nodefile size = 477.87 MB (242.14 MB after compression)
 2667031 1451407       15.6426    28       20.1428       12.8787 68706331   36.06%
 2683259 1458791       16.4817    22       20.1428       12.9071 69084395   35.92%
 2700291 1466367       15.9355    30       20.1428       12.9355 69461050   35.78%
 2716382 1473874       14.2852    32       20.1428       12.9355 69840234   35.78%
 2731972 1481230       17.8776    18       20.1428       12.9355 70207436   35.78%
 2747916 1488792       15.6349    25       20.1428       12.9355 70577648   35.78%
 2764043 1496416       15.1137    32       20.1428       12.9355 70954181   35.78%
 2779970 1503931       12.9355    37       20.1428       12.9355 71332640   35.78%
 2795912 1511481       12.9355    37       20.1428       12.9355 71702062   35.78%
 2811993 1519055       19.2273    22       20.1428       12.9355 72077646   35.78%
Elapsed real time = 573.49 sec. (tree size = 637.37 MB, solutions = 62)
Nodefile size = 509.86 MB (257.40 MB after compression)
 2827953 1526613       17.8776    23       20.1428       12.9355 72451883   35.78%
 2843999 1534148       14.2852    32       20.1428       12.9355 72825575   35.78%
 2859942 1541811       19.2567    23       20.1428       12.9355 73202741   35.78%
 2875891 1549398       14.9355    32       20.1428       12.9355 73575752   35.78%
 2892118 1557184       15.2273    28       20.1428       12.9355 73945876   35.78%
 2908051 1564781       16.4634    34       20.1428       12.9355 74317126   35.78%
 2924216 1572392       12.9355    34       20.1428       12.9355 74689871   35.78%
 2940476 1580085       16.2852    32       20.1428       12.9355 75068854   35.78%
 2956341 1587737       15.5213    38       20.1428       12.9355 75444075   35.78%
 2971754 1595417       12.9355    42       20.1428       12.9355 75817271   35.78%
Elapsed real time = 603.81 sec. (tree size = 670.54 MB, solutions = 62)
Nodefile size = 542.86 MB (272.97 MB after compression)
 2988884 1603310       17.6994    37       20.1428       12.9483 76187522   35.72%
 3005357 1610825       14.5279    42       20.1428       12.9669 76550807   35.63%
 3022662 1618562       17.9667    36       20.1428       12.9701 76913551   35.61%
 3039327 1626044       17.6983    37       20.1428       12.9923 77285957   35.50%
 3055094 1633482       17.5858    30       20.1428       13.0000 77661839   35.46%
 3071434 1641205       15.7639    34       20.1428       13.0000 78032331   35.46%
 3088424 1649303       15.3497    30       20.1428       13.0000 78404562   35.46%
 3104314 1656697    infeasible             20.1428       13.0090 78780491   35.42%
 3120879 1664138       14.6994    34       20.1428       13.0246 79150819   35.34%
 3137824 1671877       14.9679    31       20.1428       13.0251 79517911   35.34%
Elapsed real time = 632.92 sec. (tree size = 703.55 MB, solutions = 62)
Nodefile size = 575.85 MB (288.50 MB after compression)
 3153910 1679123       19.2273    19       20.1428       13.0492 79889499   35.22%
 3170425 1686635       17.1694    24       20.1428       13.0557 80259997   35.18%
 3187072 1694124       14.2918    31       20.1428       13.0669 80629210   35.13%
 3203258 1701094       14.0497    36       20.1428       13.0937 81000094   35.00%
 3219660 1708500       17.0492    22       20.1428       13.1137 81370585   34.90%
 3237437 1716537       13.1137    38       20.1428       13.1137 81731819   34.90%
 3254693 1724387       15.6994    30       20.1428       13.1137 82091210   34.90%
 3272215 1732240       16.9355    29       20.1428       13.1137 82458106   34.90%
 3288857 1739582       14.0814    39       20.1428       13.1393 82829709   34.77%
 3306325 1747396       18.5770    23       20.1428       13.1461 83199501   34.74%
Elapsed real time = 662.20 sec. (tree size = 735.97 MB, solutions = 62)
Nodefile size = 607.84 MB (303.72 MB after compression)
 3322912 1754567       17.3497    20       20.1428       13.1716 83572092   34.61%
 3339093 1761962       13.2103    37       20.1428       13.1716 83944086   34.61%
 3355272 1769395       17.8710    32       20.1428       13.1716 84319026   34.61%
 3371333 1776675       17.3431    22       20.1428       13.1716 84693834   34.61%
 3387544 1784123       16.5213    28       20.1428       13.1716 85065927   34.61%
 3404070 1791691       16.3431    34       20.1428       13.1716 85438096   34.61%
 3420771 1799364       14.6426    33       20.1428       13.1716 85810296   34.61%
 3437152 1807067       15.1716    37       20.1428       13.1716 86183202   34.61%
 3453452 1814752       15.9355    31       20.1428       13.1716 86553892   34.61%
 3469658 1822354       15.9355    37       20.1428       13.1716 86926718   34.61%
Elapsed real time = 691.53 sec. (tree size = 768.65 MB, solutions = 62)
Nodefile size = 640.84 MB (319.27 MB after compression)
 3487110 1829956       13.1874    39       20.1428       13.1874 87288918   34.53%
 3504337 1837467       15.7639    34       20.1428       13.2027 87650672   34.45%
 3521590 1845258       16.4898    24       20.1428       13.2224 88013931   34.36%
 3538397 1852632       14.7675    27       20.1428       13.2353 88376543   34.29%
 3555507 1859959       16.4634    23       20.1428       13.2606 88737928   34.17%
 3572437 1867476       16.8710    28       20.1428       13.2606 89094394   34.17%
 3589598 1874823       15.5213    36       20.1428       13.2729 89458106   34.11%
 3606656 1882387       15.4634    36       20.1428       13.2852 89821368   34.04%
 3624062 1890057       13.2918    35       20.1428       13.2918 90188098   34.01%
 3642173 1898096       13.2918    39       20.1428       13.2918 90540930   34.01%
Elapsed real time = 720.49 sec. (tree size = 801.44 MB, solutions = 62)
Nodefile size = 673.83 MB (334.84 MB after compression)
 3659943 1906008       13.2918    39       20.1428       13.2918 90901787   34.01%
 3676814 1913252       17.1137    20       20.1428       13.3136 91269324   33.90%
 3694827 1920969       15.8869    39       20.1428       13.3175 91624276   33.88%
 3711797 1928074       15.0492    25       20.1428       13.3333 91996046   33.81%
 3727765 1935097       13.3431    36       20.1428       13.3431 92370194   33.76%
 3743784 1942362       14.1071    37       20.1428       13.3431 92746662   33.76%
 3760154 1949744       19.5770    12       20.1428       13.3431 93122460   33.76%
 3776357 1957188       17.3431    28       20.1428       13.3431 93492811   33.76%
 3792776 1964563       14.6929    39       20.1428       13.3431 93865970   33.76%
 3809381 1971956       16.8776    30       20.1428       13.3497 94237036   33.72%
Elapsed real time = 749.54 sec. (tree size = 833.60 MB, solutions = 62)
Nodefile size = 705.81 MB (349.70 MB after compression)
 3826463 1979480       17.5003    25       20.1428       13.3497 94600860   33.72%
 3843353 1987144       15.1071    34       20.1428       13.3497 94965607   33.72%
 3860292 1994810       19.1071    28       20.1428       13.3497 95330130   33.72%
 3877279 2002623       17.1705    23       20.1428       13.3497 95694196   33.72%
 3894197 2010400       17.3244    31       20.1428       13.3497 96058542   33.72%
 3910967 2018009       14.3497    44       20.1428       13.3497 96425581   33.72%
 3927903 2025598       15.9355    26       20.1428       13.3497 96787885   33.72%
 3944895 2033194       18.1137    25       20.1428       13.3497 97154018   33.72%
 3961637 2040891       18.6415    21       20.1428       13.3497 97520090   33.72%
 3978318 2048586       17.5279    26       20.1428       13.3497 97889282   33.72%
Elapsed real time = 778.70 sec. (tree size = 866.89 MB, solutions = 62)
Nodefile size = 738.80 MB (365.25 MB after compression)
 3995397 2056479       14.0246    29       20.1428       13.3497 98244163   33.72%
 4012500 2064290       15.3497    34       20.1428       13.3497 98611775   33.72%
 4029221 2071999       14.3811    31       20.1428       13.3497 98971542   33.72%
 4046205 2080014       15.4634    33       20.1428       13.3497 99337563   33.72%
 4062977 2087823       16.8793    22       20.1428       13.3514 99703862   33.72%
 4080381 2095429       16.6994    24       20.1428       13.3620 1.00e+08   33.66%
 4097660 2102950       15.7575    43       20.1428       13.3756 1.00e+08   33.60%
 4115432 2110706       13.3821    36       20.1428       13.3820 1.01e+08   33.56%
 4133104 2118205       18.8869    18       20.1428       13.4052 1.01e+08   33.45%
 4150779 2125930       14.0814    39       20.1428       13.4065 1.02e+08   33.44%
Elapsed real time = 807.66 sec. (tree size = 900.44 MB, solutions = 62)
Nodefile size = 772.79 MB (381.11 MB after compression)
 4167968 2133024       19.3011    16       20.1428       13.4322 1.02e+08   33.32%
 4185944 2140541       15.3497    29       20.1428       13.4388 1.02e+08   33.28%
 4203534 2148138       16.6842    39       20.1428       13.4539 1.03e+08   33.21%
 4221040 2155645       15.4311    39       20.1428       13.4634 1.03e+08   33.16%
 4238687 2163274       17.2852    26       20.1428       13.4634 1.03e+08   33.16%
 4255967 2170747    infeasible             20.1428       13.4645 1.04e+08   33.15%
 4272947 2177887       13.8615    38       20.1428       13.4792 1.04e+08   33.08%
 4290647 2185208       15.0889    28       20.1428       13.5015 1.04e+08   32.97%
 4308405 2192679       16.6349    38       20.1428       13.5213 1.05e+08   32.87%
 4325912 2200252       16.8710    29       20.1428       13.5213 1.05e+08   32.87%
Elapsed real time = 836.55 sec. (tree size = 932.68 MB, solutions = 62)
Nodefile size = 804.79 MB (396.32 MB after compression)
 4343265 2207658       16.5535    42       20.1428       13.5251 1.05e+08   32.85%
 4362051 2215923       16.7639    26       20.1428       13.5279 1.06e+08   32.84%
 4380625 2223967       17.6716    28       20.1428       13.5279 1.06e+08   32.84%
 4398608 2231673       17.0246    33       20.1428       13.5430 1.07e+08   32.77%
 4416241 2238995       18.3175    20       20.1428       13.5535 1.07e+08   32.71%
 4434426 2246400       18.9157    31       20.1428       13.5660 1.07e+08   32.65%
 4451704 2253382       19.1137    18       20.1428       13.5858 1.08e+08   32.55%
 4468350 2260755       19.0246    32       20.1428       13.5858 1.08e+08   32.55%
 4485001 2268142       16.1716    30       20.1428       13.5858 1.08e+08   32.55%
 4501453 2275512       13.5858    39       20.1428       13.5858 1.09e+08   32.55%
Elapsed real time = 865.55 sec. (tree size = 965.35 MB, solutions = 62)
Nodefile size = 837.78 MB (412.00 MB after compression)
 4518362 2282902       17.3497    28       20.1428       13.5858 1.09e+08   32.55%
 4534896 2290068       17.7442    32       20.1428       13.5858 1.10e+08   32.55%
 4551995 2297621       16.8787    32       20.1428       13.5858 1.10e+08   32.55%
 4568671 2305038       16.3497    27       20.1428       13.5858 1.10e+08   32.55%
 4585742 2312688       18.6994    21       20.1428       13.5858 1.11e+08   32.55%
 4602826 2320372       16.3497    30       20.1428       13.5858 1.11e+08   32.55%
 4619888 2328059       16.2852    23       20.1428       13.5858 1.11e+08   32.55%
 4637398 2335807       17.9098    23       20.1428       13.5858 1.12e+08   32.55%
 4654755 2343488       16.3497    29       20.1428       13.5858 1.12e+08   32.55%
 4671519 2351135       19.7732    17       20.1428       13.5858 1.12e+08   32.55%
Elapsed real time = 894.50 sec. (tree size = 998.23 MB, solutions = 62)
Nodefile size = 870.77 MB (427.47 MB after compression)
 4689495 2359015       13.5948    36       20.1428       13.5946 1.13e+08   32.51%
 4707107 2366015       17.4639    35       20.1428       13.6024 1.13e+08   32.47%
 4725523 2373723       15.2027    30       20.1428       13.6104 1.13e+08   32.43%
 4743367 2381163       14.9669    36       20.1428       13.6172 1.14e+08   32.40%
 4761389 2388852       17.5081    24       20.1428       13.6412 1.14e+08   32.28%
 4779981 2396360       14.9355    31       20.1428       13.6426 1.15e+08   32.27%
 4797500 2403527       16.1137    45       20.1428       13.6583 1.15e+08   32.19%
 4815772 2410854       16.1459    30       20.1428       13.6749 1.15e+08   32.11%
 4834193 2418462       16.2852    29       20.1428       13.6821 1.16e+08   32.07%
 4851568 2425503       18.2273    31       20.1428       13.6994 1.16e+08   31.99%
Elapsed real time = 923.32 sec. (tree size = 1030.40 MB, solutions = 62)
Nodefile size = 902.77 MB (442.72 MB after compression)
 4869714 2433167       20.1071    14       20.1428       13.6994 1.16e+08   31.99%
 4887771 2440821       13.6994    34       20.1428       13.6994 1.17e+08   31.99%
 4906051 2448676       15.8776    29       20.1428       13.6994 1.17e+08   31.99%
 4924051 2456300       17.8710    24       20.1428       13.6994 1.17e+08   31.99%
 4941699 2463720       18.9355    19       20.1428       13.6994 1.18e+08   31.99%
 4959580 2471335       16.3743    28       20.1428       13.6994 1.18e+08   31.99%
 4977741 2478929       19.6415    23       20.1428       13.6994 1.19e+08   31.99%
 4995870 2486368       18.4568    34       20.1428       13.6994 1.19e+08   31.99%
 5014373 2494061       19.1628    27       20.1428       13.6994 1.19e+08   31.99%
 5033204 2502020       18.7153    23       20.1428       13.6994 1.20e+08   31.99%
Elapsed real time = 952.17 sec. (tree size = 1063.66 MB, solutions = 62)
Nodefile size = 935.76 MB (458.14 MB after compression)
 5051054 2509379       18.6415    16       20.1428       13.6994 1.20e+08   31.99%
 5069778 2516712       17.0492    22       20.1428       13.7218 1.20e+08   31.88%
 5088629 2524182       15.5279    28       20.1428       13.7317 1.21e+08   31.83%
 5107824 2531796       17.6415    17       20.1428       13.7317 1.21e+08   31.83%
 5126499 2539205       18.7552    20       20.1428       13.7376 1.21e+08   31.80%
 5144424 2546359       18.6994    21       20.1428       13.7574 1.22e+08   31.70%
 5161593 2553697       15.4645    33       20.1428       13.7574 1.22e+08   31.70%
 5178777 2560961       18.2852    32       20.1428       13.7574 1.22e+08   31.70%
 5195816 2568217       18.9448    21       20.1428       13.7574 1.23e+08   31.70%
 5213105 2575500       17.1005    23       20.1428       13.7574 1.23e+08   31.70%
Elapsed real time = 981.12 sec. (tree size = 1095.58 MB, solutions = 62)
Nodefile size = 967.75 MB (473.39 MB after compression)
 5230334 2582920       19.3497    19       20.1428       13.7574 1.24e+08   31.70%
 5247634 2590574       15.8464    38       20.1428       13.7574 1.24e+08   31.70%
 5265342 2598300       18.5213    28       20.1428       13.7574 1.24e+08   31.70%
 5282764 2605972       15.7574    29       20.1428       13.7574 1.25e+08   31.70%
 5300114 2613212       18.6994    27       20.1428       13.7606 1.25e+08   31.68%
 5318225 2621059       15.5858    27       20.1428       13.7639 1.25e+08   31.67%
 5336280 2628948       13.7639    34       20.1428       13.7639 1.26e+08   31.67%
 5354265 2636643       18.5279    37       20.1428       13.7639 1.26e+08   31.67%
 5372519 2644413       15.1137    37       20.1428       13.7639 1.26e+08   31.67%
 5390364 2651935       18.2852    17       20.1428       13.7639 1.27e+08   31.67%
Elapsed real time = 1010.04 sec. (tree size = 1128.85 MB, solutions = 62)
Nodefile size = 1000.75 MB (488.92 MB after compression)
 5407940 2659519       19.1137    35       20.1428       13.7639 1.27e+08   31.67%
 5425448 2666919       17.6415    26       20.1428       13.7639 1.28e+08   31.67%
 5443689 2674744       16.7732    36       20.1428       13.7686 1.28e+08   31.65%
