25 6

0
1 0
2 1 0
3 2 1 0
4 3 2 1 0
1 2 3 4 5 0
2 1 2 3 4 1 0
3 2 1 2 3 2 1 0
4 3 2 1 2 3 2 1 0
5 4 3 2 1 4 3 2 1 0
2 3 4 5 6 1 2 3 4 5 0
3 2 3 4 5 2 1 2 3 4 1 0
4 3 2 3 4 3 2 1 2 3 2 1 0
5 4 3 2 3 2 3 2 1 2 3 2 1 0
6 5 4 3 2 5 4 3 2 1 4 3 2 1 0
3 4 5 6 7 2 3 4 5 6 1 2 3 4 5 0
4 3 4 5 6 3 2 3 4 5 2 1 2 3 4 1 0
5 4 3 4 5 4 3 2 3 4 3 2 1 2 3 2 1 0
6 5 4 3 4 5 4 3 2 3 4 3 2 1 2 3 2 1 0
7 6 5 4 3 6 5 4 3 2 5 4 3 2 1 4 3 2 1 0
4 5 6 7 8 3 4 5 6 7 2 3 4 5 6 1 2 3 4 5 0
5 4 5 6 7 4 3 4 5 6 3 2 3 4 5 2 1 2 3 4 1 0
6 5 4 5 6 5 4 3 4 5 4 3 2 3 4 3 2 1 2 3 2 1 0
7 6 5 4 5 6 5 4 3 4 5 4 3 2 3 4 3 2 1 2 3 2 1 0
8 7 6 5 4 5 6 5 4 3 4 5 4 3 2 3 4 3 2 1 2 3 2 1 0

