
Graph (V,E) with |V|= 24 and diameter = 7

Coordinates: 
vertex 1 : 0 0
vertex 2 : 1.73205 0
vertex 3 : -0.866025 0.5
vertex 4 : 0.866025 0.5
vertex 5 : 2.59808 0.5
vertex 6 : -0.866025 1.5
vertex 7 : 0.866025 1.5
vertex 8 : 2.59808 1.5
vertex 9 : -1.73205 2
vertex 10 : 0 2
vertex 11 : 1.73205 2
vertex 12 : 3.4641 2
vertex 13 : -1.73205 3
vertex 14 : 0 3
vertex 15 : 1.73205 3
vertex 16 : 3.4641 3
vertex 17 : -0.866025 3.5
vertex 18 : 0.866025 3.5
vertex 19 : 2.59808 3.5
vertex 20 : -0.866025 4.5
vertex 21 : 0.866025 4.5
vertex 22 : 2.59808 4.5
vertex 23 : 0 5
vertex 24 : 1.73205 5

Distances: 
  0 1.73205   1   1 2.64575 1.73205 1.73205   3 2.64575   2 2.64575   4 3.4641   3 3.4641 4.58258 3.60555 3.60555 4.3589 4.58258 4.58258 5.19615   5 5.2915 
1.73205   0 2.64575   1   1   3 1.73205 1.73205   4 2.64575   2 2.64575 4.58258 3.4641   3 3.4641 4.3589 3.60555 3.60555 5.19615 4.58258 4.58258 5.2915   5 
  1 2.64575   0 1.73205 3.4641   1   2 3.60555 1.73205 1.73205   3 4.58258 2.64575 2.64575 3.60555   5   3 3.4641 4.58258   4 4.3589 5.2915 4.58258 5.19615 
  1   1 1.73205   0 1.73205   2   1   2   3 1.73205 1.73205   3 3.60555 2.64575 2.64575 3.60555 3.4641   3 3.4641 4.3589   4 4.3589 4.58258 4.58258 
2.64575   1 3.4641 1.73205   0 3.60555   2   1 4.58258   3 1.73205 1.73205   5 3.60555 2.64575 2.64575 4.58258 3.4641   3 5.2915 4.3589   4 5.19615 4.58258 
1.73205   3   1   2 3.60555   0 1.73205 3.4641   1   1 2.64575 4.3589 1.73205 1.73205   3 4.58258   2 2.64575   4   3 3.4641 4.58258 3.60555 4.3589 
1.73205 1.73205   2   1   2 1.73205   0 1.73205 2.64575   1   1 2.64575   3 1.73205 1.73205   3 2.64575   2 2.64575 3.4641   3 3.4641 3.60555 3.60555 
  3 1.73205 3.60555   2   1 3.4641 1.73205   0 4.3589 2.64575   1   1 4.58258   3 1.73205 1.73205   4 2.64575   2 4.58258 3.4641   3 4.3589 3.60555 
2.64575   4 1.73205   3 4.58258   1 2.64575 4.3589   0 1.73205 3.4641 5.19615   1   2 3.60555 5.2915 1.73205   3 4.58258 2.64575 3.60555   5 3.4641 4.58258 
  2 2.64575 1.73205 1.73205   3   1   1 2.64575 1.73205   0 1.73205 3.4641   2   1   2 3.60555 1.73205 1.73205   3 2.64575 2.64575 3.60555   3 3.4641 
2.64575   2   3 1.73205 1.73205 2.64575   1   1 3.4641 1.73205   0 1.73205 3.60555   2   1   2   3 1.73205 1.73205 3.60555 2.64575 2.64575 3.4641   3 
  4 2.64575 4.58258   3 1.73205 4.3589 2.64575   1 5.19615 3.4641 1.73205   0 5.2915 3.60555   2   1 4.58258   3 1.73205   5 3.60555 2.64575 4.58258 3.4641 
3.4641 4.58258 2.64575 3.60555   5 1.73205   3 4.58258   1   2 3.60555 5.2915   0 1.73205 3.4641 5.19615   1 2.64575 4.3589 1.73205   3 4.58258 2.64575   4 
  3 3.4641 2.64575 2.64575 3.60555 1.73205 1.73205   3   2   1   2 3.60555 1.73205   0 1.73205 3.4641   1   1 2.64575 1.73205 1.73205   3   2 2.64575 
3.4641   3 3.60555 2.64575 2.64575   3 1.73205 1.73205 3.60555   2   1   2 3.4641 1.73205   0 1.73205 2.64575   1   1   3 1.73205 1.73205 2.64575   2 
4.58258 3.4641   5 3.60555 2.64575 4.58258   3 1.73205 5.2915 3.60555   2   1 5.19615 3.4641 1.73205   0 4.3589 2.64575   1 4.58258   3 1.73205   4 2.64575 
3.60555 4.3589   3 3.4641 4.58258   2 2.64575   4 1.73205 1.73205   3 4.58258   1   1 2.64575 4.3589   0 1.73205 3.4641   1   2 3.60555 1.73205   3 
3.60555 3.60555 3.4641   3 3.4641 2.64575   2 2.64575   3 1.73205 1.73205   3 2.64575   1   1 2.64575 1.73205   0 1.73205   2   1   2 1.73205 1.73205 
4.3589 3.60555 4.58258 3.4641   3   4 2.64575   2 4.58258   3 1.73205 1.73205 4.3589 2.64575   1   1 3.4641 1.73205   0 3.60555   2   1   3 1.73205 
4.58258 5.19615   4 4.3589 5.2915   3 3.4641 4.58258 2.64575 2.64575 3.60555   5 1.73205 1.73205   3 4.58258   1   2 3.60555   0 1.73205 3.4641   1 2.64575 
4.58258 4.58258 4.3589   4 4.3589 3.4641   3 3.4641 3.60555 2.64575 2.64575 3.60555   3 1.73205 1.73205   3   2   1   2 1.73205   0 1.73205   1   1 
5.19615 4.58258 5.2915 4.3589   4 4.58258 3.4641   3   5 3.60555 2.64575 2.64575 4.58258   3 1.73205 1.73205 3.60555   2   1 3.4641 1.73205   0 2.64575   1 
  5 5.2915 4.58258 4.58258 5.19615 3.60555 3.60555 4.3589 3.4641   3 3.4641 4.58258 2.64575   2 2.64575   4 1.73205 1.73205   3   1   1 2.64575   0 1.73205 
5.2915   5 5.19615 4.58258 4.58258 4.3589 3.60555 3.60555 4.58258 3.4641   3 3.4641   4 2.64575   2 2.64575   3 1.73205 1.73205 2.64575   1   1 1.73205   0 
d: 
  4 2.26795   3   3 1.35425 2.26795 2.26795   1 1.35425   2 1.35425   0 0.535898   1 0.535898   0 0.394449 0.394449   0   0   0   0   0   0 
2.26795   4 1.35425   3   3   1 2.26795 2.26795 4.44089e-16 1.35425   2 1.35425   0 0.535898   1 0.535898   0 0.394449 0.394449   0   0   0   0   0 
  3 1.35425   4 2.26795 0.535898   3   2 0.394449 2.26795 2.26795   1   0 1.35425 1.35425 0.394449   0   1 0.535898   0   0   0   0   0   0 
  3   3 2.26795   4 2.26795   2   3   2   1 2.26795 2.26795   1 0.394449 1.35425 1.35425 0.394449 0.535898   1 0.535898   0   0   0   0   0 
1.35425   3 0.535898 2.26795   4 0.394449   2   3   0   1 2.26795 2.26795   0 0.394449 1.35425 1.35425   0 0.535898   1   0   0   0   0   0 
2.26795   1   3   2 0.394449   4 2.26795 0.535898   3   3 1.35425   0 2.26795 2.26795   1   0   2 1.35425 4.44089e-16   1 0.535898   0 0.394449   0 
2.26795 2.26795   2   3   2 2.26795   4 2.26795 1.35425   3   3 1.35425   1 2.26795 2.26795   1 1.35425   2 1.35425 0.535898   1 0.535898 0.394449 0.394449 
  1 2.26795 0.394449   2   3 0.535898 2.26795   4   0 1.35425   3   3   0   1 2.26795 2.26795 4.44089e-16 1.35425   2   0 0.535898   1   0 0.394449 
1.35425 4.44089e-16 2.26795   1   0   3 1.35425   0   4 2.26795 0.535898   0   3   2 0.394449   0 2.26795   1   0 1.35425 0.394449   0 0.535898   0 
  2 1.35425 2.26795 2.26795   1   3   3 1.35425 2.26795   4 2.26795 0.535898   2   3   2 0.394449 2.26795 2.26795   1 1.35425 1.35425 0.394449   1 0.535898 
1.35425   2   1 2.26795 2.26795 1.35425   3   3 0.535898 2.26795   4 2.26795 0.394449   2   3   2   1 2.26795 2.26795 0.394449 1.35425 1.35425 0.535898   1 
  0 1.35425   0   1 2.26795   0 1.35425   3   0 0.535898 2.26795   4   0 0.394449   2   3   0   1 2.26795   0 0.394449 1.35425   0 0.535898 
0.535898   0 1.35425 0.394449   0 2.26795   1   0   3   2 0.394449   0   4 2.26795 0.535898   0   3 1.35425   0 2.26795   1   0 1.35425 4.44089e-16 
  1 0.535898 1.35425 1.35425 0.394449 2.26795 2.26795   1   2   3   2 0.394449 2.26795   4 2.26795 0.535898   3   3 1.35425 2.26795 2.26795   1   2 1.35425 
0.535898   1 0.394449 1.35425 1.35425   1 2.26795 2.26795 0.394449   2   3   2 0.535898 2.26795   4 2.26795 1.35425   3   3   1 2.26795 2.26795 1.35425   2 
  0 0.535898   0 0.394449 1.35425   0   1 2.26795   0 0.394449   2   3   0 0.535898 2.26795   4   0 1.35425   3   0   1 2.26795   0 1.35425 
0.394449   0   1 0.535898   0   2 1.35425 4.44089e-16 2.26795 2.26795   1   0   3   3 1.35425   0   4 2.26795 0.535898   3   2 0.394449 2.26795   1 
0.394449 0.394449 0.535898   1 0.535898 1.35425   2 1.35425   1 2.26795 2.26795   1 1.35425   3   3 1.35425 2.26795   4 2.26795   2   3   2 2.26795 2.26795 
  0 0.394449   0 0.535898   1 4.44089e-16 1.35425   2   0   1 2.26795 2.26795   0 1.35425   3   3 0.535898 2.26795   4 0.394449   2   3   1 2.26795 
  0   0   0   0   0   1 0.535898   0 1.35425 1.35425 0.394449   0 2.26795 2.26795   1   0   3   2 0.394449   4 2.26795 0.535898   3 1.35425 
  0   0   0   0   0 0.535898   1 0.535898 0.394449 1.35425 1.35425 0.394449   1 2.26795 2.26795   1   2   3   2 2.26795   4 2.26795   3   3 
  0   0   0   0   0   0 0.535898   1   0 0.394449 1.35425 1.35425   0   1 2.26795 2.26795 0.394449   2   3 0.535898 2.26795   4 1.35425   3 
  0   0   0   0   0 0.394449 0.394449   0 0.535898   1 0.535898   0 1.35425   2 1.35425   0 2.26795 2.26795   1   3   3 1.35425   4 2.26795 
  0   0   0   0   0   0 0.394449 0.394449   0 0.535898   1 0.535898 4.44089e-16 1.35425   2 1.35425   1 2.26795 2.26795 1.35425   3   3 2.26795   4 

max distance : 3
Lattice 1
UB for lambda 27
Number of variables 301
Tried aggregator 1 time.
MIP Presolve eliminated 25 rows and 1 columns.
Reduced MIP has 576 rows, 301 columns, and 1704 nonzeros.
Reduced MIP has 276 binaries, 0 generals, 0 SOSs, and 0 indicators.
Probing fixed 0 vars, tightened 2 bounds.
Probing time =    0.00 sec.
Tried aggregator 1 time.
Presolve time =    0.00 sec.
Probing time =    0.00 sec.
MIP emphasis: balance optimality and feasibility.
MIP search method: dynamic search.
Parallel mode: deterministic, using up to 4 threads.
Root relaxation solution time =    0.00 sec.

        Nodes                                         Cuts/
   Node  Left     Objective  IInf  Best Integer    Best Bound    ItCnt     Gap

      0     0        3.0000   209                      3.0000      211         
      0     0        3.0000   167                   Cuts: 113      323         
      0     0        3.0000   152                   Cuts: 244      529         
      0     0        3.0000   178                   Cuts: 244      717         
      0     0        3.0000   137                   Cuts: 244      901         
      0     0        3.0000   174                   Cuts: 244     1062         
*     0+    0                           26.8999        3.0000     1062   88.85%
*     0+    0                           24.5525        3.0000     1062   87.78%
      0     2        3.0000   174       24.5525        3.0000     1062   87.78%
Elapsed time =   0.27 sec. (tree size =  0.01 MB, solutions = 2)
*    68+   68                           24.4743        3.0000     3984   87.74%
*   131+  131                           24.4191        3.0000     5117   87.71%
*   207+  207                           23.1747        3.0000     5822   87.05%
*   440+  434                           22.3071        3.0000     7346   86.55%
*   489   464      integral     0       22.2701        3.0000     7809   86.53%
*   492   464      integral     0       22.0884        3.0000     7820   86.42%
*   493+  458                           21.8832        3.0000     7821   86.29%
*   493+  458                           21.6555        3.0000     7821   86.15%
*   853+  783                           21.5858        3.0000    14957   86.10%
*  1087   973      integral     0       21.0247        3.1116    17888   85.20%
*  1155+ 1031                           20.9068        3.1116    18842   85.12%
*  1155+ 1031                           20.6957        3.1116    18842   84.96%
*  1155+ 1031                           20.5772        3.1116    18842   84.88%
*  1155+ 1031                           20.5606        3.1116    18842   84.87%
*  1155+ 1031                           20.5123        3.1116    18842   84.83%
*  1155+ 1031                           20.3473        3.1116    18842   84.71%
   1155  1033       18.1581    18       20.3473        3.1116    18842   84.71%
*  1330  1165      integral     0       20.2444        3.2403    21848   83.99%
*  1748+ 1528                           20.2299        3.3727    27198   83.33%
*  1862  1606      integral     0       20.1747        3.3727    28466   83.28%
*  1865  1605      integral     0       20.1581        3.3727    28471   83.27%
*  1881  1614      integral     0       20.1345        3.3727    28762   83.25%
*  2266  1920      integral     0       20.0884        3.6491    33232   81.83%
   2356  1994        4.3450   113       20.0884        4.3450    36975   78.37%
Elapsed time =   3.24 sec. (tree size =  0.71 MB, solutions = 28)
*  2362+ 1333                           19.8832        4.3450    37370   78.15%
*  2363+  891                           19.6555        4.3450    37462   77.89%
*  2363+  596                           19.3875        4.3450    37462   77.59%
*  3071   707      integral     0       19.2846        5.2679    45290   72.68%
*  3312   752      integral     0       19.2004        5.2679    47728   72.56%
*  4488  1601      integral     0       19.1747        5.8901    62555   69.28%
*  4674+ 1743                           19.1217        6.0000    64775   68.62%
*  4690  1756      integral     0       18.7675        6.0000    64953   68.03%
*  4992  1940      integral     0       18.7192        6.0000    69357   67.95%
*  5009  1948      integral     0       18.6243        6.0000    69562   67.78%
*  5142+ 2016                           18.5841        6.0000    71213   67.71%
*  5158  2026      integral     0       18.1747        6.0000    71526   66.99%
*  7038  3183      integral     0       18.1137        6.6222    97876   63.44%
*  8011  3767      integral     0       17.8923        6.9072   110711   61.40%
* 10989  5586      integral     0       17.8773        7.5359   152582   57.85%
Elapsed time =   7.43 sec. (tree size =  2.71 MB, solutions = 46)
* 11612  5967      integral     0       17.8704        7.5359   162336   57.83%
  17948  9624       17.4260    16       17.8704        8.1581   258902   54.35%
* 19877 10775      integral     0       17.7251        8.2679   288321   53.35%
* 21515+11627                           17.7123        8.2679   310724   53.32%
  25659 14030       16.1581    21       17.7123        8.5359   367357   51.81%
* 28807 15804      integral     0       17.6957        8.6222   412276   51.28%
  35332 19328       11.1581    37       17.6957        8.8901   498030   49.76%
  38071 20815       13.5525    32       17.6957        9.0000   534441   49.14%
* 44196 24113      integral     0       17.6555        9.3542   613829   47.02%
  50605 27576       12.8038    36       17.6555        9.5359   695779   45.99%
  56989 30951        9.6222    44       17.6555        9.6222   776570   45.50%
Elapsed time =  30.72 sec. (tree size = 13.14 MB, solutions = 51)
  63569 34371       13.8038    35       17.6555        9.8038   859797   44.47%
* 65009 35119      integral     0       17.6388        9.8038   878662   44.42%
* 65930 35535      integral     0       17.3816        9.8038   890687   43.60%
* 71335 37767      integral     0       17.3414        9.8038   961047   43.47%
  77629 40984       16.7803    19       17.3414        9.8901  1040340   42.97%
  83940 44058       10.0241    46       17.3414       10.0011  1118748   42.33%
  90359 47191       16.6940    15       17.3414       10.1581  1196463   41.42%
  96726 50123       15.8666    27       17.3414       10.2679  1273088   40.79%
 102976 53283       16.5123    17       17.3414       10.2679  1351096   40.79%
 109249 56404       15.8038    27       17.3414       10.2679  1426873   40.79%
Elapsed time =  52.57 sec. (tree size = 24.44 MB, solutions = 54)
 113073 58116       16.8901    13       17.3414       10.3542  1470288   40.29%
*118028 60354      integral     0       17.0649       10.4260  1527431   38.90%
 124509 61828       15.8901    18       17.0649       10.5359  1605994   38.26%
 130788 64693       15.2208    22       17.0649       10.5359  1680551   38.26%
 137219 67458       12.8038    33       17.0649       10.5359  1758816   38.26%
 143503 70137       13.3307    18       17.0649       10.6222  1836110   37.75%
 150207 73041       10.7679    35       17.0649       10.7489  1910558   37.01%
 157056 76148       16.4260    14       17.0649       10.8038  1986185   36.69%
 163841 78959       14.2208    22       17.0649       10.8784  2066339   36.25%
 170564 81833       16.5290    12       17.0649       10.8901  2145038   36.18%
Elapsed time =  79.42 sec. (tree size = 36.86 MB, solutions = 55)
 177380 84842       13.5359    31       17.0649       10.8901  2222880   36.18%
 184330 87698       12.5874    32       17.0649       10.9378  2300475   35.90%
 190982 90463       13.9294    32       17.0649       11.0000  2379650   35.54%
 197640 93295       13.8038    23       17.0649       11.0718  2452483   35.12%
 204347 96190       16.4260    14       17.0649       11.0718  2524685   35.12%
 211565 98999       13.8901    29       17.0649       11.1581  2601966   34.61%
 218450 101649       16.4277    13       17.0649       11.1581  2680343   34.61%
 225353 104448       12.5790    27       17.0649       11.2058  2759422   34.33%
 232454 107387       15.5123    23       17.0649       11.2679  2835632   33.97%
 239522 110343       11.2679    31       17.0649       11.2679  2912511   33.97%
Elapsed time = 107.68 sec. (tree size = 48.67 MB, solutions = 55)
 246406 113113       11.2679    41       17.0649       11.2679  2993296   33.97%
 253478 115887       14.7012    25       17.0649       11.3366  3070966   33.57%
 260700 118699       17.0166    11       17.0649       11.4086  3147851   33.15%
*263335 119573      integral     0       17.0482       11.4260  3176953   32.98%
 270692 122007       13.1581    30       17.0482       11.5123  3252384   32.47%
 278002 124950       16.4025    16       17.0482       11.5359  3328780   32.33%
 285102 127808       16.0718    16       17.0482       11.5359  3407386   32.33%
 287643 128852       14.8038    26       17.0482       11.5359  3433935   32.33%
*291348 130408      integral     0       17.0333       11.5359  3472668   32.27%
 298567 133102       15.2921    18       17.0333       11.5434  3550031   32.23%
Elapsed time = 131.53 sec. (tree size = 59.76 MB, solutions = 57)
 305947 135649       14.8901    29       17.0333       11.6222  3627510   31.77%
*307391 136096      integral     0       16.9695       11.6222  3642012   31.51%
 314602 138343       15.1581    24       16.9695       11.6222  3720869   31.51%
 321779 141097       15.6940    17       16.9695       11.6388  3795715   31.41%
 329207 143663       15.8038    18       16.9695       11.7085  3872759   31.00%
 336285 146125       14.5123    17       16.9695       11.8038  3945921   30.44%
 343429 148998       13.4260    26       16.9695       11.8038  4018951   30.44%
 350762 151936       15.6940    15       16.9695       11.8038  4095269   30.44%
 357944 154692       16.5796    17       16.9695       11.8038  4171324   30.44%
 365180 157389       14.0718    36       16.9695       11.8038  4248654   30.44%
Elapsed time = 156.01 sec. (tree size = 69.74 MB, solutions = 58)
 372185 160071       11.8038    47       16.9695       11.8038  4325814   30.44%
 379559 162713       15.7803    10       16.9695       11.8754  4400635   30.02%
 382960 164018       15.3012    17       16.9695       11.8901  4435576   29.93%
 390220 166582       14.8901    20       16.9695       11.8901  4510169   29.93%
 397465 169027       16.0502    17       16.9695       11.8901  4588257   29.93%
 404635 171538       16.1581    14       16.9695       11.8901  4664965   29.93%
 411686 174109       14.6699    29       16.9695       11.8901  4744002   29.93%
 418755 176556       15.1983    19       16.9695       11.9303  4820861   29.70%
 426278 179133       13.5986    24       16.9695       11.9764  4894000   29.42%
 433584 181787       15.8038    19       16.9695       11.9810  4969484   29.40%
Elapsed time = 182.86 sec. (tree size = 80.92 MB, solutions = 58)
 440882 184372       15.1536    23       16.9695       12.0166  5046280   29.19%
 448411 186817       14.3397    29       16.9695       12.0718  5120327   28.86%
 455990 189588       15.7342    20       16.9695       12.0718  5195201   28.86%
 463310 192247       14.1581    24       16.9695       12.0718  5272464   28.86%
 470790 195022       15.7803    35       16.9695       12.0718  5347562   28.86%
 478174 197713       14.6940    18       16.9695       12.0718  5421627   28.86%
 485424 200271       12.0718    38       16.9695       12.0718  5500749   28.86%
 492379 202822       16.2846    24       16.9695       12.0718  5574975   28.86%
 499533 205439       14.0718    26       16.9695       12.0718  5650357   28.86%
 527902 215361       13.8038    23       16.9695       12.1581  5946466   28.35%
Elapsed time = 217.45 sec. (tree size = 96.17 MB, solutions = 58)
 557670 225408       14.5359    21       16.9695       12.2444  6240830   27.84%
*569716 229465      integral     0       16.9636       12.2444  6367054   27.82%
 585749 234893       16.1345    26       16.9636       12.2679  6533079   27.68%
 615078 244454       14.6077    17       16.9636       12.3397  6837334   27.26%
 645016 253837       14.8205    25       16.9636       12.4260  7136027   26.75%
 675131 263500       16.0649    12       16.9636       12.4662  7433542   26.51%
 704861 272598        cutoff             16.9636       12.5123  7737917   26.24%
 734418 282401       15.2846    16       16.9636       12.5359  8040281   26.10%
 762880 291895       14.9764    16       16.9636       12.5359  8331734   26.10%
 790938 301278       15.8038    18       16.9636       12.5359  8627802   26.10%
Elapsed time = 314.84 sec. (tree size = 135.65 MB, solutions = 59)
Nodefile size =  7.96 MB (4.42 MB after compression)
 818444 310485       15.2444    18       16.9636       12.5359  8924087   26.10%
 847166 319597       16.7251    15       16.9636       12.5986  9213977   25.73%
*855553 322125      integral     0       16.9487       12.5991  9295432   25.66%
 875417 327998       14.2444    20       16.9487       12.6222  9492410   25.53%
 904176 336193       15.9303    19       16.9487       12.6624  9785542   25.29%
 933737 344817       12.6940    33       16.9487       12.6940 10072060   25.10%
 963092 352551       13.4378    27       16.9487       12.8038 10355418   24.46%
 991941 361500       14.8901    20       16.9487       12.8038 10640063   24.46%
 1020157 369828       15.0718    21       16.9487       12.8038 10932696   24.46%
 1048107 378330       12.8671    32       16.9487       12.8038 11222778   24.46%
Elapsed time = 411.41 sec. (tree size = 168.40 MB, solutions = 60)
Nodefile size = 40.94 MB (21.80 MB after compression)
 1076148 386446       12.8671    35       16.9487       12.8038 11523998   24.46%
 1104661 394368       13.7803    23       16.9487       12.8470 11812818   24.20%
 1134205 402567       15.8038    25       16.9487       12.8901 12101265   23.95%
 1163117 411227       15.5986    21       16.9487       12.8901 12391339   23.95%
 1192377 419722       15.5986    21       16.9487       12.8901 12687143   23.95%
 1221824 427046       15.5525    22       16.9487       12.9303 12972570   23.71%
 1251626 434340       15.5986    15       16.9487       12.9737 13253546   23.45%
 1280806 442608       12.9764    30       16.9487       12.9764 13546412   23.44%
 1309635 450568       14.9764    22       16.9487       13.0000 13833141   23.30%
 1339165 457931       16.0097    13       16.9487       13.0392 14120525   23.07%
Elapsed time = 517.27 sec. (tree size = 202.25 MB, solutions = 60)
Nodefile size = 74.93 MB (39.22 MB after compression)
 1369092 465359       14.0718    25       16.9487       13.0718 14407192   22.87%
 1398526 473182       14.1149    30       16.9487       13.0718 14696738   22.87%
 1427120 480688       15.4025    16       16.9487       13.0718 14985502   22.87%
 1455100 488036    infeasible             16.9487       13.0718 15279230   22.87%
 1484175 494743       16.3071    15       16.9487       13.1198 15567074   22.59%
 1513322 501628       14.1581    27       16.9487       13.1581 15847325   22.37%
 1541598 509221       14.8901    24       16.9487       13.1581 16130425   22.37%
 1570595 517030       16.1747    10       16.9487       13.1581 16418499   22.37%
 1599574 524721       15.4572    12       16.9487       13.1581 16707143   22.37%
*1621872 530658      integral     0       16.9175       13.1581 16934323   22.22%
Elapsed time = 621.30 sec. (tree size = 233.35 MB, solutions = 60)
Nodefile size = 105.93 MB (54.77 MB after compression)
 1640240 535463       15.2846    20       16.9175       13.1581 17124358   22.22%
 1668769 542952       15.4260    23       16.9175       13.1581 17416279   22.22%
 1697334 550374       15.1699    25       16.9175       13.1699 17710318   22.15%
 1726198 556327       13.2130    26       16.9175       13.2130 17987619   21.90%
 1754923 562769       15.3901    22       16.9175       13.2444 18265455   21.71%
 1783369 569675       13.2444    28       16.9175       13.2444 18554524   21.71%
 1811513 576327       15.2610    18       16.9175       13.2444 18848870   21.71%
 1840329 583204    infeasible             16.9175       13.2679 19137597   21.57%
 1868736 590629       14.3152    29       16.9175       13.2679 19424914   21.57%
 1896838 598063       15.5359    25       16.9175       13.2679 19716153   21.57%
Elapsed time = 726.52 sec. (tree size = 262.50 MB, solutions = 61)
Nodefile size = 134.92 MB (69.03 MB after compression)
 1926260 604307       15.5525    17       16.9175       13.3015 20002656   21.37%
*1935185 606187      integral     0       16.8773       13.3071 20089610   21.15%
 1948835 608912       15.9534    16       16.8773       13.3277 20218830   21.03%
 1977633 615463       15.4170    18       16.8773       13.3307 20499300   21.01%
 2007418 621789       13.3397    21       16.8773       13.3397 20784828   20.96%
*2018251 624159      integral     0       16.6243       13.3397 20894954   19.76%
 2043366 623546       13.3542    31       16.6243       13.3542 21141387   19.67%
 2074205 627208       14.0794    19       16.6243       13.4170 21429198   19.29%
 2104486 632157       15.5123    22       16.6243       13.4260 21714212   19.24%
 2134361 636812       13.8205    21       16.6243       13.4260 22005913   19.24%
Elapsed time = 816.98 sec. (tree size = 279.38 MB, solutions = 63)
Nodefile size = 151.93 MB (77.31 MB after compression)
 2164070 641760       15.0718    21       16.6243       13.4260 22296277   19.24%
 2193630 646850       13.4260    24       16.6243       13.4260 22588724   19.24%
 2224251 651155       14.5525    19       16.6243       13.4662 22875001   19.00%
 2255156 655052       15.1747    18       16.6243       13.5123 23157183   18.72%
 2285135 660091       13.5123    25       16.6243       13.5123 23443155   18.72%
 2315355 664912       15.3473    19       16.6243       13.5123 23733843   18.72%
 2345757 669317       15.5123    12       16.6243       13.5359 24021373   18.58%
 2375573 674636       15.0718    21       16.6243       13.5359 24308538   18.58%
 2404923 679933       14.2846    16       16.6243       13.5359 24599589   18.58%
 2434727 685280       16.5525    12       16.6243       13.5359 24886961   18.58%
Elapsed time = 924.83 sec. (tree size = 300.45 MB, solutions = 63)
Nodefile size = 172.92 MB (87.84 MB after compression)
 2463534 690629       16.2679    15       16.6243       13.5359 25172333   18.58%
 2492069 695853       14.1581    29       16.6243       13.5359 25460027   18.58%
 2520562 701120       14.6699    22       16.6243       13.5359 25746174   18.58%
 2549172 706801       15.8666    27       16.6243       13.5359 26034831   18.58%
 2578905 710782       15.3012    20       16.6243       13.5525 26322752   18.48%
 2609657 714438       15.2846    20       16.6243       13.5790 26597919   18.32%
 2640031 718761       15.2444    18       16.6243       13.5986 26873908   18.20%
 2669489 723550    infeasible             16.6243       13.5986 27157350   18.20%
 2699206 728191       13.5986    34       16.6243       13.5986 27441160   18.20%
 2730299 731749       14.5673    20       16.6243       13.6222 27720994   18.06%
Elapsed time = 1032.34 sec. (tree size = 320.72 MB, solutions = 63)
Nodefile size = 192.92 MB (97.70 MB after compression)
 2759850 736755       15.9529    19       16.6243       13.6222 28009730   18.06%
 2789177 741698       15.1225    22       16.6243       13.6222 28293960   18.06%
 2818604 746740       15.9764    23       16.6243       13.6222 28579769   18.06%
 2848985 750657       14.0244    22       16.6243       13.6388 28860605   17.96%
 2880150 753649       14.8068    28       16.6243       13.6624 29144564   17.82%
 2910155 756919       14.4499    20       16.6243       13.6849 29409897   17.68%
 2940309 760043       15.3397    13       16.6243       13.6940 29688428   17.63%
 2970862 763015       14.7803    20       16.6243       13.6940 29974211   17.63%
 3001475 766277       13.7224    25       16.6243       13.7218 30256440   17.46%
 3033079 768450       14.1348    22       16.6243       13.7527 30533022   17.27%
Elapsed time = 1140.58 sec. (tree size = 336.98 MB, solutions = 63)
Nodefile size = 208.91 MB (105.64 MB after compression)
 3064063 771427       14.6940    20       16.6243       13.7803 30807895   17.11%
 3094592 775390    infeasible             16.6243       13.7803 31091559   17.11%
 3125014 779013       15.4260    26       16.6243       13.7803 31377908   17.11%
 3156072 782393    infeasible             16.6243       13.8038 31653252   16.97%
 3186729 786709       14.7444    19       16.6243       13.8038 31931135   16.97%
 3217068 790938       15.5123    19       16.6243       13.8038 32211763   16.97%
 3247214 794979       15.1581    16       16.6243       13.8038 32489956   16.97%
 3277474 799106       14.5986    22       16.6243       13.8038 32768022   16.97%
 3307377 803434       16.0718    16       16.6243       13.8038 33047264   16.97%
 3337200 807738       14.5123    13       16.6243       13.8038 33331933   16.97%
Elapsed time = 1248.42 sec. (tree size = 354.29 MB, solutions = 63)
Nodefile size = 226.91 MB (114.42 MB after compression)
 3366686 812009       15.5290    19       16.6243       13.8114 33613545   16.92%
 3397474 813899       15.8666    10       16.6243       13.8307 33891962   16.80%
 3428899 816896       14.9764    21       16.6243       13.8666 34166547   16.59%
 3459598 820609       15.4888    15       16.6243       13.8666 34444007   16.59%
 3489907 824097       16.4025    18       16.6243       13.8666 34721048   16.59%
 3521469 827002       15.0718    19       16.6243       13.8901 34995763   16.45%
 3551521 831318       15.8481    16       16.6243       13.8901 35275980   16.45%
 3581458 835253       15.9529    12       16.6243       13.8901 35559916   16.45%
 3611374 839217       13.8901    23       16.6243       13.8901 35842972   16.45%
 3641082 843300       15.1581    18       16.6243       13.8901 36130802   16.45%
Elapsed time = 1356.35 sec. (tree size = 370.01 MB, solutions = 63)
Nodefile size = 241.90 MB (121.84 MB after compression)
 3670755 847495       13.8901    26       16.6243       13.8901 36414215   16.45%
 3700279 851491       14.8901    16       16.6243       13.8901 36698774   16.45%
 3729947 855702       14.7012    24       16.6243       13.8901 36979320   16.45%
 3759265 860225       15.3307    15       16.6243       13.8901 37263578   16.45%
 3789053 864140       14.5690    23       16.6243       13.9053 37547637   16.36%
 3820800 866093       13.9215    22       16.6243       13.9203 37824339   16.27%
 3852112 868385       14.6699    24       16.6243       13.9303 38102389   16.21%
 3883414 870964       13.9529    34       16.6243       13.9529 38379881   16.07%
 3914190 874193       15.2214    28       16.6243       13.9534 38660433   16.07%
 3945964 876216       15.2602    18       16.6243       13.9764 38939426   15.93%
Elapsed time = 1464.40 sec. (tree size = 384.57 MB, solutions = 63)
Nodefile size = 256.90 MB (129.25 MB after compression)
 3975909 879581       14.6388    21       16.6243       13.9764 39222502   15.93%
 4006092 882993       16.5525    13       16.6243       13.9764 39510121   15.93%
 4035591 886443       13.9764    25       16.6243       13.9764 39798170   15.93%
 4068082 888479       15.6768    15       16.6243       13.9931 40073560   15.83%
 4098040 891696       14.3111    33       16.6243       14.0000 40353480   15.79%
 4129569 893951       14.0166    23       16.6243       14.0166 40633724   15.69%
 4161249 895789       16.3328    15       16.6243       14.0392 40907820   15.55%
 4192855 897566       14.7106    18       16.6243       14.0482 41192368   15.50%
 4224848 899442       15.1967    24       16.6243       14.0627 41472996   15.41%
 4256537 901906       15.6077    29       16.6243       14.0718 41749488   15.35%
Elapsed time = 1572.75 sec. (tree size = 395.97 MB, solutions = 63)
Nodefile size = 267.90 MB (134.85 MB after compression)
 4287119 904813       14.0718    23       16.6243       14.0718 42025295   15.35%
 4317650 907785       15.3397    19       16.6243       14.0718 42304463   15.35%
 4348076 910749       14.0718    15       16.6243       14.0718 42588644   15.35%
 4378276 913903       15.3397    23       16.6243       14.0718 42869121   15.35%
 4408234 916920       15.5841    13       16.6243       14.0718 43156810   15.35%
 4438609 920074       14.0794    16       16.6243       14.0790 43440123   15.31%
 4470874 921566       14.0960    21       16.6243       14.0913 43708053   15.24%
 4503881 922643       14.1340    28       16.6243       14.1340 43970800   14.98%
 4535925 924468       14.1978    27       16.6243       14.1345 44245666   14.98%
 4568164 926450       15.2012    18       16.6243       14.1581 44513529   14.84%
Elapsed time = 1681.26 sec. (tree size = 406.79 MB, solutions = 63)
Nodefile size = 278.90 MB (140.47 MB after compression)
 4598594 929525       14.4260    28       16.6243       14.1581 44789947   14.84%
 4629529 932628       15.1581    22       16.6243       14.1581 45066258   14.84%
 4660377 935695       14.1581    19       16.6243       14.1581 45345566   14.84%
 4691020 938631       14.8038    20       16.6243       14.1581 45622573   14.84%
 4721312 941638       14.1581    23       16.6243       14.1581 45900345   14.84%
 4751527 944537       14.1581    21       16.6243       14.1581 46178704   14.84%
 4781606 947506       16.3709    13       16.6243       14.1581 46456893   14.84%
 4812121 950568       14.6581    22       16.6243       14.1581 46738804   14.84%
 4842658 953496       15.4260    17       16.6243       14.1581 47017631   14.84%
 4872130 956561       15.6388    18       16.6243       14.1581 47294791   14.84%
Elapsed time = 1789.14 sec. (tree size = 420.25 MB, solutions = 63)
Nodefile size = 292.89 MB (147.49 MB after compression)
 4902115 959560       15.5123    17       16.6243       14.1581 47570414   14.84%
 4931962 962738       15.7803    17       16.6243       14.1581 47848010   14.84%
 4962094 966002       15.6940    19       16.6243       14.1581 48126713   14.84%
 4992049 969207       14.1581    23       16.6243       14.1581 48410032   14.84%
 5022369 971975       14.9813    26       16.6243       14.1699 48683611   14.76%
 5055136 972932       14.5986    21       16.6243       14.1849 48954023   14.67%
 5087952 973577       15.0094    23       16.6243       14.1983 49223639   14.59%
 5120541 974277       14.8666    19       16.6243       14.2208 49488083   14.46%
 5151699 976504       14.9068    14       16.6243       14.2208 49760719   14.46%
 5183340 978756       14.2213    26       16.6243       14.2213 50030692   14.45%
Elapsed time = 1897.26 sec. (tree size = 430.30 MB, solutions = 63)
Nodefile size = 302.89 MB (152.51 MB after compression)
 5215829 980140       14.2444    19       16.6243       14.2444 50301509   14.32%
 5246132 982952       15.2444    14       16.6243       14.2444 50576979   14.32%
 5276875 985541       16.3875    12       16.6243       14.2444 50857072   14.32%
 5307650 988057       14.7803    22       16.6243       14.2444 51135216   14.32%
 5338619 990278       14.5986    19       16.6243       14.2444 51414144   14.32%
 5369420 992549        cutoff             16.6243       14.2444 51694429   14.32%
 5400030 995009       15.9260    17       16.6243       14.2444 51970108   14.32%
 5431130 997452       14.2679    22       16.6243       14.2444 52248216   14.32%
 5461996 1000037       15.4260    16       16.6243       14.2486 52525811   14.29%
 5495328 1000160       14.2610    27       16.6243       14.2610 52789641   14.22%
Elapsed time = 2005.39 sec. (tree size = 439.99 MB, solutions = 63)
Nodefile size = 311.89 MB (157.11 MB after compression)
 5526606 1002057       15.0166    15       16.6243       14.2679 53064609   14.17%
 5556661 1004865       15.5359    17       16.6243       14.2679 53339126   14.17%
 5586817 1007875       14.6624    23       16.6243       14.2679 53621063   14.17%
 5616489 1011107       15.0790    36       16.6243       14.2679 53907375   14.17%
 5647595 1011576       15.2846    20       16.6243       14.2846 54166694   14.07%
 5679373 1012282       15.2846    16       16.6243       14.2846 54440999   14.07%
 5711574 1013215       15.5525    13       16.6243       14.2921 54713325   14.03%
 5744172 1013654       14.3111    27       16.6243       14.3111 54975150   13.91%
 5776970 1014209        cutoff             16.6243       14.3189 55243571   13.87%
 5808757 1015422       14.3307    18       16.6243       14.3307 55516846   13.80%
Elapsed time = 2114.53 sec. (tree size = 446.95 MB, solutions = 63)
Nodefile size = 318.89 MB (160.72 MB after compression)
 5839568 1017006       14.3307    24       16.6243       14.3307 55791224   13.80%
 5870461 1018889       15.3313    16       16.6243       14.3313 56067823   13.79%
 5902234 1020666       14.3397    19       16.6243       14.3397 56331316   13.74%
 5932850 1022531       15.4260    17       16.6243       14.3397 56605688   13.74%
 5963663 1024204       15.4025    18       16.6243       14.3397 56879843   13.74%
 5993805 1026121       15.7803    18       16.6243       14.3397 57155880   13.74%
 6025132 1027513       15.2610    18       16.6243       14.3473 57429748   13.70%
 6057602 1028485       14.7085    19       16.6243       14.3542 57696799   13.66%
 6088635 1030050       14.3621    17       16.6243       14.3620 57968211   13.61%
 6121058 1030152       14.3709    23       16.6243       14.3709 58246172   13.56%
Elapsed time = 2223.22 sec. (tree size = 453.71 MB, solutions = 63)
Nodefile size = 325.89 MB (164.43 MB after compression)
 6154829 1029167       14.9931    23       16.6243       14.4025 58510514   13.37%
 6188031 1028951       15.4260    19       16.6243       14.4260 58786228   13.22%
 6218999 1030982       14.9619    19       16.6243       14.4260 59062291   13.22%
 6250305 1032427       15.5123    18       16.6243       14.4260 59348821   13.22%
 6281556 1033819       14.4260    21       16.6243       14.4260 59628973   13.22%
 6312362 1035204       15.5525    18       16.6243       14.4260 59912712   13.22%
 6343611 1036936       15.9068    16       16.6243       14.4260 60198403   13.22%
 6374561 1038663       15.4025    22       16.6243       14.4260 60481931   13.22%
 6405876 1040028       15.1345    16       16.6243       14.4336 60759724   13.18%
 6440135 1038876       16.0794    11       16.6243       14.4572 61024829   13.04%
Elapsed time = 2333.04 sec. (tree size = 457.90 MB, solutions = 63)
Nodefile size = 330.89 MB (167.07 MB after compression)
 6473231 1037869       15.4260    19       16.6243       14.4662 61304702   12.98%
 6506806 1037140       14.4888    24       16.6243       14.4888 61577957   12.85%
 6539766 1037209       14.9068    18       16.6243       14.5123 61853805   12.70%
 6571241 1038765       15.9931    14       16.6243       14.5123 62135095   12.70%
 6602787 1039828       15.0482    21       16.6243       14.5123 62420085   12.70%
 6634083 1041028    infeasible             16.6243       14.5123 62700356   12.70%
 6665517 1042395       15.6388    17       16.6243       14.5123 62987090   12.70%
 6696819 1043872       16.4115    18       16.6243       14.5123 63264758   12.70%
 6728150 1045328       14.5123    21       16.6243       14.5123 63545326   12.70%
 6759313 1046724       15.2208    24       16.6243       14.5123 63825849   12.70%
Elapsed time = 2442.84 sec. (tree size = 461.64 MB, solutions = 63)
Nodefile size = 333.89 MB (168.68 MB after compression)
 6789605 1048082       16.5296    11       16.6243       14.5123 64100029   12.70%
 6820850 1049615    infeasible             16.6243       14.5123 64376015   12.70%
 6853123 1050100       16.0649    17       16.6243       14.5290 64645778   12.60%
 6885809 1050132       14.6624    21       16.6243       14.5359 64916261   12.56%
 6917187 1051349       14.8901    19       16.6243       14.5359 65200378   12.56%
 6948105 1053018       14.5359    21       16.6243       14.5359 65475339   12.56%
 6978899 1054528       15.5525    17       16.6243       14.5359 65755641   12.56%
 7009957 1056092       15.5359    20       16.6243       14.5359 66038799   12.56%
 7040466 1057855       14.8901    17       16.6243       14.5359 66323096   12.56%
 7070950 1059811       15.6077    22       16.6243       14.5359 66607133   12.56%
Elapsed time = 2552.00 sec. (tree size = 467.66 MB, solutions = 63)
Nodefile size = 339.88 MB (171.82 MB after compression)
 7102344 1060624       14.5525    19       16.6243       14.5525 66887427   12.46%
 7135260 1060141       15.5525    15       16.6243       14.5525 67165791   12.46%
 7167653 1060045       14.5525    28       16.6243       14.5525 67450243   12.46%
 7201595 1058861       14.5790    22       16.6243       14.5790 67717950   12.30%
 7235124 1057902       14.5986    26       16.6243       14.5986 67992972   12.19%
 7267314 1058151       15.3473    13       16.6243       14.5986 68276658   12.19%
 7299106 1058279       14.7875    17       16.6243       14.5986 68562911   12.19%
 7330767 1058517       16.1747     9       16.6243       14.5986 68847114   12.19%
 7362481 1058865       15.0986    23       16.6243       14.5986 69131422   12.19%
 7394760 1058523       14.6077    22       16.6243       14.6077 69417152   12.13%
Elapsed time = 2662.81 sec. (tree size = 467.45 MB, solutions = 63)
Nodefile size = 340.88 MB (172.34 MB after compression)
 7428397 1056719       15.5525    16       16.6243       14.6158 69690377   12.08%
 7460130 1057535       15.0166    18       16.6243       14.6222 69977133   12.04%
 7491629 1058587       14.8923    19       16.6243       14.6222 70260364   12.04%
 7523204 1059846       15.3307    13       16.6243       14.6222 70546400   12.04%
 7554269 1061170       14.6222    24       16.6243       14.6222 70834270   12.04%
 7584868 1062697       14.9764    21       16.6243       14.6222 71116097   12.04%
 7615384 1064520       14.6222    23       16.6243       14.6222 71401301   12.04%
 7649002 1063300       14.6388    14       16.6243       14.6388 71669102   11.94%
 7683156 1061502       15.2610    20       16.6243       14.6388 71942188   11.94%
 7718207 1058787       14.6615    19       16.6243       14.6614 72204204   11.81%
Elapsed time = 2773.24 sec. (tree size = 467.92 MB, solutions = 63)
Nodefile size = 342.88 MB (173.41 MB after compression)
 7753047 1055929       15.5290    20       16.6243       14.6849 72470871   11.67%
 7786486 1055003    infeasible             16.6243       14.6849 72745826   11.67%
 7819679 1054002       15.6555    14       16.6243       14.6940 73025186   11.61%
 7852624 1052902       14.6940    21       16.6243       14.6940 73313201   11.61%
 7883150 1052163       15.7803    16       16.6243       14.6940 73583937   11.61%
 7915731 1050349       14.7487    20       16.6243       14.7079 73852982   11.53%
 7948001 1049580       14.8677    15       16.6243       14.7106 74122235   11.51%
 7980629 1047192       15.0794    18       16.6243       14.7251 74370790   11.42%
 8015267 1043303        cutoff             16.6243       14.7487 74634237   11.28%
 8049417 1040103       15.2208    15       16.6243       14.7803 74889534   11.09%
Elapsed time = 2884.25 sec. (tree size = 459.99 MB, solutions = 63)
Nodefile size = 332.84 MB (169.36 MB after compression)
 8081924 1039511       15.8666    14       16.6243       14.7803 75164202   11.09%
 8113678 1039209       14.7803    17       16.6243       14.7803 75433208   11.09%
 8144857 1038527       14.7803    18       16.6243       14.7803 75696781   11.09%
 8175607 1037854       15.3234    21       16.6243       14.7803 75964661   11.09%
 8207742 1037366       15.5986    14       16.6243       14.7803 76240183   11.09%
 8237260 1036813       14.7803    26       16.6243       14.7803 76492781   11.09%
 8269034 1036151       16.0884    12       16.6243       14.7803 76770212   11.09%
 8300743 1033758       14.8038    15       16.6243       14.8038 77015008   10.95%
 8331867 1033732    infeasible             16.6243       14.8038 77279314   10.95%
 8364160 1033614       15.2444    20       16.6243       14.8038 77550694   10.95%
Elapsed time = 2992.42 sec. (tree size = 457.42 MB, solutions = 63)
Nodefile size = 329.80 MB (169.11 MB after compression)
 8396307 1033513       14.8038    21       16.6243       14.8038 77827850   10.95%
 8428344 1033556       15.5123    22       16.6243       14.8038 78099496   10.95%
 8459800 1034383       14.8038    21       16.6243       14.8038 78381020   10.95%
 8490256 1035227       14.8038    23       16.6243       14.8038 78650007   10.95%
 8521297 1035882       14.9810    24       16.6243       14.8038 78929558   10.95%
 8552069 1036615       14.8038    27       16.6243       14.8038 79207242   10.95%
 8584098 1036455       15.1720    21       16.6243       14.8162 79473793   10.88%
 8618453 1033998       14.8205    20       16.6243       14.8205 79730105   10.85%
 8653110 1030868       15.3397    26       16.6243       14.8397 79987752   10.73%
 8686258 1028261       15.9234    15       16.6243       14.8666 80236323   10.57%
Elapsed time = 3101.97 sec. (tree size = 455.38 MB, solutions = 63)
Nodefile size = 327.77 MB (168.78 MB after compression)
 8718495 1027282       15.2444    14       16.6243       14.8666 80494343   10.57%
 8750777 1026321       15.4025    18       16.6243       14.8666 80756596   10.57%
 8783005 1025360       16.0482    16       16.6243       14.8666 81021981   10.57%
 8815645 1024055       15.9068    14       16.6243       14.8666 81293404   10.57%
 8850996 1020036       15.5123    21       16.6243       14.8901 81543378   10.43%
 8881393 1019427       14.8901    14       16.6243       14.8901 81803006   10.43%
 8914061 1018631       15.2846    12       16.6243       14.8901 82077662   10.43%
 8946927 1017714       16.2444    19       16.6243       14.8901 82355149   10.43%
 8979602 1017079       14.8901    24       16.6243       14.8901 82635263   10.43%
 9012056 1016661       15.0673    21       16.6243       14.8901 82911583   10.43%
Elapsed time = 3211.61 sec. (tree size = 450.55 MB, solutions = 63)
Nodefile size = 322.75 MB (167.03 MB after compression)
 9044324 1016314       15.9529    18       16.6243       14.8901 83188231   10.43%
 9076072 1016204       15.5123    17       16.6243       14.8901 83466741   10.43%
 9108158 1016203       15.5525    16       16.6243       14.8901 83743973   10.43%
 9139865 1016306       15.3784    24       16.6243       14.8901 84019436   10.43%
 9171133 1016737       14.8901    21       16.6243       14.8901 84296406   10.43%
 9204933 1014540       14.9068    20       16.6243       14.9068 84555260   10.33%
 9240307 1011079       15.4427    17       16.6243       14.9068 84819740   10.33%
 9275608 1007894       14.9702    26       16.6243       14.9068 85086965   10.33%
 9311629 1003690       15.2846    20       16.6243       14.9303 85350879   10.19%
 9348079 998646       14.9529    20       16.6243       14.9529 85615720   10.05%
Elapsed time = 3322.68 sec. (tree size = 442.94 MB, solutions = 63)
Nodefile size = 316.73 MB (164.23 MB after compression)
 9382546 996771       14.9529    19       16.6243       14.9529 85879852   10.05%
 9417297 994305       14.9529    23       16.6243       14.9529 86148229   10.05%
 9451727 992279       15.4427    19       16.6243       14.9619 86415991   10.00%
 9485352 990724       15.6077    11       16.6243       14.9619 86691976   10.00%
 9519503 987717       15.6388    14       16.6243       14.9764 86956319    9.91%
 9553376 985696       14.9764    18       16.6243       14.9764 87227042    9.91%
 9587488 983539    infeasible             16.6243       14.9764 87497718    9.91%
 9621614 981389       14.9764    17       16.6243       14.9764 87769440    9.91%
 9655354 979590    infeasible             16.6243       14.9764 88043109    9.91%
 9690623 976107       14.9931    14       16.6243       14.9931 88307232    9.81%
Elapsed time = 3434.01 sec. (tree size = 433.30 MB, solutions = 63)
Nodefile size = 306.73 MB (159.31 MB after compression)
 9726647 971899       15.4931    16       16.6243       14.9931 88568306    9.81%
 9759530 970735       15.3542    23       16.6243       15.0000 88844611    9.77%
 9796042 964612       15.0176    18       16.6243       15.0170 89112962    9.67%
 9833086 958822       15.0482    14       16.6243       15.0482 89371623    9.48%
 9868566 954932       16.1345    15       16.6243       15.0482 89639271    9.48%
 9904164 949964       15.5986    20       16.6243       15.0627 89911855    9.39%
 9939034 946393       15.0718    18       16.6243       15.0718 90182615    9.34%
 9973370 943346       15.1983    15       16.6243       15.0718 90463157    9.34%
 10006960 940663       15.7803    13       16.6243       15.0718 90740334    9.34%
 10039693 938383    infeasible             16.6243       15.0718 91017755    9.34%
Elapsed time = 3546.59 sec. (tree size = 416.99 MB, solutions = 63)
Nodefile size = 289.73 MB (150.93 MB after compression)
 10071707 936989       15.5263    25       16.6243       15.0718 91299308    9.34%
 10106799 933371       15.0794    17       16.6243       15.0794 91558304    9.29%
 10143454 927687       15.0960    15       16.6243       15.0957 91823168    9.20%
 10180638 920543       15.1345    21       16.6243       15.1345 92069545    8.96%
 10216422 916040       15.1345    14       16.6243       15.1345 92340781    8.96%
 10252887 910452       15.1512     9       16.6243       15.1512 92603327    8.86%
 10287924 906906       15.2610    21       16.6243       15.1581 92871686    8.82%
 10320894 903940       15.7012    24       16.6243       15.1581 93132476    8.82%
 10353956 900827       15.1581    17       16.6243       15.1581 93387589    8.82%
 10388039 897556       15.2846    20       16.6243       15.1581 93649640    8.82%
Elapsed time = 3658.77 sec. (tree size = 399.37 MB, solutions = 63)
Nodefile size = 272.71 MB (143.01 MB after compression)
 10421768 894071       15.1581    18       16.6243       15.1581 93912500    8.82%
 10456544 890832       15.5123    18       16.6243       15.1581 94183832    8.82%
 10491098 887818       15.5986    20       16.6243       15.1581 94458028    8.82%
 10525827 884726       15.1581    19       16.6243       15.1581 94731540    8.82%
 10560213 882015       15.1581    25       16.6243       15.1581 95006522    8.82%
 10593751 879431       15.8666    18       16.6243       15.1581 95280083    8.82%
 10627679 876803       15.2846    16       16.6243       15.1586 95563662    8.82%
 10665947 869999       15.5290    17       16.6243       15.1747 95813428    8.72%
 10703900 863381       15.4025    24       16.6243       15.1822 96067067    8.67%
 10742334 855252       15.1983    31       16.6243       15.1983 96327370    8.58%
Elapsed time = 3771.25 sec. (tree size = 381.13 MB, solutions = 63)
Nodefile size = 255.71 MB (134.50 MB after compression)
 10780664 848215       15.2208    16       16.6243       15.2208 96576205    8.44%
 10817819 842085       15.5841    13       16.6243       15.2299 96835388    8.39%
 10853556 837105       15.2444    17       16.6243       15.2444 97099830    8.30%
 10888638 833132       15.2668    14       16.6243       15.2444 97369230    8.30%
 10923819 828699       15.5986    13       16.6243       15.2444 97638935    8.30%
 10958889 824329       15.2444    26       16.6243       15.2444 97912831    8.30%
 10994090 819684       16.1747    13       16.6243       15.2444 98190442    8.30%
 11029185 815194       15.2444    27       16.6243       15.2444 98468141    8.30%
 11063688 811546    infeasible             16.6243       15.2444 98745930    8.30%
 11098231 807854       15.2444    23       16.6243       15.2444 99023074    8.30%
Elapsed time = 3884.20 sec. (tree size = 360.79 MB, solutions = 63)
Nodefile size = 246.71 MB (129.92 MB after compression)
 11134452 802643       15.3867    20       16.6243       15.2610 99289132    8.20%
 11173116 795262       15.3875    12       16.6243       15.2610 99529624    8.20%
 11210576 788687       15.6222    18       16.6243       15.2679 99789552    8.16%
 11245177 785384       15.6222    20       16.6243       15.2679 1.00e+08    8.16%
 11280195 781365       15.6388    19       16.6243       15.2846 1.00e+08    8.06%
 11319760 771870       15.2846    16       16.6243       15.2846 1.01e+08    8.06%
 11360088 761582       15.3012    17       16.6243       15.3012 1.01e+08    7.96%
 11399083 753433       15.3162    18       16.6243       15.3162 1.01e+08    7.87%
 11437355 745057       15.3307    12       16.6243       15.3307 1.01e+08    7.78%
 11474687 737803       15.3397    18       16.6243       15.3397 1.02e+08    7.73%
Elapsed time = 3999.31 sec. (tree size = 330.51 MB, solutions = 63)
Nodefile size = 227.71 MB (120.25 MB after compression)
 11511342 732517       15.3397    23       16.6243       15.3397 1.02e+08    7.73%
 11547095 727612       15.3397    15       16.6243       15.3397 1.02e+08    7.73%
 11583062 722564       15.3473    13       16.6243       15.3473 1.02e+08    7.68%
 11622482 713750       15.3542    21       16.6243       15.3542 1.03e+08    7.64%
 11661123 704902       15.3709    17       16.6243       15.3709 1.03e+08    7.54%
 11702766 692559       15.9384    12       16.6243       15.4025 1.03e+08    7.35%
 11741693 684106       16.0392    10       16.6243       15.4132 1.03e+08    7.29%
 11778710 677100       15.9260    21       16.6243       15.4260 1.04e+08    7.21%
 11814995 671229       15.4427    16       16.6243       15.4260 1.04e+08    7.21%
 11850759 665987       15.4260    22       16.6243       15.4260 1.04e+08    7.21%
Elapsed time = 4114.72 sec. (tree size = 299.10 MB, solutions = 63)
Nodefile size = 187.75 MB (99.52 MB after compression)
 11886746 660481       15.4662    14       16.6243       15.4260 1.05e+08    7.21%
 11922179 655555       15.9234    22       16.6243       15.4260 1.05e+08    7.21%
 11957542 650736       15.4260    21       16.6243       15.4260 1.05e+08    7.21%
 11992714 646157    infeasible             16.6243       15.4260 1.05e+08    7.21%
 12033889 635719       15.4427    19       16.6243       15.4427 1.06e+08    7.11%
 12075206 623935       15.4662    20       16.6243       15.4662 1.06e+08    6.97%
 12117281 611937       15.6243    16       16.6243       15.4978 1.06e+08    6.78%
 12154535 604753       15.5123    23       16.6243       15.5123 1.06e+08    6.69%
 12191839 597056       15.5290    14       16.6243       15.5123 1.07e+08    6.69%
 12229321 588896       15.5123    27       16.6243       15.5123 1.07e+08    6.69%
Elapsed time = 4230.57 sec. (tree size = 265.43 MB, solutions = 63)
Nodefile size = 148.78 MB (79.06 MB after compression)
 12266210 581372       15.5123    19       16.6243       15.5123 1.07e+08    6.69%
 12303143 573902       15.5123    21       16.6243       15.5123 1.07e+08    6.69%
 12339646 567075        cutoff             16.6243       15.5123 1.08e+08    6.69%
 12378010 558026    infeasible             16.6243       15.5290 1.08e+08    6.59%
 12418046 547269       15.5359    17       16.6243       15.5359 1.08e+08    6.55%
 12454668 540051       15.5359    19       16.6243       15.5359 1.09e+08    6.55%
 12490009 533942       16.0718    16       16.6243       15.5359 1.09e+08    6.55%
 12527647 525230       15.5525    21       16.6243       15.5525 1.09e+08    6.45%
 12569205 512002       15.9068    18       16.6243       15.5525 1.09e+08    6.45%
 12612860 496188       15.5986    14       16.6243       15.5986 1.10e+08    6.17%
Elapsed time = 4347.55 sec. (tree size = 225.03 MB, solutions = 63)
Nodefile size = 105.85 MB (56.57 MB after compression)
 12653888 482889       15.6187    18       16.6243       15.5986 1.10e+08    6.17%
 12693863 470673       15.6077    18       16.6243       15.6077 1.10e+08    6.12%
 12734628 458231       16.1222    13       16.6243       15.6222 1.10e+08    6.03%
 12771829 449122       15.6222    18       16.6243       15.6222 1.11e+08    6.03%
 12808839 440394       15.6243    18       16.6243       15.6243 1.11e+08    6.02%
 12859582 414132       15.6940    16       16.6243       15.6940 1.11e+08    5.60%
 12909130 388690       15.7418    10       16.6243       15.7418 1.12e+08    5.31%
 12960620 361484       15.7969    15       16.6243       15.7969 1.12e+08    4.98%
 13004055 343281       15.8038    21       16.6243       15.8038 1.12e+08    4.94%
 13056420 314629       15.8666    16       16.6243       15.8666 1.12e+08    4.56%
Elapsed time = 4472.42 sec. (tree size = 146.63 MB, solutions = 63)
Nodefile size = 54.90 MB (29.71 MB after compression)
 13101493 295771       15.8901    16       16.6243       15.8901 1.13e+08    4.42%
 13143274 280553       15.8901    20       16.6243       15.8901 1.13e+08    4.42%
 13195051 252709    infeasible             16.6243       15.9529 1.13e+08    4.04%
 13242613 230351       15.9764    22       16.6243       15.9764 1.13e+08    3.90%
 13295847 199581       16.0649    16       16.6243       16.0649 1.13e+08    3.37%
 13341912 175340       16.5751    15       16.6243       16.1345 1.14e+08    2.95%
 13373664 168429       16.1581    22       16.6243       16.1581 1.14e+08    2.80%
 13413402 149332       16.1747    14       16.6243       16.1747 1.14e+08    2.70%
 13443164 145904       16.5692    12       16.6243       16.2059 1.14e+08    2.52%
 13471789 143979       16.5986    15       16.6243       16.2208 1.14e+08    2.43%
Elapsed time = 4591.62 sec. (tree size = 72.94 MB, solutions = 63)
Nodefile size = 19.95 MB (10.89 MB after compression)
 13499701 142787       16.2299    16       16.6243       16.2299 1.15e+08    2.37%
 13530118 138190       16.2444    17       16.6243       16.2444 1.15e+08    2.29%
 13560435 134539       16.5123    18       16.6243       16.2444 1.15e+08    2.29%
 13591144 129409        cutoff             16.6243       16.2444 1.15e+08    2.29%
 13618569 129476       16.5525    10       16.6243       16.2610 1.16e+08    2.19%
 13647243 127931       16.2610    10       16.6243       16.2610 1.16e+08    2.19%
 13679057 122989       16.2679    21       16.6243       16.2679 1.16e+08    2.14%
 13705513 123051       16.2846    17       16.6243       16.2846 1.16e+08    2.04%
 13733556 122211       16.5525    20       16.6243       16.2846 1.16e+08    2.04%
 13762656 119028       16.3012    13       16.6243       16.3012 1.17e+08    1.94%
Elapsed time = 4690.50 sec. (tree size = 62.18 MB, solutions = 63)
Nodefile size = 11.96 MB (6.55 MB after compression)
 13790226 118348       16.3071    20       16.6243       16.3071 1.17e+08    1.91%
 13817851 117673       16.3162    17       16.6243       16.3162 1.17e+08    1.85%
 13845305 117138       16.3162    12       16.6243       16.3162 1.17e+08    1.85%
 13872731 116672       16.3162    14       16.6243       16.3162 1.17e+08    1.85%
 13900603 115155       16.5510    15       16.6243       16.3307 1.18e+08    1.77%
 13928118 114870       16.3307    17       16.6243       16.3307 1.18e+08    1.77%
 13955813 114210       16.3307    14       16.6243       16.3307 1.18e+08    1.77%
 13984096 112558       16.5359    15       16.6243       16.3397 1.18e+08    1.71%
 14011281 112496       16.3397    19       16.6243       16.3397 1.18e+08    1.71%
 14039482 110504       16.3397    16       16.6243       16.3397 1.19e+08    1.71%
Elapsed time = 4787.44 sec. (tree size = 58.49 MB, solutions = 63)
Nodefile size =  7.97 MB (4.39 MB after compression)
 14065443 111073       16.5123    15       16.6243       16.3397 1.19e+08    1.71%
 14091515 111367       16.3397    16       16.6243       16.3397 1.19e+08    1.71%
 14118107 111042        cutoff             16.6243       16.3397 1.19e+08    1.71%
 14144114 111092       16.3397    13       16.6243       16.3397 1.20e+08    1.71%
 14171967 109882       16.3473    12       16.6243       16.3473 1.20e+08    1.67%
 14200355 107780       16.3542    17       16.6243       16.3542 1.20e+08    1.62%
 14229028 105157       16.3709    16       16.6243       16.3709 1.20e+08    1.52%
 14256702 103870       16.3709    15       16.6243       16.3709 1.20e+08    1.52%
 14285571 101074        cutoff             16.6243       16.3944 1.21e+08    1.38%
 14313403 100331       16.4025    17       16.6243       16.4025 1.21e+08    1.33%
Elapsed time = 4885.07 sec. (tree size = 54.10 MB, solutions = 63)
Nodefile size =  5.97 MB (3.31 MB after compression)
 14341411 99363       16.4025    14       16.6243       16.4025 1.21e+08    1.33%
 14368857 98290       16.4170    13       16.6243       16.4170 1.21e+08    1.25%
 14396170 98003        cutoff             16.6243       16.4260 1.21e+08    1.19%
 14422200 98556       16.4662    15       16.6243       16.4260 1.22e+08    1.19%
 14448423 98692       16.4260    18       16.6243       16.4260 1.22e+08    1.19%
 14474247 98820       16.5200    21       16.6243       16.4260 1.22e+08    1.19%
 14500188 98875        cutoff             16.6243       16.4260 1.22e+08    1.19%
 14526822 98875        cutoff             16.6243       16.4260 1.22e+08    1.19%
 14553670 98671       16.5169    20       16.6243       16.4260 1.23e+08    1.19%
 14580299 98907       16.4260    16       16.6243       16.4260 1.23e+08    1.19%
Elapsed time = 4982.81 sec. (tree size = 53.51 MB, solutions = 63)
Nodefile size =  4.97 MB (2.76 MB after compression)
 14606368 98802       16.5269    15       16.6243       16.4260 1.23e+08    1.19%
 14632751 98768       16.4260    11       16.6243       16.4260 1.23e+08    1.19%
 14659898 98352       16.4260    16       16.6243       16.4260 1.23e+08    1.19%
 14686611 98360       16.4260    12       16.6243       16.4260 1.24e+08    1.19%
 14713496 98102       16.4260    12       16.6243       16.4260 1.24e+08    1.19%
 14740277 98120       16.4260    13       16.6243       16.4260 1.24e+08    1.19%
 14766415 98261       16.4260    20       16.6243       16.4260 1.24e+08    1.19%
 14792474 98491       16.4260    14       16.6243       16.4260 1.25e+08    1.19%
 14818957 98511        cutoff             16.6243       16.4260 1.25e+08    1.19%
 14845376 98498       16.4260    13       16.6243       16.4260 1.25e+08    1.19%
Elapsed time = 5080.22 sec. (tree size = 53.37 MB, solutions = 63)
Nodefile size =  4.97 MB (2.76 MB after compression)
 14872084 98414       16.4260    15       16.6243       16.4260 1.25e+08    1.19%
 14898558 98311       16.4260    21       16.6243       16.4260 1.25e+08    1.19%
 14924186 98386        cutoff             16.6243       16.4260 1.26e+08    1.19%
 14950488 98343        cutoff             16.6243       16.4260 1.26e+08    1.19%
 14976486 98382        cutoff             16.6243       16.4260 1.26e+08    1.19%
 15002996 98376       16.4260    17       16.6243       16.4260 1.26e+08    1.19%
 15030057 97713       16.4260    19       16.6243       16.4260 1.26e+08    1.19%
 15056966 97239       16.4260    13       16.6243       16.4260 1.27e+08    1.19%
 15083240 97377       16.4260    17       16.6243       16.4260 1.27e+08    1.19%
 15109905 96939       16.4260    16       16.6243       16.4260 1.27e+08    1.19%
Elapsed time = 5177.50 sec. (tree size = 52.71 MB, solutions = 63)
Nodefile size =  3.98 MB (2.21 MB after compression)
 15136337 96982       16.4260    19       16.6243       16.4260 1.27e+08    1.19%
 15162473 97126       16.4260    18       16.6243       16.4260 1.28e+08    1.19%
 15189216 96482       16.4260    18       16.6243       16.4260 1.28e+08    1.19%
 15215486 96400       16.5123    15       16.6243       16.4260 1.28e+08    1.19%
 15242145 96120       16.4260    24       16.6243       16.4260 1.28e+08    1.19%
 15268428 95966       16.4260    16       16.6243       16.4260 1.28e+08    1.19%
 15294609 96186       16.4260    19       16.6243       16.4260 1.29e+08    1.19%
 15321260 95944       16.4260    20       16.6243       16.4260 1.29e+08    1.19%
 15349058 94219       16.4400    20       16.6243       16.4400 1.29e+08    1.11%
 15377266 92042       16.4427    14       16.6243       16.4427 1.29e+08    1.09%
Elapsed time = 5274.57 sec. (tree size = 50.61 MB, solutions = 63)
Nodefile size =  3.98 MB (2.21 MB after compression)
 15405011 89803        cutoff             16.6243       16.4539 1.29e+08    1.03%
 15432662 87649        cutoff             16.6243       16.4662 1.30e+08    0.95%
 15459649 86860       16.4662    22       16.6243       16.4662 1.30e+08    0.95%
 15487523 84673       16.4829    11       16.6243       16.4810 1.30e+08    0.86%
 15516173 82277       16.4888    13       16.6243       16.4888 1.30e+08    0.82%
 15543887 81152       16.4888    13       16.6243       16.4888 1.30e+08    0.82%
 15571483 78651       16.5123    21       16.6243       16.5089 1.31e+08    0.69%
 15598857 78002        cutoff             16.6243       16.5123 1.31e+08    0.67%
 15626221 77420       16.5123    15       16.6243       16.5123 1.31e+08    0.67%
 15653288 77233       16.5123    12       16.6243       16.5123 1.31e+08    0.67%
Elapsed time = 5371.60 sec. (tree size = 44.25 MB, solutions = 63)
Nodefile size =  2.98 MB (1.65 MB after compression)
 15680351 76972       16.5123    14       16.6243       16.5123 1.31e+08    0.67%
 15707218 76669       16.5123    20       16.6243       16.5123 1.32e+08    0.67%
 15734378 76109       16.5123    12       16.6243       16.5123 1.32e+08    0.67%
 15762201 74921       16.5123    13       16.6243       16.5123 1.32e+08    0.67%
 15789670 74011       16.5123    18       16.6243       16.5123 1.32e+08    0.67%
 15817124 73139       16.5525     7       16.6243       16.5123 1.32e+08    0.67%
 15844095 73075       16.5123    17       16.6243       16.5123 1.33e+08    0.67%
 15871512 72224       16.5123    13       16.6243       16.5123 1.33e+08    0.67%
 15898848 71260       16.5123    20       16.6243       16.5123 1.33e+08    0.67%
 15925752 70981        cutoff             16.6243       16.5123 1.33e+08    0.67%
Elapsed time = 5467.65 sec. (tree size = 41.58 MB, solutions = 63)
Nodefile size =  2.98 MB (1.65 MB after compression)
 15953114 70169       16.5123    15       16.6243       16.5123 1.33e+08    0.67%
 15980104 69505        cutoff             16.6243       16.5123 1.34e+08    0.67%
 16007406 68879       16.5123    15       16.6243       16.5123 1.34e+08    0.67%
 16034558 68449       16.5123    13       16.6243       16.5123 1.34e+08    0.67%
 16061992 67496       16.5986    10       16.6243       16.5123 1.34e+08    0.67%
 16089087 66981       16.5123    22       16.6243       16.5123 1.35e+08    0.67%
 16116282 66645       16.5708    16       16.6243       16.5123 1.35e+08    0.67%
 16143400 66223       16.5123    20       16.6243       16.5123 1.35e+08    0.67%
 16170482 65898       16.5123    15       16.6243       16.5123 1.35e+08    0.67%
 16197635 65691       16.5986    22       16.6243       16.5123 1.35e+08    0.67%
Elapsed time = 5563.74 sec. (tree size = 39.31 MB, solutions = 63)
Nodefile size =  1.99 MB (1.09 MB after compression)
 16225578 63082       16.5290    18       16.6243       16.5290 1.36e+08    0.57%
 16253638 61228        cutoff             16.6243       16.5290 1.36e+08    0.57%
 16281358 59535       16.5290    18       16.6243       16.5290 1.36e+08    0.57%
 16308579 58682        cutoff             16.6243       16.5290 1.36e+08    0.57%
 16336460 56813       16.5359    20       16.6243       16.5359 1.36e+08    0.53%
 16363596 56410       16.5359    22       16.6243       16.5359 1.37e+08    0.53%
 16390419 56261       16.5359    20       16.6243       16.5359 1.37e+08    0.53%
 16416844 56463       16.5359    17       16.6243       16.5359 1.37e+08    0.53%
 16443846 56237       16.5359    18       16.6243       16.5359 1.37e+08    0.53%
 16470138 56108       16.5359    18       16.6243       16.5359 1.37e+08    0.53%
Elapsed time = 5660.37 sec. (tree size = 35.18 MB, solutions = 63)
Nodefile size =  0.99 MB (0.56 MB after compression)
 16496703 55991       16.5359    18       16.6243       16.5359 1.38e+08    0.53%
 16523233 55789        cutoff             16.6243       16.5359 1.38e+08    0.53%
 16550020 55454        cutoff             16.6243       16.5359 1.38e+08    0.53%
 16576924 55378       16.5359    13       16.6243       16.5359 1.38e+08    0.53%
 16603163 55398       16.5359    26       16.6243       16.5359 1.38e+08    0.53%
 16630019 54906       16.5380    16       16.6243       16.5380 1.39e+08    0.52%
 16657552 52970        cutoff             16.6243       16.5525 1.39e+08    0.43%
 16684904 51570        cutoff             16.6243       16.5525 1.39e+08    0.43%
 16712061 50174       16.5525    14       16.6243       16.5525 1.39e+08    0.43%
 16739219 48890       16.5525    15       16.6243       16.5525 1.39e+08    0.43%
Elapsed time = 5756.94 sec. (tree size = 32.07 MB, solutions = 63)
Nodefile size =  0.99 MB (0.56 MB after compression)
 16766591 47739        cutoff             16.6243       16.5525 1.40e+08    0.43%
 16793826 46666       16.5525    15       16.6243       16.5525 1.40e+08    0.43%
 16820752 45824       16.5525    10       16.6243       16.5525 1.40e+08    0.43%
 16847928 45164       16.5525    19       16.6243       16.5525 1.40e+08    0.43%
 16875386 42907       16.6094     9       16.6243       16.5692 1.41e+08    0.33%
 16903837 40263       16.5751    17       16.6243       16.5751 1.41e+08    0.30%
 16931282 38444       16.5810    15       16.6243       16.5801 1.41e+08    0.27%
 16958854 36814       16.5841    17       16.6243       16.5841 1.41e+08    0.24%
 16986452 34464        cutoff             16.6243       16.5939 1.41e+08    0.18%
 17013557 33901       16.5986    16       16.6243       16.5986 1.41e+08    0.15%
Elapsed time = 5852.84 sec. (tree size = 25.62 MB, solutions = 63)
Nodefile size =  0.99 MB (0.56 MB after compression)
 17040776 33564       16.5986    20       16.6243       16.5986 1.42e+08    0.15%
 17067849 33047       16.5986    14       16.6243       16.5986 1.42e+08    0.15%
 17095100 32181       16.5986    18       16.6243       16.5986 1.42e+08    0.15%
 17122292 31559       16.5986    13       16.6243       16.5986 1.42e+08    0.15%
 17149316 30907        cutoff             16.6243       16.5986 1.42e+08    0.15%
 17176716 30183       16.5986    12       16.6243       16.5986 1.43e+08    0.15%
 17203924 29278        cutoff             16.6243       16.5986 1.43e+08    0.15%
 17230885 28568        cutoff             16.6243       16.5986 1.43e+08    0.15%
 17257963 28294        cutoff             16.6243       16.5986 1.43e+08    0.15%
 17285353 27748       16.5986    18       16.6243       16.5986 1.43e+08    0.15%
Elapsed time = 5948.51 sec. (tree size = 22.98 MB, solutions = 63)
Nodefile size =  0.99 MB (0.56 MB after compression)
 17312190 27087       16.5986    17       16.6243       16.5986 1.44e+08    0.15%
 17339394 26641       16.5986    13       16.6243       16.5986 1.44e+08    0.15%
 17366657 26107       16.5986    20       16.6243       16.5986 1.44e+08    0.15%
 17394015 25333       16.5986    17       16.6243       16.5986 1.44e+08    0.15%
 17421424 24562       16.5986    22       16.6243       16.5986 1.44e+08    0.15%
 17448721 22903       16.5986    15       16.6243       16.5986 1.45e+08    0.15%
 17476022 22225       16.5986    19       16.6243       16.5986 1.45e+08    0.15%
 17503084 21606       16.5986    15       16.6243       16.5986 1.45e+08    0.15%
 17530304 21338       16.5986    14       16.6243       16.5986 1.45e+08    0.15%
 17557240 21201       16.5986    18       16.6243       16.5986 1.46e+08    0.15%
Elapsed time = 6043.97 sec. (tree size = 20.17 MB, solutions = 63)
 17584723 18845       16.6077    12       16.6243       16.6077 1.46e+08    0.10%
 17611782 18412        cutoff             16.6243       16.6077 1.46e+08    0.10%
 17638828 17331        cutoff             16.6243       16.6077 1.46e+08    0.10%
 17665973 16216       16.6077    25       16.6243       16.6077 1.46e+08    0.10%
 17692728 15867       16.6077    18       16.6243       16.6077 1.47e+08    0.10%
 17719324 15441       16.6077    15       16.6243       16.6077 1.47e+08    0.10%
 17746252 14984       16.6077    17       16.6243       16.6077 1.47e+08    0.10%
 17773464 12955       16.6153     8       16.6243       16.6153 1.47e+08    0.05%
 17800945 10888       16.6153    16       16.6243       16.6153 1.47e+08    0.05%
 17829101  8260       16.6153    11       16.6243       16.6153 1.48e+08    0.05%
Elapsed time = 6139.95 sec. (tree size = 14.60 MB, solutions = 63)
 17856570  6867       16.6222    12       16.6243       16.6222 1.48e+08    0.01%
 17883616  6527       16.6222    17       16.6243       16.6222 1.48e+08    0.01%
 17910678  6119       16.6222    10       16.6243       16.6222 1.48e+08    0.01%
 17937647  5572       16.6222    11       16.6243       16.6222 1.48e+08    0.01%
 17964340  4846       16.6222    20       16.6243       16.6222 1.49e+08    0.01%
 17991533  4110       16.6222    13       16.6243       16.6222 1.49e+08    0.01%
 18018813  3211       16.6222    14       16.6243       16.6222 1.49e+08    0.01%
 18045613  2956        cutoff             16.6243       16.6222 1.49e+08    0.01%
 18072332  2714       16.6222    14       16.6243       16.6222 1.49e+08    0.01%
 18098884  2421       16.6222    13       16.6243       16.6222 1.50e+08    0.01%
Elapsed time = 6235.91 sec. (tree size = 12.09 MB, solutions = 63)
 18125696  1972       16.6222    15       16.6243       16.6222 1.50e+08    0.01%
 18152632  1516       16.6222    18       16.6243       16.6222 1.50e+08    0.01%
 18179341  1264       16.6222    14       16.6243       16.6222 1.50e+08    0.01%
 18206265   744       16.6222    12       16.6243       16.6222 1.50e+08    0.01%

Cover cuts applied:  11
Implied bound cuts applied:  501
Flow cuts applied:  201
Mixed integer rounding cuts applied:  409
Gomory fractional cuts applied:  19

Root node processing (before b&c):
  Real time             =    0.26
Parallel b&c, 4 threads:
  Real time             = 6283.24
  Sync time (average)   =    1.38
  Wait time (average)   =    0.06
                          -------
Total (root+branch&cut) = 6283.50 sec.
STATUS : Optimal
Solution status = Optimal
Time with cplex.getTime: 6283.5
  Number of constraints = 601
Solution value  = 16.6243
c(0)=15.2701 c(1)=6.2846 c(2)=7.67904 c(3)=1.35425 c(4)=13.8205 c(5)=12.9068 c(6)=10.6388 c(7)=3.5359 c(8)=2.6624 c(9)=4.93035 c(10)=16.6243 c(11)=9.2846 c(12)=16.2299 c(13)=0 c(14)=7.2846 c(15)=0.535898 c(16)=8.67904 c(17)=14.3564 c(18)=12.0884 c(19)=11.679 c(20)=2.26795 c(21)=4.5359 c(22)=5.93035 c(23)=9.82049 
