55

Graph (V,E) with |V|= 23 and diameter = 6

Coordinates: 
vertex 1 : 0 0
vertex 2 : 1 0
vertex 3 : 2 0
vertex 4 : 3 0
vertex 5 : 4 0
vertex 6 : 0.5 0.866025
vertex 7 : 1.5 0.866025
vertex 8 : 2.5 0.866025
vertex 9 : 3.5 0.866025
vertex 10 : 0 1.73205
vertex 11 : 1 1.73205
vertex 12 : 2 1.73205
vertex 13 : 3 1.73205
vertex 14 : 4 1.73205
vertex 15 : 0.5 2.59808
vertex 16 : 1.5 2.59808
vertex 17 : 2.5 2.59808
vertex 18 : 3.5 2.59808
vertex 19 : 0 3.4641
vertex 20 : 1 3.4641
vertex 21 : 2 3.4641
vertex 22 : 3 3.4641
vertex 23 : 4 3.4641

Distances: 
  0   1   2   3   4   1 1.73205 2.64575 3.60555 1.73205   2 2.64575 3.4641 4.3589 2.64575   3 3.60555 4.3589 3.4641 3.60555   4 4.58258 5.2915 
  1   0   1   2   3   1   1 1.73205 2.64575   2 1.73205   2 2.64575 3.4641 2.64575 2.64575   3 3.60555 3.60555 3.4641 3.60555   4 4.58258 
  2   1   0   1   2 1.73205   1   1 1.73205 2.64575   2 1.73205   2 2.64575   3 2.64575 2.64575   3   4 3.60555 3.4641 3.60555   4 
  3   2   1   0   1 2.64575 1.73205   1   1 3.4641 2.64575   2 1.73205   2 3.60555   3 2.64575 2.64575 4.58258   4 3.60555 3.4641 3.60555 
  4   3   2   1   0 3.60555 2.64575 1.73205   1 4.3589 3.4641 2.64575   2 1.73205 4.3589 3.60555   3 2.64575 5.2915 4.58258   4 3.60555 3.4641 
  1   1 1.73205 2.64575 3.60555   0   1   2   3   1   1 1.73205 2.64575 3.60555 1.73205   2 2.64575 3.4641 2.64575 2.64575   3 3.60555 4.3589 
1.73205   1   1 1.73205 2.64575   1   0   1   2 1.73205   1   1 1.73205 2.64575   2 1.73205   2 2.64575   3 2.64575 2.64575   3 3.60555 
2.64575 1.73205   1   1 1.73205   2   1   0   1 2.64575 1.73205   1   1 1.73205 2.64575   2 1.73205   2 3.60555   3 2.64575 2.64575   3 
3.60555 2.64575 1.73205   1   1   3   2   1   0 3.60555 2.64575 1.73205   1   1 3.4641 2.64575   2 1.73205 4.3589 3.60555   3 2.64575 2.64575 
1.73205   2 2.64575 3.4641 4.3589   1 1.73205 2.64575 3.60555   0   1   2   3   4   1 1.73205 2.64575 3.60555 1.73205   2 2.64575 3.4641 4.3589 
  2 1.73205   2 2.64575 3.4641   1   1 1.73205 2.64575   1   0   1   2   3   1   1 1.73205 2.64575   2 1.73205   2 2.64575 3.4641 
2.64575   2 1.73205   2 2.64575 1.73205   1   1 1.73205   2   1   0   1   2 1.73205   1   1 1.73205 2.64575   2 1.73205   2 2.64575 
3.4641 2.64575   2 1.73205   2 2.64575 1.73205   1   1   3   2   1   0   1 2.64575 1.73205   1   1 3.4641 2.64575   2 1.73205   2 
4.3589 3.4641 2.64575   2 1.73205 3.60555 2.64575 1.73205   1   4   3   2   1   0 3.60555 2.64575 1.73205   1 4.3589 3.4641 2.64575   2 1.73205 
2.64575 2.64575   3 3.60555 4.3589 1.73205   2 2.64575 3.4641   1   1 1.73205 2.64575 3.60555   0   1   2   3   1   1 1.73205 2.64575 3.60555 
  3 2.64575 2.64575   3 3.60555   2 1.73205   2 2.64575 1.73205   1   1 1.73205 2.64575   1   0   1   2 1.73205   1   1 1.73205 2.64575 
3.60555   3 2.64575 2.64575   3 2.64575   2 1.73205   2 2.64575 1.73205   1   1 1.73205   2   1   0   1 2.64575 1.73205   1   1 1.73205 
4.3589 3.60555   3 2.64575 2.64575 3.4641 2.64575   2 1.73205 3.60555 2.64575 1.73205   1   1   3   2   1   0 3.60555 2.64575 1.73205   1   1 
3.4641 3.60555   4 4.58258 5.2915 2.64575   3 3.60555 4.3589 1.73205   2 2.64575 3.4641 4.3589   1 1.73205 2.64575 3.60555   0   1   2   3   4 
3.60555 3.4641 3.60555   4 4.58258 2.64575 2.64575   3 3.60555   2 1.73205   2 2.64575 3.4641   1   1 1.73205 2.64575   1   0   1   2   3 
  4 3.60555 3.4641 3.60555   4   3 2.64575 2.64575   3 2.64575   2 1.73205   2 2.64575 1.73205   1   1 1.73205   2   1   0   1   2 
4.58258   4 3.60555 3.4641 3.60555 3.60555   3 2.64575 2.64575 3.4641 2.64575   2 1.73205   2 2.64575 1.73205   1   1   3   2   1   0   1 
5.2915 4.58258   4 3.60555 3.4641 4.3589 3.60555   3 2.64575 4.3589 3.4641 2.64575   2 1.73205 3.60555 2.64575 1.73205   1   4   3   2   1   0 
d: 
  4   3   2   1   0   3 2.26795 1.35425 0.394449 2.26795   2 1.35425 0.535898   0 1.35425   1 0.394449   0 0.535898 0.394449 4.44089e-16   0   0 
  3   4   3   2   1   3   3 2.26795 1.35425   2 2.26795   2 1.35425 0.535898 1.35425 1.35425   1 0.394449 0.394449 0.535898 0.394449 4.44089e-16   0 
  2   3   4   3   2 2.26795   3   3 2.26795 1.35425   2 2.26795   2 1.35425   1 1.35425 1.35425   1 4.44089e-16 0.394449 0.535898 0.394449 4.44089e-16 
  1   2   3   4   3 1.35425 2.26795   3   3 0.535898 1.35425   2 2.26795   2 0.394449   1 1.35425 1.35425   0 4.44089e-16 0.394449 0.535898 0.394449 
  0   1   2   3   4 0.394449 1.35425 2.26795   3   0 0.535898 1.35425   2 2.26795   0 0.394449   1 1.35425   0   0 4.44089e-16 0.394449 0.535898 
  3   3 2.26795 1.35425 0.394449   4   3   2   1   3   3 2.26795 1.35425 0.394449 2.26795   2 1.35425 0.535898 1.35425 1.35425   1 0.394449   0 
2.26795   3   3 2.26795 1.35425   3   4   3   2 2.26795   3   3 2.26795 1.35425   2 2.26795   2 1.35425   1 1.35425 1.35425   1 0.394449 
1.35425 2.26795   3   3 2.26795   2   3   4   3 1.35425 2.26795   3   3 2.26795 1.35425   2 2.26795   2 0.394449   1 1.35425 1.35425   1 
0.394449 1.35425 2.26795   3   3   1   2   3   4 0.394449 1.35425 2.26795   3   3 0.535898 1.35425   2 2.26795   0 0.394449   1 1.35425 1.35425 
2.26795   2 1.35425 0.535898   0   3 2.26795 1.35425 0.394449   4   3   2   1   0   3 2.26795 1.35425 0.394449 2.26795   2 1.35425 0.535898   0 
  2 2.26795   2 1.35425 0.535898   3   3 2.26795 1.35425   3   4   3   2   1   3   3 2.26795 1.35425   2 2.26795   2 1.35425 0.535898 
1.35425   2 2.26795   2 1.35425 2.26795   3   3 2.26795   2   3   4   3   2 2.26795   3   3 2.26795 1.35425   2 2.26795   2 1.35425 
0.535898 1.35425   2 2.26795   2 1.35425 2.26795   3   3   1   2   3   4   3 1.35425 2.26795   3   3 0.535898 1.35425   2 2.26795   2 
  0 0.535898 1.35425   2 2.26795 0.394449 1.35425 2.26795   3   0   1   2   3   4 0.394449 1.35425 2.26795   3   0 0.535898 1.35425   2 2.26795 
1.35425 1.35425   1 0.394449   0 2.26795   2 1.35425 0.535898   3   3 2.26795 1.35425 0.394449   4   3   2   1   3   3 2.26795 1.35425 0.394449 
  1 1.35425 1.35425   1 0.394449   2 2.26795   2 1.35425 2.26795   3   3 2.26795 1.35425   3   4   3   2 2.26795   3   3 2.26795 1.35425 
0.394449   1 1.35425 1.35425   1 1.35425   2 2.26795   2 1.35425 2.26795   3   3 2.26795   2   3   4   3 1.35425 2.26795   3   3 2.26795 
  0 0.394449   1 1.35425 1.35425 0.535898 1.35425   2 2.26795 0.394449 1.35425 2.26795   3   3   1   2   3   4 0.394449 1.35425 2.26795   3   3 
0.535898 0.394449 4.44089e-16   0   0 1.35425   1 0.394449   0 2.26795   2 1.35425 0.535898   0   3 2.26795 1.35425 0.394449   4   3   2   1   0 
0.394449 0.535898 0.394449 4.44089e-16   0 1.35425 1.35425   1 0.394449   2 2.26795   2 1.35425 0.535898   3   3 2.26795 1.35425   3   4   3   2   1 
4.44089e-16 0.394449 0.535898 0.394449 4.44089e-16   1 1.35425 1.35425   1 1.35425   2 2.26795   2 1.35425 2.26795   3   3 2.26795   2   3   4   3   2 
  0 4.44089e-16 0.394449 0.535898 0.394449 0.394449   1 1.35425 1.35425 0.535898 1.35425   2 2.26795   2 1.35425 2.26795   3   3   1   2   3   4   3 
  0   0 4.44089e-16 0.394449 0.535898   0 0.394449   1 1.35425   0 0.535898 1.35425   2 2.26795 0.394449 1.35425 2.26795   3   0   1   2   3   4 

max distance : 3
Number of variables 277
Tried aggregator 1 time.
MIP Presolve eliminated 47 rows and 255 columns.
MIP Presolve modified 759 coefficients.
Reduced MIP has 506 rows, 276 columns, and 1518 nonzeros.
Reduced MIP has 253 binaries, 0 generals, 0 SOSs, and 0 indicators.
Probing time =    0.00 sec.
Tried aggregator 1 time.
Presolve time =    0.00 sec.
Probing time =    0.00 sec.
MIP emphasis: balance optimality and feasibility.
MIP search method: dynamic search.
Parallel mode: deterministic, using up to 4 threads.
Root relaxation solution time =    0.00 sec.

        Nodes                                         Cuts/
   Node  Left     Objective  IInf  Best Integer    Best Bound    ItCnt     Gap

      0     0       21.9068   122                     21.9068      176         
      0     0       21.9068    30                    Cuts: 25      207         
      0     0       21.9068    34                    Cuts: 79      257         
      0     0       21.9068    29                    Cuts: 66      286         
      0     0       21.9068    29                    Cuts: 12      295         
      0     2       21.9068    29                     21.9068      295         
Elapsed real time =   0.40 sec. (tree size =  0.01 MB, solutions = 0)
   2926   479       21.9068    12                     21.9068    24403         
   4703   537       21.9068    21                     21.9068    37076         
   6844   497       21.9068    15                     21.9068    52880         
   6992   500       21.9068    20                     21.9068    53885         
   7571   368       21.9068    16                     21.9068    70738         
   8514   320       21.9068    19                     21.9068   104147         
   9588   318       21.9068    14                     21.9068   135899         
  10649   352       21.9068    17                     21.9068   167445         
  11784   397       21.9068    21                     21.9068   200571         
  16424   401       21.9068    13                     21.9068   346215         
Elapsed real time =  15.06 sec. (tree size =  0.04 MB, solutions = 0)
  21038   757       21.9068    17                     21.9068   498494         
  25814   943       21.9068    15                     21.9068   654207         
  30411  1062       21.9068    16                     21.9068   810445         
  35265  1169       21.9068    12                     21.9068   969396         
  40230  1283       21.9068    19                     21.9068  1127213         
  45410  1313       21.9068    14                     21.9068  1283273         
  50472  1522       21.9068    18                     21.9068  1440255         
  55825  2111       21.9068    16                     21.9068  1592494         
  61385  2563       21.9068    20                     21.9068  1746708         
  66799  2986       21.9068    18                     21.9068  1903810         
Elapsed real time =  59.12 sec. (tree size =  0.78 MB, solutions = 0)
  72095  3062       21.9068    15                     21.9068  2059267         
  77460  3280       21.9068    22                     21.9068  2217904         
  83459  3542       21.9068    16                     21.9068  2366059         
  89730  3690       21.9068     9                     21.9068  2511575         
  95832  3706       21.9068    14                     21.9068  2661559         
 101795  3741       21.9068    22                     21.9068  2805957         
 107659  3852       21.9068    12                     21.9068  2960060         
 113322  4228       21.9068    14                     21.9068  3108627         
 118759  4392       21.9068    15                     21.9068  3258029         
 124277  4653       21.9068    16                     21.9068  3416063         
Elapsed real time = 101.87 sec. (tree size =  1.24 MB, solutions = 0)
 129724  4772       21.9068    15                     21.9068  3569281         
 135173  4934       21.9068    19                     21.9068  3725173         
 140865  5046       21.9068    20                     21.9068  3877688         
 146423  5366       21.9068    14                     21.9068  4027682         
 151994  5909       21.9068     9                     21.9068  4166991         
 157428  6150       21.9068    13                     21.9068  4308429         
 162655  6282       21.9068    13                     21.9068  4443559         
 168193  6420       21.9068    12                     21.9068  4580505         
 173731  6561       21.9068    14                     21.9068  4725021         
 179303  6844       21.9068    11                     21.9068  4865891         
Elapsed real time = 146.43 sec. (tree size =  1.95 MB, solutions = 0)
 184790  6859       21.9068    10                     21.9068  5007436         
 190276  7176       21.9068    16                     21.9068  5145649         
 195964  7363       21.9068    11                     21.9068  5284294         
 201695  7468       21.9068    16                     21.9068  5423069         
 207242  7298       21.9068    15                     21.9068  5567434         
 212759  7156       21.9068    20                     21.9068  5714210         
 218365  7110       21.9068    16                     21.9068  5857591         
 223721  7326       21.9068    13                     21.9068  6003365         
 229413  7150       21.9068    22                     21.9068  6152400         
 234975  7330       21.9068    17                     21.9068  6298276         
Elapsed real time = 191.02 sec. (tree size =  2.08 MB, solutions = 0)
 240557  7372       21.9068    17                     21.9068  6449342         
 246249  7469       21.9068    20                     21.9068  6600947         
 252030  7603       21.9068    14                     21.9068  6755741         
 257798  7636       21.9068    15                     21.9068  6908886         
 263503  7732       21.9068    16                     21.9068  7062451         
 269350  7767       21.9068    14                     21.9068  7213518         
 274951  8420       21.9068    12                     21.9068  7366477         
 280879  8816       21.9068    14                     21.9068  7520763         
 286551  9146       21.9068    12                     21.9068  7674405         
 292197  9383       21.9068    22                     21.9068  7827532         
Elapsed real time = 234.50 sec. (tree size =  2.89 MB, solutions = 0)
 297861  9505       21.9068    11                     21.9068  7978578         
 303573  9807       21.9068    16                     21.9068  8130452         
 309238 10030       21.9068    16                     21.9068  8283104         
 314906 10122       21.9068    13                     21.9068  8435636         
 320464 10291       21.9068    15                     21.9068  8589259         
 326128 10474       21.9068    24                     21.9068  8741744         
 331802 10816       21.9068    14                     21.9068  8892596         
 337468 10826       21.9068    12                     21.9068  9042171         
 343084 11009       21.9068    19                     21.9068  9198203         
 348774 11358       21.9068    12                     21.9068  9340952         
Elapsed real time = 278.00 sec. (tree size =  3.42 MB, solutions = 0)
 354674 11584       21.9068    12                     21.9068  9486803         
 360535 11840       21.9068    15                     21.9068  9633371         
 366212 12076       21.9068    16                     21.9068  9776558         
 372012 12181       21.9068    14                     21.9068  9924053         
 377651 12180       21.9068    19                     21.9068 10072083         
 383411 12338       21.9068    14                     21.9068 10221404         
 389003 12544       21.9068    12                     21.9068 10369808         
 394158 12671       21.9068    11                     21.9068 10519906         
 399914 12668       21.9068    12                     21.9068 10667339         
 405523 12896       21.9068    10                     21.9068 10816995         
Elapsed real time = 322.21 sec. (tree size =  3.86 MB, solutions = 0)
 411185 13306       21.9068    15                     21.9068 10967532         
 416856 13359       21.9068    17                     21.9068 11120247         
 422941 13532       21.9068    14                     21.9068 11268827         
 429032 13300       21.9068    13                     21.9068 11421430         
 434837 13218       21.9068    15                     21.9068 11572994         
 440666 13502       21.9068    14                     21.9068 11720698         
 446576 13629       21.9068    15                     21.9068 11868130         
 452414 13762    infeasible                           21.9068 12019528         
 458085 13688       21.9068    13                     21.9068 12169413         
 463994 13557       21.9068    13                     21.9068 12317876         
Elapsed real time = 365.61 sec. (tree size =  4.05 MB, solutions = 0)
 469672 13959       21.9068    15                     21.9068 12466994         
 475174 14357       21.9068    16                     21.9068 12617929         
 480712 14764       21.9068    18                     21.9068 12767193         
 486119 14815       21.9068    12                     21.9068 12916490         
 491790 14579       21.9068    15                     21.9068 13065470         
 497275 14673       21.9068    12                     21.9068 13215219         
 502906 14869       21.9068    16                     21.9068 13365211         
 508562 14866       21.9068    17                     21.9068 13513153         
 514245 14761       21.9068    17                     21.9068 13662470         
 537375 14504       21.9068    17                     21.9068 14256990         
Elapsed real time = 422.44 sec. (tree size =  4.32 MB, solutions = 0)
 561349 15003       21.9068    15                     21.9068 14832607         
 585065 14919       21.9068    20                     21.9068 15421632         
 609062 14579       21.9068    13                     21.9068 16019220         
 632087 14864       21.9068    19                     21.9068 16618417         
 654506 15016       21.9068    15                     21.9068 17220188         
 676556 16038       21.9068    18                     21.9068 17814376         
 698903 16541       21.9068    13                     21.9068 18405966         
 722217 16621       21.9068    12                     21.9068 18996690         
 745503 17329       21.9068    17                     21.9068 19578797         
 769290 17684       21.9068    16                     21.9068 20148657         
Elapsed real time = 600.60 sec. (tree size =  5.67 MB, solutions = 0)
 792473 17761       21.9068    18                     21.9068 20740914         
 815420 18129       21.9068    12                     21.9068 21328927         
 839085 18425       21.9068    12                     21.9068 21920548         
 861903 18767       21.9068    17                     21.9068 22506432         
 884902 18221       21.9068    18                     21.9068 23102512         
 909127 17590       21.9068    20                     21.9068 23700217         
 932264 18256       21.9068    11                     21.9068 24279775         
 955606 18302       21.9068    16                     21.9068 24869855         
 978865 18391       21.9068    12                     21.9068 25464921         
 1002238 18714       21.9068    20                     21.9068 26070478         
Elapsed real time = 780.13 sec. (tree size =  5.95 MB, solutions = 0)
 1025229 19406       21.9068    13                     21.9068 26675306         
 1049394 19888       21.9068    13                     21.9068 27273423         
 1073460 20051       21.9068    11                     21.9068 27879258         
 1096623 20448       21.9068    10                     21.9068 28473722         
 1120531 21064       21.9068    22                     21.9068 29058200         
 1145146 21554       21.9068    14                     21.9068 29652177         
 1168639 21588       21.9068    15                     21.9068 30238755         
 1192190 21352       21.9068    13                     21.9068 30836600         
 1215492 21493       21.9068    14                     21.9068 31411044         
 1240024 22051       21.9068    16                     21.9068 31998384         
Elapsed real time = 958.08 sec. (tree size =  6.88 MB, solutions = 0)
 1264997 22338       21.9068    15                     21.9068 32585153         
 1287604 22973       21.9068    10                     21.9068 33143876         
 1311011 22645       21.9068    12                     21.9068 33706358         
 1335055 22701       21.9068    14                     21.9068 34288254         
 1358749 23286       21.9068    11                     21.9068 34855082         
 1383009 24384       21.9068    15                     21.9068 35418237         
 1406690 24426       21.9068    11                     21.9068 35988817         
 1430376 23865       21.9068    14                     21.9068 36564223         
 1454206 24185       21.9068    18                     21.9068 37135040         
 1477605 24880       21.9068    15                     21.9068 37707883         
Elapsed real time = 1139.90 sec. (tree size =  7.67 MB, solutions = 0)
 1500927 25482       21.9068    15                     21.9068 38275583         
 1524878 25576       21.9068    11                     21.9068 38848947         
 1548761 25447       21.9068    11                     21.9068 39425561         
 1571860 25636       21.9068    16                     21.9068 39989513         
 1595257 26123       21.9068    16                     21.9068 40558815         
 1618146 25988       21.9068    22                     21.9068 41128256         
 1641704 26103       21.9068    13                     21.9068 41695875         
 1664861 25956       21.9068    12                     21.9068 42259334         
 1688315 25892       21.9068    21                     21.9068 42829166         
 1711299 25660       21.9068    13                     21.9068 43414850         
Elapsed real time = 1321.23 sec. (tree size =  7.89 MB, solutions = 0)
 1734739 25439       21.9068    16                     21.9068 44001808         
 1757851 25497       21.9068    17                     21.9068 44615389         
 1781934 25367       21.9068    12                     21.9068 45230124         
 1805371 25034       21.9068    17                     21.9068 45846495         
 1827906 24840       21.9068    16                     21.9068 46450802         
 1851695 25086       21.9068    14                     21.9068 47063323         
 1875232 25033       21.9068    17                     21.9068 47667359         
 1898502 25097       21.9068    11                     21.9068 48279855         
 1922217 25246       21.9068    26                     21.9068 48897781         
 1945831 25732       21.9068    15                     21.9068 49512737         
Elapsed real time = 1497.21 sec. (tree size =  7.90 MB, solutions = 0)
 1969363 25400       21.9068    15                     21.9068 50143373         
 1992165 25580       21.9068    12                     21.9068 50761860         
 2015739 25440       21.9068    20                     21.9068 51391505         
 2039806 24981       21.9068    21                     21.9068 52023683         
 2063341 24716       21.9068    15                     21.9068 52649813         
 2086566 24788       21.9068    19                     21.9068 53267126         
 2108577 25226       21.9068    19                     21.9068 53895635         
 2131387 24978       21.9068    20                     21.9068 54519949         
 2155531 25547       21.9068    11                     21.9068 55130207         
 2179195 25909       21.9068    12                     21.9068 55743193         
Elapsed real time = 1673.41 sec. (tree size =  7.94 MB, solutions = 0)
 2202477 25949       21.9068    17                     21.9068 56360704         
 2224546 26620       21.9068    14                     21.9068 56957941         
 2246611 26276       21.9068    12                     21.9068 57561629         
 2268926 26491       21.9068    11                     21.9068 58163224         
 2291170 26239       21.9068    18                     21.9068 58768237         
 2312874 26599       21.9068    15                     21.9068 59367815         
 2333512 26976       21.9068    10                     21.9068 59958411         
 2355040 26783       21.9068    19                     21.9068 60566326         
 2377099 26880       21.9068    14                     21.9068 61171807         
 2399093 27156       21.9068    16                     21.9068 61803461         
Elapsed real time = 1854.68 sec. (tree size =  8.30 MB, solutions = 0)
 2421087 26954       21.9068    12                     21.9068 62421727         
 2442202 27873       21.9068    16                     21.9068 63027996         
 2464094 27545       21.9068    13                     21.9068 63631244         
 2486200 27690       21.9068    17                     21.9068 64227279         
 2508143 27764       21.9068    17                     21.9068 64836761         
 2530236 27610       21.9068    18                     21.9068 65449180         
 2553045 27741       21.9068    13                     21.9068 66061170         
 2575868 27434       21.9068    19                     21.9068 66665853         
 2598779 27345       21.9068    13                     21.9068 67274672         
 2621874 27276       21.9068    15                     21.9068 67890319         
Elapsed real time = 2033.89 sec. (tree size =  8.33 MB, solutions = 0)
 2645068 27055       21.9068    14                     21.9068 68504027         
 2668218 27498       21.9068    15                     21.9068 69128275         
 2691676 27715       21.9068    14                     21.9068 69742221         
 2715189 28165       21.9068    13                     21.9068 70333403         
 2737447 28661       21.9068    11                     21.9068 70923037         
 2759872 29153       21.9068    13                     21.9068 71503756         
 2783048 28647       21.9068    16                     21.9068 72085350         
 2806029 29180       21.9068    15                     21.9068 72677086         
 2828758 29656       21.9068    15                     21.9068 73258791         
 2852203 29146       21.9068    15                     21.9068 73851490         
Elapsed real time = 2213.66 sec. (tree size =  8.85 MB, solutions = 0)
 2875320 30193       21.9068    13                     21.9068 74448575         
 2897765 30976       21.9068    13                     21.9068 75046362         
 2920743 30049       21.9068    12                     21.9068 75648604         
 2944796 29295       21.9068    13                     21.9068 76241535         
 2969080 28625       21.9068    11                     21.9068 76826735         
 2993187 28563       21.9068    10                     21.9068 77386585         
 3016580 28826       21.9068    13                     21.9068 77981763         
 3040267 29054       21.9068    16                     21.9068 78537193         
 3064209 28619       21.9068    15                     21.9068 79123053         
 3087883 29161       21.9068     7                     21.9068 79711200         
Elapsed real time = 2391.46 sec. (tree size =  8.86 MB, solutions = 0)
 3110339 29279       21.9068    10                     21.9068 80257391         
 3133238 29640       21.9068    16                     21.9068 80827631         
 3157046 29144       21.9068    12                     21.9068 81418306         
 3180485 29118       21.9068    17                     21.9068 82022829         
 3203181 28971       21.9068    17                     21.9068 82621162         
 3226801 29104       21.9068    14                     21.9068 83191583         
 3249675 29225       21.9068    17                     21.9068 83788951         
 3272690 28549       21.9068    15                     21.9068 84396261         
 3296073 28925       21.9068     8                     21.9068 84988801         
 3320022 29298       21.9068    14                     21.9068 85592782         
Elapsed real time = 2571.28 sec. (tree size =  8.89 MB, solutions = 0)
 3343431 29255       21.9068    13                     21.9068 86208563         
 3367633 29410       21.9068    17                     21.9068 86836778         
 3391198 29920       21.9068     8                     21.9068 87445137         
 3415284 29572       21.9068    18                     21.9068 88045534         
 3439598 29661       21.9068    17                     21.9068 88662538         
 3463164 30275       21.9068    16                     21.9068 89259771         
 3485726 31188       21.9068    16                     21.9068 89848650         
 3507012 32250       21.9068    15                     21.9068 90435132         
 3529876 31160       21.9068    13                     21.9068 91036147         
 3553558 30115       21.9068    13                     21.9068 91651740         
Elapsed real time = 2751.47 sec. (tree size =  9.13 MB, solutions = 0)
 3575074 30359       21.9068    18                     21.9068 92257927         
 3598353 30116       21.9068    17                     21.9068 92882337         
 3621954 29976       21.9068    19                     21.9068 93507089         
 3645014 30131       21.9068    17                     21.9068 94125201         
 3668807 30225       21.9068    15                     21.9068 94741343         
 3692681 30665       21.9068    16                     21.9068 95360481         
 3716827 31298       21.9068    16                     21.9068 95998116         
 3741018 32225       21.9068    17                     21.9068 96636618         
 3765539 33043       21.9068    15                     21.9068 97277601         
 3790353 33793       21.9068    23                     21.9068 97923048         
Elapsed real time = 2925.11 sec. (tree size = 11.09 MB, solutions = 0)
 3815355 34406       21.9068    11                     21.9068 98560177         
 3840676 35535       21.9068    16                     21.9068 99194088         
 3866401 35614       21.9068    15                     21.9068 99853536         
 3890111 35987       21.9068    12                     21.9068 1.01e+08         
 3913588 36398       21.9068    19                     21.9068 1.01e+08         
 3936151 36636    infeasible                           21.9068 1.02e+08         
 3959488 36995       21.9068    15                     21.9068 1.02e+08         
 3982749 36848       21.9068    17                     21.9068 1.03e+08         
 4005671 36897       21.9068    15                     21.9068 1.04e+08         
 4029507 36802       21.9068    19                     21.9068 1.04e+08         
Elapsed real time = 3101.42 sec. (tree size = 11.93 MB, solutions = 0)
 4053723 37125       21.9068    19                     21.9068 1.05e+08         
 4077935 37240       21.9068    11                     21.9068 1.06e+08         
 4102660 37444       21.9068    19                     21.9068 1.06e+08         
 4126923 37809       21.9068    15                     21.9068 1.07e+08         
 4150327 37630       21.9068     8                     21.9068 1.07e+08         
 4174737 37631       21.9068    15                     21.9068 1.08e+08         
 4198648 37449       21.9068    11                     21.9068 1.09e+08         
 4221971 38006       21.9068    23                     21.9068 1.09e+08         
 4245892 38008       21.9068    13                     21.9068 1.10e+08         
 4269691 37980       21.9068    13                     21.9068 1.11e+08         
Elapsed real time = 3275.09 sec. (tree size = 12.25 MB, solutions = 0)
 4293136 38080       21.9068    19                     21.9068 1.11e+08         
 4317081 38067       21.9068    18                     21.9068 1.12e+08         
 4342822 38214       21.9068    20                     21.9068 1.12e+08         
 4367038 38188       21.9068    12                     21.9068 1.13e+08         
 4391451 38014       21.9068    19                     21.9068 1.14e+08         
 4416265 38156       21.9068    12                     21.9068 1.14e+08         
 4440377 38530       21.9068    18                     21.9068 1.15e+08         
 4464706 38397       21.9068    21                     21.9068 1.16e+08         
 4488799 38733       21.9068    18                     21.9068 1.16e+08         
 4512771 39067       21.9068    25                     21.9068 1.17e+08         
Elapsed real time = 3446.53 sec. (tree size = 12.56 MB, solutions = 0)
 4537409 39330       21.9068    16                     21.9068 1.18e+08         
 4562610 40027       21.9068    20                     21.9068 1.18e+08         
 4587476 40086       21.9068    14                     21.9068 1.19e+08         
 4612109 40436       21.9068    14                     21.9068 1.20e+08         
 4635235 41037       21.9068    12                     21.9068 1.20e+08         
 4658707 41323       21.9068    21                     21.9068 1.21e+08         
 4680755 41964       21.9068    20                     21.9068 1.21e+08         
 4703339 42445       21.9068    15                     21.9068 1.22e+08         
 4725959 42738       21.9068    20                     21.9068 1.23e+08         
 4748477 43401       21.9068    12                     21.9068 1.23e+08         
Elapsed real time = 3619.27 sec. (tree size = 13.76 MB, solutions = 0)
 4772493 43385       21.9068    15                     21.9068 1.24e+08         
 4795125 43488       21.9068    19                     21.9068 1.24e+08         
 4817624 44646       21.9068    15                     21.9068 1.25e+08         
 4840603 45263       21.9068    15                     21.9068 1.26e+08         
 4863220 45591       21.9068    12                     21.9068 1.26e+08         
 4886083 46086       21.9068    12                     21.9068 1.27e+08         
 4908312 46388       21.9068    20                     21.9068 1.27e+08         
 4931247 46303       21.9068    14                     21.9068 1.28e+08         
 4953526 46107       21.9068    17                     21.9068 1.29e+08         
 4976644 46073       21.9068    15                     21.9068 1.29e+08         
Elapsed real time = 3796.03 sec. (tree size = 14.51 MB, solutions = 0)
 4999406 45906       21.9068    16                     21.9068 1.30e+08         
 5022360 45803       21.9068    19                     21.9068 1.30e+08         
 5045572 45782       21.9068    18                     21.9068 1.31e+08         
 5068501 45697       21.9068    18                     21.9068 1.32e+08         
 5091707 45699       21.9068    10                     21.9068 1.32e+08         
 5114395 46124       21.9068    13                     21.9068 1.33e+08         
 5136796 46051       21.9068    16                     21.9068 1.33e+08         
 5159689 46146       21.9068    16                     21.9068 1.34e+08         
 5182094 46451       21.9068    19                     21.9068 1.35e+08         
 5204675 46484       21.9068    21                     21.9068 1.35e+08         
Elapsed real time = 3972.15 sec. (tree size = 14.62 MB, solutions = 0)
 5226792 46449       21.9068    19                     21.9068 1.36e+08         
 5250042 46571       21.9068    17                     21.9068 1.36e+08         
 5272390 46877       21.9068    13                     21.9068 1.37e+08         
 5294507 47533       21.9068    16                     21.9068 1.38e+08         
 5316777 47597       21.9068    20                     21.9068 1.38e+08         
 5339614 48077       21.9068    16                     21.9068 1.39e+08         
 5362487 48245       21.9068    21                     21.9068 1.40e+08         
 5386205 48482       21.9068    18                     21.9068 1.40e+08         
 5410102 48693       21.9068    20                     21.9068 1.41e+08         
 5433087 49494       21.9068    19                     21.9068 1.41e+08         
Elapsed real time = 4144.54 sec. (tree size = 15.47 MB, solutions = 0)
 5456197 49852       21.9068    15                     21.9068 1.42e+08         
 5480077 50160       21.9068    14                     21.9068 1.43e+08         
 5503499 50604       21.9068    15                     21.9068 1.43e+08         
 5527584 50795    infeasible                           21.9068 1.44e+08         
 5550895 51087       21.9068    23                     21.9068 1.44e+08         
 5575214 51144       21.9068    12                     21.9068 1.45e+08         
 5599772 50984       21.9068    15                     21.9068 1.46e+08         
 5623351 50886       21.9068    16                     21.9068 1.46e+08         
 5647329 50739       21.9068    12                     21.9068 1.47e+08         
 5671041 50709       21.9068    17                     21.9068 1.47e+08         
Elapsed real time = 4319.08 sec. (tree size = 15.80 MB, solutions = 0)
 5696210 52081       21.9068    13                     21.9068 1.48e+08         
 5721271 52121       21.9068    16                     21.9068 1.49e+08         
 5745647 52015       21.9068    13                     21.9068 1.49e+08         
 5770931 54280       21.9068    18                     21.9068 1.50e+08         
 5796667 55053       21.9068    17                     21.9068 1.51e+08         
 5822703 55611       21.9068    15                     21.9068 1.51e+08         
 5848641 55702       21.9068    15                     21.9068 1.52e+08         
 5874746 57321       21.9068    17                     21.9068 1.53e+08         
 5902440 58148       21.9068    17                     21.9068 1.53e+08         
 5929201 59453       21.9068    19                     21.9068 1.54e+08         
Elapsed real time = 4490.23 sec. (tree size = 18.22 MB, solutions = 0)
 5956016 59508       21.9068    19                     21.9068 1.55e+08         
 5983023 59091       21.9068    11                     21.9068 1.55e+08         
 6008831 59162       21.9068    13                     21.9068 1.56e+08         
 6034623 59347       21.9068    19                     21.9068 1.56e+08         
 6061530 59847       21.9068    21                     21.9068 1.57e+08         
 6087452 60610       21.9068    20                     21.9068 1.58e+08         
 6112492 60812       21.9068    16                     21.9068 1.58e+08         
 6135267 60924       21.9068    16                     21.9068 1.59e+08         
 6159391 62298       21.9068    20                     21.9068 1.60e+08         
 6184464 63198       21.9068    16                     21.9068 1.60e+08         
Elapsed real time = 4661.30 sec. (tree size = 19.26 MB, solutions = 0)
 6209959 63303       21.9068    14                     21.9068 1.61e+08         
 6234955 63709       21.9068    17                     21.9068 1.62e+08         
 6259960 64210       21.9068    12                     21.9068 1.62e+08         
 6284873 65114       21.9068    14                     21.9068 1.63e+08         
 6309998 64656       21.9068    24                     21.9068 1.64e+08         
 6335034 65047       21.9068    13                     21.9068 1.64e+08         
 6359664 65662       21.9068    13                     21.9068 1.65e+08         
 6384171 65939       21.9068    15                     21.9068 1.65e+08         
 6408958 65953       21.9068    16                     21.9068 1.66e+08         
 6433936 66568       21.9068    12                     21.9068 1.67e+08         
Elapsed real time = 4830.99 sec. (tree size = 22.12 MB, solutions = 0)
 6459055 66547       21.9068    12                     21.9068 1.67e+08         
 6483653 66224       21.9068    19                     21.9068 1.68e+08         
 6508790 65993       21.9068    10                     21.9068 1.69e+08         
 6534153 65646       21.9068    15                     21.9068 1.69e+08         
 6558398 65689       21.9068    19                     21.9068 1.70e+08         
 6583133 65868       21.9068    15                     21.9068 1.71e+08         
 6608704 66837       21.9068    15                     21.9068 1.71e+08         
 6634537 67440       21.9068    16                     21.9068 1.72e+08         
 6660165 67648       21.9068    18                     21.9068 1.72e+08         
 6686101 67403       21.9068    14                     21.9068 1.73e+08         
Elapsed real time = 5002.47 sec. (tree size = 22.35 MB, solutions = 0)
 6711131 66654       21.9068    26                     21.9068 1.74e+08         
 6736474 66457       21.9068    14                     21.9068 1.74e+08         
 6761097 66266       21.9068    15                     21.9068 1.75e+08         
 6786052 66540       21.9068    21                     21.9068 1.76e+08         
 6811280 66487       21.9068    16                     21.9068 1.76e+08         
 6836491 66278       21.9068    17                     21.9068 1.77e+08         
 6860726 66849       21.9068    18                     21.9068 1.77e+08         
 6885845 66839       21.9068    25                     21.9068 1.78e+08         
 6910887 66895       21.9068    17                     21.9068 1.79e+08         
 6936738 67241       21.9068    21                     21.9068 1.79e+08         
Elapsed real time = 5174.25 sec. (tree size = 22.30 MB, solutions = 0)
 6961591 67434       21.9068    14                     21.9068 1.80e+08         
 6985998 68019       21.9068    14                     21.9068 1.81e+08         
 7010445 68848       21.9068    11                     21.9068 1.81e+08         
 7034438 69511       21.9068    14                     21.9068 1.82e+08         
 7058419 69908       21.9068    15                     21.9068 1.82e+08         
 7082612 69738       21.9068    15                     21.9068 1.83e+08         
 7106320 70101       21.9068    16                     21.9068 1.84e+08         
 7130287 70586       21.9068    12                     21.9068 1.84e+08         
 7154877 70988       21.9068    13                     21.9068 1.85e+08         
 7178408 71630       21.9068    11                     21.9068 1.85e+08         
Elapsed real time = 5348.63 sec. (tree size = 23.53 MB, solutions = 0)
 7202135 71453       21.9068    17                     21.9068 1.86e+08         
 7226138 71842       21.9068    14                     21.9068 1.87e+08         
 7250189 71620       21.9068    12                     21.9068 1.87e+08         
 7274613 71765       21.9068    13                     21.9068 1.88e+08         
 7299400 71451       21.9068    14                     21.9068 1.88e+08         
 7324419 71247       21.9068    17                     21.9068 1.89e+08         
 7349784 70966       21.9068    16                     21.9068 1.90e+08         
 7374725 70924       21.9068    10                     21.9068 1.90e+08         
 7400066 71131       21.9068    17                     21.9068 1.91e+08         
 7423482 71100       21.9068    18                     21.9068 1.91e+08         
Elapsed real time = 5527.01 sec. (tree size = 23.38 MB, solutions = 0)
 7448504 71636       21.9068    14                     21.9068 1.92e+08         
 7473607 72335       21.9068    18                     21.9068 1.93e+08         
 7498821 72447       21.9068    16                     21.9068 1.93e+08         
 7523557 72083       21.9068    14                     21.9068 1.94e+08         
 7547609 72906       21.9068    18                     21.9068 1.94e+08         
 7572007 72620       21.9068    16                     21.9068 1.95e+08         
 7596212 72295       21.9068    15                     21.9068 1.96e+08         
 7620726 72043       21.9068    17                     21.9068 1.96e+08         
 7646016 71867       21.9068    15                     21.9068 1.97e+08         
 7671268 72109       21.9068    17                     21.9068 1.97e+08         
Elapsed real time = 5700.54 sec. (tree size = 23.66 MB, solutions = 0)
 7696823 71904       21.9068    14                     21.9068 1.98e+08         
 7722737 72082       21.9068    15                     21.9068 1.99e+08         
 7747104 73200       21.9068    11                     21.9068 1.99e+08         
 7772281 74448       21.9068    15                     21.9068 2.00e+08         
 7797827 74980       21.9068    16                     21.9068 2.01e+08         
 7824180 75155       21.9068    14                     21.9068 2.01e+08         
 7848735 75731       21.9068    22                     21.9068 2.02e+08         
 7873227 75904       21.9068    10                     21.9068 2.03e+08         
 7898614 77133       21.9068    22                     21.9068 2.03e+08         
 7924949 80703       21.9068    18                     21.9068 2.04e+08         
Elapsed real time = 5868.59 sec. (tree size = 26.05 MB, solutions = 0)
 7951519 82938       21.9068    18                     21.9068 2.05e+08         
 7978620 84313       21.9068    19                     21.9068 2.05e+08         
 8005512 86350       21.9068    17                     21.9068 2.06e+08         
 8031704 88609       21.9068    26                     21.9068 2.06e+08         
 8057758 90472       21.9068    20                     21.9068 2.07e+08         
 8084250 91851       21.9068    23                     21.9068 2.08e+08         
 8110100 93584       21.9068    20                     21.9068 2.08e+08         
 8135138 94399       21.9068    16                     21.9068 2.09e+08         
 8161269 94863       21.9068    22                     21.9068 2.10e+08         
 8185814 96833       21.9068    15                     21.9068 2.10e+08         
Elapsed real time = 6032.18 sec. (tree size = 30.52 MB, solutions = 0)
 8210026 97066       21.9068    15                     21.9068 2.11e+08         
 8234292 97298       21.9068    13                     21.9068 2.11e+08         
 8258570 97790       21.9068    16                     21.9068 2.12e+08         
 8283386 98412       21.9068    18                     21.9068 2.13e+08         
 8308007 98830       21.9068    21                     21.9068 2.13e+08         
 8334144 100425       21.9068    20                     21.9068 2.14e+08         
 8359963 100896       21.9068    12                     21.9068 2.15e+08         
 8385562 101291       21.9068    10                     21.9068 2.15e+08         
 8410619 101755       21.9068    20                     21.9068 2.16e+08         
 8436614 102386       21.9068    20                     21.9068 2.16e+08         
Elapsed real time = 6209.73 sec. (tree size = 32.06 MB, solutions = 0)
 8462106 102930       21.9068    12                     21.9068 2.17e+08         
 8488123 103538       21.9068    16                     21.9068 2.18e+08         
 8514090 103734       21.9068    21                     21.9068 2.18e+08         
 8539475 103707       21.9068    15                     21.9068 2.19e+08         
 8564388 104079       21.9068    20                     21.9068 2.20e+08         
 8589599 104783       21.9068    13                     21.9068 2.20e+08         
 8614773 104842       21.9068    13                     21.9068 2.21e+08         
 8639181 105345       21.9068    15                     21.9068 2.21e+08         
 8663689 105784       21.9068    14                     21.9068 2.22e+08         
 8688272 106256       21.9068    11                     21.9068 2.23e+08         
Elapsed real time = 6387.63 sec. (tree size = 33.14 MB, solutions = 0)
 8712630 106531       21.9068    18                     21.9068 2.23e+08         
 8737455 107302       21.9068    15                     21.9068 2.24e+08         
 8761651 107612       21.9068    14                     21.9068 2.25e+08         
 8786016 107772       21.9068    16                     21.9068 2.25e+08         
 8810654 108048       21.9068    16                     21.9068 2.26e+08         
 8835377 108622       21.9068    18                     21.9068 2.26e+08         
 8861167 109392       21.9068    23                     21.9068 2.27e+08         
 8887613 109324       21.9068    16                     21.9068 2.28e+08         
 8911211 109588       21.9068    22                     21.9068 2.28e+08         
 8935994 109871       21.9068    15                     21.9068 2.29e+08         
Elapsed real time = 6566.13 sec. (tree size = 34.15 MB, solutions = 0)
 8960908 110383       21.9068    23                     21.9068 2.30e+08         
 8985950 110430       21.9068    17                     21.9068 2.30e+08         
 9010454 110850       21.9068    14                     21.9068 2.31e+08         
 9034925 111303       21.9068    17                     21.9068 2.31e+08         
 9059511 112318       21.9068    20                     21.9068 2.32e+08         
 9084867 112687       21.9068    15                     21.9068 2.33e+08         
 9109151 113017       21.9068    15                     21.9068 2.33e+08         
 9134422 114248       21.9068    15                     21.9068 2.34e+08         
 9159943 114682       21.9068    15                     21.9068 2.35e+08         
 9185718 114817       21.9068    13                     21.9068 2.35e+08         
Elapsed real time = 6744.65 sec. (tree size = 35.52 MB, solutions = 0)
 9211665 114740       21.9068    11                     21.9068 2.36e+08         
 9236860 114657       21.9068    16                     21.9068 2.36e+08         
 9262291 114706       21.9068    15                     21.9068 2.37e+08         
 9287189 115202       21.9068    17                     21.9068 2.38e+08         
 9311274 115844       21.9068    20                     21.9068 2.38e+08         
 9335578 116339       21.9068    16                     21.9068 2.39e+08         
 9359991 116595       21.9068    21                     21.9068 2.40e+08         
 9383977 117071       21.9068    15                     21.9068 2.40e+08         
 9408643 117481       21.9068    15                     21.9068 2.41e+08         
 9433423 117100       21.9068    15                     21.9068 2.42e+08         
Elapsed real time = 6921.13 sec. (tree size = 36.15 MB, solutions = 0)
 9457845 117254       21.9068    20                     21.9068 2.42e+08         
 9483090 118143       21.9068    23                     21.9068 2.43e+08         
 9508840 118749       21.9068    23                     21.9068 2.43e+08         
 9534261 119344       21.9068    15                     21.9068 2.44e+08         
 9559810 119646       21.9068    19                     21.9068 2.45e+08         
 9586845 119885       21.9068    15                     21.9068 2.45e+08         
 9612351 120457       21.9068    24                     21.9068 2.46e+08         
 9635565 122509       21.9068    13                     21.9068 2.47e+08         
 9659053 123038       21.9068    17                     21.9068 2.47e+08         
 9681931 124111       21.9068    17                     21.9068 2.48e+08         
Elapsed real time = 7099.00 sec. (tree size = 38.11 MB, solutions = 0)
 9705139 124409       21.9068    14                     21.9068 2.48e+08         
 9728497 125175       21.9068    13                     21.9068 2.49e+08         
 9752067 125818       21.9068    21                     21.9068 2.50e+08         
 9775492 126616       21.9068    15                     21.9068 2.50e+08         
 9799407 127371       21.9068    13                     21.9068 2.51e+08         
 9823283 128126       21.9068    15                     21.9068 2.52e+08         
 9847465 128829       21.9068    15                     21.9068 2.52e+08         
 9872229 129195       21.9068    29                     21.9068 2.53e+08         
 9896997 130030       21.9068    16                     21.9068 2.54e+08         
 9920724 130653       21.9068    19                     21.9068 2.54e+08         
Elapsed real time = 7275.21 sec. (tree size = 39.92 MB, solutions = 0)
 9944860 131231       21.9068    21                     21.9068 2.55e+08         
 9968549 131508       21.9068    16                     21.9068 2.55e+08         
 9992472 132488       21.9068    16                     21.9068 2.56e+08         
 10016729 133800       21.9068    17                     21.9068 2.57e+08         
 10042450 134719       21.9068    18                     21.9068 2.57e+08         
 10067216 136148       21.9068    12                     21.9068 2.58e+08         
 10093762 136779       21.9068    14                     21.9068 2.59e+08         
 10118958 136991       21.9068    13                     21.9068 2.59e+08         
 10144007 137499       21.9068    21                     21.9068 2.60e+08         
 10168722 138070       21.9068    21                     21.9068 2.61e+08         
Elapsed real time = 7450.80 sec. (tree size = 43.67 MB, solutions = 0)
 10194128 138023       21.9068    17                     21.9068 2.61e+08         
 10218685 138235       21.9068    16                     21.9068 2.62e+08         
 10241758 138452       21.9068    22                     21.9068 2.62e+08         
 10265233 138445       21.9068    13                     21.9068 2.63e+08         
 10288740 138326       21.9068    16                     21.9068 2.64e+08         
 10313467 138574       21.9068    12                     21.9068 2.64e+08         
 10335852 139051       21.9068    19                     21.9068 2.65e+08         
 10357904 139117       21.9068    19                     21.9068 2.66e+08         
 10379840 139582       21.9068    14                     21.9068 2.66e+08         
 10401945 139624       21.9068    14                     21.9068 2.67e+08         
Elapsed real time = 7630.39 sec. (tree size = 44.11 MB, solutions = 0)
 10424379 139828       21.9068    23                     21.9068 2.68e+08         
 10447567 140118       21.9068    14                     21.9068 2.68e+08         
 10471015 140293       21.9068    19                     21.9068 2.69e+08         
 10493708 140072       21.9068    15                     21.9068 2.69e+08         
 10515503 140580       21.9068    12                     21.9068 2.70e+08         
 10537585 140805       21.9068    14                     21.9068 2.71e+08         
 10560048 140721       21.9068    20                     21.9068 2.71e+08         
 10583104 140556       21.9068    13                     21.9068 2.72e+08         
 10605917 140666       21.9068    11                     21.9068 2.73e+08         
 10628814 140569       21.9068    19                     21.9068 2.73e+08         
Elapsed real time = 7809.40 sec. (tree size = 44.37 MB, solutions = 0)
 10651314 140788       21.9068    14                     21.9068 2.74e+08         
 10674614 140817       21.9068    13                     21.9068 2.74e+08         
 10697599 140737       21.9068    12                     21.9068 2.75e+08         
 10720756 140622       21.9068    15                     21.9068 2.76e+08         
 10743177 140209       21.9068    18                     21.9068 2.76e+08         
 10765155 140129       21.9068    15                     21.9068 2.77e+08         
 10787545 139949       21.9068    17                     21.9068 2.78e+08         
 10810821 139979       21.9068    16                     21.9068 2.78e+08         
 10834058 139957       21.9068    13                     21.9068 2.79e+08         
 10857169 139949       21.9068    13                     21.9068 2.80e+08         
Elapsed real time = 7991.03 sec. (tree size = 44.20 MB, solutions = 0)
 10880349 140031       21.9068    13                     21.9068 2.80e+08         
 10904063 140001       21.9068    22                     21.9068 2.81e+08         
 10928593 140707       21.9068    20                     21.9068 2.81e+08         
 10952515 141556       21.9068    18                     21.9068 2.82e+08         
 10976829 141270       21.9068    19                     21.9068 2.83e+08         
 11000773 141886       21.9068    19                     21.9068 2.83e+08         
 11026240 146072       21.9068    19                     21.9068 2.84e+08         
 11049189 147095       21.9068    21                     21.9068 2.85e+08         
 11071987 147296       21.9068    13                     21.9068 2.85e+08         
 11094762 148295       21.9068    14                     21.9068 2.86e+08         
Elapsed real time = 8171.08 sec. (tree size = 46.51 MB, solutions = 0)
 11117944 148827       21.9068    12                     21.9068 2.86e+08         
 11141144 149371       21.9068    15                     21.9068 2.87e+08         
 11163949 150073       21.9068    17                     21.9068 2.88e+08         
 11186861 150568       21.9068    13                     21.9068 2.88e+08         
 11209813 150595       21.9068    15                     21.9068 2.89e+08         
 11233144 150478       21.9068    11                     21.9068 2.90e+08         
 11256278 150230       21.9068    18                     21.9068 2.90e+08         
 11278981 150900       21.9068    22                     21.9068 2.91e+08         
 11301862 151611       21.9068    13                     21.9068 2.91e+08         
 11325392 152084       21.9068    14                     21.9068 2.92e+08         
Elapsed real time = 8356.26 sec. (tree size = 47.57 MB, solutions = 0)
 11348302 152561       21.9068    15                     21.9068 2.93e+08         
 11371231 153252       21.9068    17                     21.9068 2.93e+08         
 11394644 153378       21.9068    15                     21.9068 2.94e+08         
 11418402 153549    infeasible                           21.9068 2.95e+08         
 11442521 153400       21.9068    19                     21.9068 2.95e+08         
 11466764 153428       21.9068    16                     21.9068 2.96e+08         
 11491271 153309       21.9068    16                     21.9068 2.97e+08         
 11515429 153361       21.9068    14                     21.9068 2.97e+08         
 11539825 153632       21.9068    13                     21.9068 2.98e+08         
 11564018 153436       21.9068    17                     21.9068 2.98e+08         
Elapsed real time = 8534.06 sec. (tree size = 47.95 MB, solutions = 0)
 11589474 154537       21.9068    10                     21.9068 2.99e+08         
 11615808 155123    infeasible                           21.9068 3.00e+08         
 11641087 155159       21.9068    12                     21.9068 3.00e+08         
 11665593 155512       21.9068    20                     21.9068 3.01e+08         
 11692484 157259       21.9068    16                     21.9068 3.02e+08         
 11719053 158287       21.9068    18                     21.9068 3.02e+08         
 11745232 159151       21.9068    12                     21.9068 3.03e+08         
 11770492 161262       21.9068    15                     21.9068 3.04e+08         
 11796558 162096       21.9068    27                     21.9068 3.04e+08         
 11822438 163268       21.9068    17                     21.9068 3.05e+08         
Elapsed real time = 8711.73 sec. (tree size = 51.76 MB, solutions = 0)
 11848433 163920       21.9068    21                     21.9068 3.05e+08         
 11873716 164928       21.9068    10                     21.9068 3.06e+08         
 11898559 165369       21.9068    22                     21.9068 3.07e+08         
 11923315 166017       21.9068    19                     21.9068 3.07e+08         
 11946927 166582       21.9068    17                     21.9068 3.08e+08         
 11970445 167044       21.9068    11                     21.9068 3.09e+08         
 11993739 167318       21.9068    11                     21.9068 3.09e+08         
 12017510 167734       21.9068    10                     21.9068 3.10e+08         
 12041141 167773       21.9068    13                     21.9068 3.11e+08         
 12064693 167611       21.9068    21                     21.9068 3.11e+08         
Elapsed real time = 8890.35 sec. (tree size = 52.97 MB, solutions = 0)
 12088855 167837       21.9068    15                     21.9068 3.12e+08         
 12112321 168010       21.9068    15                     21.9068 3.13e+08         
 12136012 168279    infeasible                           21.9068 3.13e+08         
 12160367 168871       21.9068    16                     21.9068 3.14e+08         
 12183972 169000       21.9068    15                     21.9068 3.14e+08         
 12207341 169375       21.9068    20                     21.9068 3.15e+08         
 12230482 169418       21.9068    21                     21.9068 3.16e+08         
 12252841 169801       21.9068    16                     21.9068 3.16e+08         
 12276122 169668       21.9068    16                     21.9068 3.17e+08         
 12299883 170175       21.9068    16                     21.9068 3.18e+08         
Elapsed real time = 9068.67 sec. (tree size = 53.68 MB, solutions = 0)
 12323705 170245       21.9068    16                     21.9068 3.18e+08         
 12347395 170264       21.9068    14                     21.9068 3.19e+08         
 12371012 170174       21.9068    16                     21.9068 3.20e+08         
 12394475 170515       21.9068    10                     21.9068 3.20e+08         
 12417759 170548       21.9068    10                     21.9068 3.21e+08         
 12441334 170697       21.9068    18                     21.9068 3.21e+08         
 12464713 171067       21.9068    15                     21.9068 3.22e+08         
 12487709 171505       21.9068    16                     21.9068 3.23e+08         
 12510686 171130       21.9068    21                     21.9068 3.23e+08         
 12534204 171215       21.9068    13                     21.9068 3.24e+08         
Elapsed real time = 9246.13 sec. (tree size = 53.97 MB, solutions = 0)
 12557478 171404       21.9068    16                     21.9068 3.25e+08         
 12580657 171336       21.9068    15                     21.9068 3.25e+08         
 12603481 171833       21.9068    24                     21.9068 3.26e+08         
 12626614 171958       21.9068    22                     21.9068 3.26e+08         
 12649468 172067       21.9068    16                     21.9068 3.27e+08         
 12673335 172139       21.9068    12                     21.9068 3.28e+08         
 12696481 172330       21.9068    16                     21.9068 3.28e+08         
 12719708 172767       21.9068    17                     21.9068 3.29e+08         
 12742968 172989       21.9068    12                     21.9068 3.30e+08         
 12766694 172875       21.9068    16                     21.9068 3.30e+08         
Elapsed real time = 9425.18 sec. (tree size = 54.44 MB, solutions = 0)
 12790682 173210       21.9068    12                     21.9068 3.31e+08         
 12814317 173479       21.9068    19                     21.9068 3.31e+08         
 12838080 173536       21.9068    14                     21.9068 3.32e+08         
 12861776 173604       21.9068    15                     21.9068 3.33e+08         
 12885925 173782       21.9068    15                     21.9068 3.33e+08         
 12908527 173957       21.9068    17                     21.9068 3.34e+08         
 12931107 173895       21.9068    20                     21.9068 3.35e+08         
 12954055 173964       21.9068    15                     21.9068 3.35e+08         
 12978509 174153       21.9068    15                     21.9068 3.36e+08         
 13002098 174580       21.9068    15                     21.9068 3.36e+08         
Elapsed real time = 9605.82 sec. (tree size = 54.91 MB, solutions = 0)
 13025552 174620    infeasible                           21.9068 3.37e+08         
 13050346 174799       21.9068    20                     21.9068 3.38e+08         
 13074754 174982       21.9068    17                     21.9068 3.38e+08         
 13099161 175175       21.9068    15                     21.9068 3.39e+08         
 13123800 175203       21.9068    15                     21.9068 3.40e+08         
 13148498 175756       21.9068    14                     21.9068 3.40e+08         
 13173719 176149       21.9068    14                     21.9068 3.41e+08         
 13200275 176001       21.9068    14                     21.9068 3.41e+08         
 13225618 175867       21.9068    14                     21.9068 3.42e+08         
 13251378 176336       21.9068    16                     21.9068 3.43e+08         
Elapsed real time = 9785.86 sec. (tree size = 55.39 MB, solutions = 0)
 13278544 176663       21.9068    16                     21.9068 3.43e+08         
 13306297 176863       21.9068    17                     21.9068 3.44e+08         
 13331818 177124       21.9068    13                     21.9068 3.45e+08         
 13356982 177313       21.9068    16                     21.9068 3.45e+08         
 13381784 177380       21.9068    13                     21.9068 3.46e+08         
 13407074 177565       21.9068    14                     21.9068 3.46e+08         
 13432595 177410       21.9068    19                     21.9068 3.47e+08         
 13458405 177231       21.9068    13                     21.9068 3.48e+08         
 13483250 177466       21.9068    14                     21.9068 3.48e+08         
 13509374 177471       21.9068    22                     21.9068 3.49e+08         
Elapsed real time = 9965.62 sec. (tree size = 55.71 MB, solutions = 0)
 13535391 177443       21.9068    17                     21.9068 3.49e+08         
 13559677 177436       21.9068    18                     21.9068 3.50e+08         
 13584839 177380       21.9068    16                     21.9068 3.51e+08         
 13609395 177323       21.9068    12                     21.9068 3.51e+08         
 13634965 177176       21.9068    10                     21.9068 3.52e+08         
 13659887 177153       21.9068    20                     21.9068 3.53e+08         
 13684664 177231       21.9068    21                     21.9068 3.53e+08         
 13710534 177721       21.9068    16                     21.9068 3.54e+08         
 13736516 178615       21.9068    16                     21.9068 3.55e+08         
 13763198 179197       21.9068    14                     21.9068 3.55e+08         
Elapsed real time = 10143.76 sec. (tree size = 56.19 MB, solutions = 0)
 13788779 179652       21.9068    20                     21.9068 3.56e+08         
 13813529 179917       21.9068    26                     21.9068 3.56e+08         
 13839631 180614       21.9068    11                     21.9068 3.57e+08         
 13866289 180986       21.9068    12                     21.9068 3.58e+08         
 13892587 181247       21.9068    26                     21.9068 3.58e+08         
 13918366 181648       21.9068    16                     21.9068 3.59e+08         
 13944523 182051       21.9068    18                     21.9068 3.60e+08         
 13970952 183029       21.9068    12                     21.9068 3.60e+08         
 13996894 183543       21.9068    11                     21.9068 3.61e+08         
 14022377 184112       21.9068    18                     21.9068 3.62e+08         
Elapsed real time = 10322.05 sec. (tree size = 57.55 MB, solutions = 0)
 14045898 184404       21.9068    12                     21.9068 3.62e+08         
 14071673 184957       21.9068    17                     21.9068 3.63e+08         
 14097297 185520       21.9068    11                     21.9068 3.63e+08         
 14122795 186263       21.9068    16                     21.9068 3.64e+08         
 14148600 186942       21.9068    14                     21.9068 3.65e+08         
 14173880 187242       21.9068    10                     21.9068 3.65e+08         
 14199769 187510       21.9068    22                     21.9068 3.66e+08         
 14225745 188121       21.9068    21                     21.9068 3.67e+08         
 14251440 189127       21.9068    13                     21.9068 3.67e+08         
 14274964 190231       21.9068    24                     21.9068 3.68e+08         
Elapsed real time = 10497.90 sec. (tree size = 60.55 MB, solutions = 0)
 14300188 191872       21.9068    16                     21.9068 3.69e+08         
 14325378 192728       21.9068    16                     21.9068 3.69e+08         
 14350713 193431       21.9068    18                     21.9068 3.70e+08         
 14376750 193833       21.9068    17                     21.9068 3.71e+08         
 14402260 193987       21.9068    16                     21.9068 3.71e+08         
 14428457 193266       21.9068    19                     21.9068 3.72e+08         
 14454099 192635       21.9068    15                     21.9068 3.72e+08         
 14479108 192760       21.9068    27                     21.9068 3.73e+08         
 14503962 193306       21.9068    17                     21.9068 3.74e+08         
 14527753 194614       21.9068    20                     21.9068 3.74e+08         
Elapsed real time = 10675.49 sec. (tree size = 61.77 MB, solutions = 0)
 14550883 194742       21.9068    18                     21.9068 3.75e+08         
 14574879 194743       21.9068    23                     21.9068 3.76e+08         
 14598160 195142       21.9068    10                     21.9068 3.76e+08         
 14622087 195371       21.9068    15                     21.9068 3.77e+08         
 14645386 195578       21.9068    14                     21.9068 3.78e+08         
 14668992 196126       21.9068    16                     21.9068 3.78e+08         
 14692783 196163       21.9068    13                     21.9068 3.79e+08         
 14716635 196369       21.9068    16                     21.9068 3.80e+08         
 14740057 196469       21.9068    20                     21.9068 3.80e+08         
 14763589 197137       21.9068    15                     21.9068 3.81e+08         
Elapsed real time = 10852.92 sec. (tree size = 62.47 MB, solutions = 0)
 14787255 197242       21.9068    15                     21.9068 3.82e+08         
 14810450 197997       21.9068    12                     21.9068 3.82e+08         
 14833916 198567       21.9068    19                     21.9068 3.83e+08         
 14857172 198892       21.9068    17                     21.9068 3.84e+08         
 14880931 199756       21.9068    22                     21.9068 3.84e+08         
 14905192 200516       21.9068    15                     21.9068 3.85e+08         
 14929294 200585       21.9068    20                     21.9068 3.85e+08         
 14953129 200760       21.9068    13                     21.9068 3.86e+08         
 14976608 201065       21.9068    18                     21.9068 3.87e+08         
 15000306 201037       21.9068    16                     21.9068 3.87e+08         
Elapsed real time = 11028.96 sec. (tree size = 63.56 MB, solutions = 0)
 15024145 201366       21.9068    15                     21.9068 3.88e+08         
 15048070 202173       21.9068    16                     21.9068 3.89e+08         
 15071841 202398       21.9068    18                     21.9068 3.89e+08         
 15095672 202805       21.9068    15                     21.9068 3.90e+08         
 15118895 202918       21.9068    10                     21.9068 3.91e+08         
 15142477 202941       21.9068    15                     21.9068 3.91e+08         
 15165977 202801       21.9068    14                     21.9068 3.92e+08         
 15189785 202820       21.9068    13                     21.9068 3.93e+08         
 15213357 202886       21.9068    16                     21.9068 3.93e+08         
 15237743 203114       21.9068    12                     21.9068 3.94e+08         
Elapsed real time = 11204.18 sec. (tree size = 64.14 MB, solutions = 0)
 15261820 203229       21.9068    15                     21.9068 3.95e+08         
 15285885 203479       21.9068    12                     21.9068 3.95e+08         
 15309722 203438       21.9068    22                     21.9068 3.96e+08         
 15333665 203387       21.9068    18                     21.9068 3.97e+08         
 15357444 203515       21.9068    13                     21.9068 3.97e+08         
 15381507 203509       21.9068    10                     21.9068 3.98e+08         
 15405217 203698       21.9068    15                     21.9068 3.99e+08         
 15429355 204171       21.9068    16                     21.9068 3.99e+08         
 15453904 204058       21.9068    20                     21.9068 4.00e+08         
 15478090 204294       21.9068    12                     21.9068 4.00e+08         
Elapsed real time = 11381.24 sec. (tree size = 64.46 MB, solutions = 0)
 15502273 204146       21.9068    17                     21.9068 4.01e+08         
 15526745 204063       21.9068    15                     21.9068 4.02e+08         
 15550808 204329       21.9068    18                     21.9068 4.02e+08         
 15573734 204651       21.9068    14                     21.9068 4.03e+08         
 15597936 204747       21.9068    15                     21.9068 4.04e+08         
 15621944 204347       21.9068    19                     21.9068 4.04e+08         
 15646191 205071       21.9068    14                     21.9068 4.05e+08         
 15671445 205330       21.9068    22                     21.9068 4.06e+08         
 15696294 205235       21.9068    14                     21.9068 4.06e+08         
 15720737 205015       21.9068    14                     21.9068 4.07e+08         
Elapsed real time = 11558.20 sec. (tree size = 64.67 MB, solutions = 0)
 15745151 205506       21.9068    14                     21.9068 4.08e+08         
 15769620 206615       21.9068    14                     21.9068 4.08e+08         
 15794302 206913       21.9068    24                     21.9068 4.09e+08         
 15819155 207407       21.9068    22                     21.9068 4.10e+08         
 15844383 208013       21.9068    15                     21.9068 4.10e+08         
 15869346 208242       21.9068    11                     21.9068 4.11e+08         
 15894997 208096       21.9068    12                     21.9068 4.11e+08         
 15920718 207768       21.9068    20                     21.9068 4.12e+08         
 15946470 207634       21.9068    12                     21.9068 4.13e+08         
 15971170 207713       21.9068    16                     21.9068 4.13e+08         
Elapsed real time = 11734.21 sec. (tree size = 65.41 MB, solutions = 0)
 15995961 208442       21.9068    13                     21.9068 4.14e+08         
 16021609 208143       21.9068    14                     21.9068 4.15e+08         
 16046552 208660       21.9068    22                     21.9068 4.15e+08         
 16071276 208737       21.9068    18                     21.9068 4.16e+08         
 16095956 208808       21.9068    16                     21.9068 4.17e+08         
 16121844 208479       21.9068    13                     21.9068 4.17e+08         
 16147410 208651       21.9068    15                     21.9068 4.18e+08         
 16172585 208779       21.9068    15                     21.9068 4.18e+08         
 16197558 209312       21.9068    20                     21.9068 4.19e+08         
 16222743 209681       21.9068    14                     21.9068 4.20e+08         
Elapsed real time = 11912.70 sec. (tree size = 65.97 MB, solutions = 0)
 16247822 210410       21.9068    20                     21.9068 4.20e+08         
 16271899 212360       21.9068    20                     21.9068 4.21e+08         
 16296633 213772       21.9068    16                     21.9068 4.22e+08         
 16321346 214264       21.9068    12                     21.9068 4.22e+08         
 16346025 214032       21.9068    20                     21.9068 4.23e+08         
 16370766 213727       21.9068    20                     21.9068 4.24e+08         
 16395577 213687       21.9068    14                     21.9068 4.24e+08         
 16420683 214036       21.9068    24                     21.9068 4.25e+08         
 16445536 214295       21.9068    20                     21.9068 4.25e+08         
 16469948 215413       21.9068    15                     21.9068 4.26e+08         
Elapsed real time = 12089.16 sec. (tree size = 67.55 MB, solutions = 0)
 16495343 216676       21.9068    24                     21.9068 4.27e+08         
 16520885 216651       21.9068    21                     21.9068 4.27e+08         
 16546058 216454       21.9068    12                     21.9068 4.28e+08         
 16571187 216536       21.9068    21                     21.9068 4.29e+08         
 16596372 216860       21.9068    20                     21.9068 4.29e+08         
 16621575 217446       21.9068    14                     21.9068 4.30e+08         
 16646289 217827       21.9068    14                     21.9068 4.31e+08         
 16671185 218171       21.9068    22                     21.9068 4.31e+08         
 16696568 218075       21.9068    24                     21.9068 4.32e+08         
 16722217 220122       21.9068    12                     21.9068 4.33e+08         
Elapsed real time = 12266.17 sec. (tree size = 68.86 MB, solutions = 0)
 16749024 222946       21.9068    18                     21.9068 4.33e+08         
 16775551 225990       21.9068    20                     21.9068 4.34e+08         
 16802118 229576       21.9068    27                     21.9068 4.34e+08         
 16829261 231894       21.9068    18                     21.9068 4.35e+08         
 16856866 233362       21.9068    16                     21.9068 4.36e+08         
 16884432 233976       21.9068    21                     21.9068 4.36e+08         
 16912857 234106       21.9068    17                     21.9068 4.37e+08         
 16940678 234827       21.9068    19                     21.9068 4.38e+08         
 16968387 235958       21.9068    23                     21.9068 4.38e+08         
 16995670 238033       21.9068    21                     21.9068 4.39e+08         
Elapsed real time = 12443.76 sec. (tree size = 75.40 MB, solutions = 0)
 17022581 238664       21.9068    20                     21.9068 4.40e+08         
 17049571 239387       21.9068    14                     21.9068 4.40e+08         
 17076633 239802       21.9068    21                     21.9068 4.41e+08         
 17103176 240240       21.9068    13                     21.9068 4.41e+08         
 17129633 241040       21.9068    18                     21.9068 4.42e+08         
 17156833 241509       21.9068    19                     21.9068 4.43e+08         
 17184130 242767       21.9068    25                     21.9068 4.43e+08         
 17211342 243763       21.9068    28                     21.9068 4.44e+08         
 17238615 244170       21.9068    17                     21.9068 4.45e+08         
 17265736 244887       21.9068    14                     21.9068 4.45e+08         
Elapsed real time = 12620.27 sec. (tree size = 77.31 MB, solutions = 0)
 17292887 245556       21.9068    15                     21.9068 4.46e+08         
 17319853 245657       21.9068    11                     21.9068 4.47e+08         
 17345943 245863       21.9068    21                     21.9068 4.47e+08         
 17372390 247446       21.9068    25                     21.9068 4.48e+08         
 17398436 248863       21.9068    19                     21.9068 4.49e+08         
 17424658 249708       21.9068    17                     21.9068 4.49e+08         
 17450231 250173       21.9068    14                     21.9068 4.50e+08         
 17475576 251072       21.9068    22                     21.9068 4.51e+08         
 17500439 251530       21.9068    16                     21.9068 4.51e+08         
 17525391 251967       21.9068    12                     21.9068 4.52e+08         
Elapsed real time = 12797.79 sec. (tree size = 79.27 MB, solutions = 0)
 17550454 253700       21.9068    21                     21.9068 4.53e+08         
 17575566 255363       21.9068    18                     21.9068 4.53e+08         
 17600858 256503       21.9068    18                     21.9068 4.54e+08         
 17626037 257339       21.9068    20                     21.9068 4.54e+08         
 17651781 258514       21.9068    17                     21.9068 4.55e+08         
 17676983 259498       21.9068    19                     21.9068 4.56e+08         
 17701693 260483       21.9068    21                     21.9068 4.56e+08         
 17726208 261410       21.9068    20                     21.9068 4.57e+08         
 17751076 262103       21.9068    17                     21.9068 4.58e+08         
 17776208 263622       21.9068    19                     21.9068 4.58e+08         
Elapsed real time = 12972.17 sec. (tree size = 82.50 MB, solutions = 0)
 17801977 265209       21.9068    17                     21.9068 4.59e+08         
 17825283 267183       21.9068    17                     21.9068 4.60e+08         
 17849402 268185       21.9068    19                     21.9068 4.60e+08         
 17873023 268734       21.9068    23                     21.9068 4.61e+08         
 17896789 269438       21.9068    17                     21.9068 4.62e+08         
 17920780 270133       21.9068    12                     21.9068 4.62e+08         
 17944203 270582       21.9068    18                     21.9068 4.63e+08         
 17968142 271384       21.9068    16                     21.9068 4.64e+08         
 17992251 271718       21.9068    12                     21.9068 4.64e+08         
 18016535 272203       21.9068    15                     21.9068 4.65e+08         
Elapsed real time = 13147.29 sec. (tree size = 84.88 MB, solutions = 0)
 18040419 272408       21.9068    18                     21.9068 4.66e+08         
 18065048 272386       21.9068    14                     21.9068 4.66e+08         
 18089837 272267       21.9068    16                     21.9068 4.67e+08         
 18113782 272665       21.9068    15                     21.9068 4.68e+08         
 18137301 272595       21.9068    18                     21.9068 4.68e+08         
 18161399 273794       21.9068    18                     21.9068 4.69e+08         
 18186127 274869       21.9068    17                     21.9068 4.70e+08         
 18210543 275200       21.9068    22                     21.9068 4.70e+08         
 18234505 275644       21.9068    16                     21.9068 4.71e+08         
 18257683 276282       21.9068    11                     21.9068 4.72e+08         
Elapsed real time = 13325.17 sec. (tree size = 87.90 MB, solutions = 0)
 18281006 276453       21.9068    14                     21.9068 4.72e+08         
 18304935 277377       21.9068    17                     21.9068 4.73e+08         
 18330410 278899       21.9068    16                     21.9068 4.73e+08         
 18357281 280056       21.9068    12                     21.9068 4.74e+08         
 18383371 281058       21.9068    13                     21.9068 4.75e+08         
 18409942 281725       21.9068    21                     21.9068 4.75e+08         
 18436026 282191       21.9068    13                     21.9068 4.76e+08         
 18462238 283349       21.9068    19                     21.9068 4.77e+08         
 18485828 284167       21.9068    10                     21.9068 4.77e+08         
 18508156 284768       21.9068    20                     21.9068 4.78e+08         
Elapsed real time = 13501.49 sec. (tree size = 90.25 MB, solutions = 0)
 18532216 285654       21.9068    20                     21.9068 4.79e+08         
 18556954 285748       21.9068    16                     21.9068 4.79e+08         
 18581139 286132       21.9068    20                     21.9068 4.80e+08         
 18605456 286096       21.9068    16                     21.9068 4.81e+08         
 18629205 286504       21.9068    17                     21.9068 4.81e+08         
 18652315 286720       21.9068    14                     21.9068 4.82e+08         
 18675952 286756       21.9068    14                     21.9068 4.82e+08         
 18700469 286712       21.9068    22                     21.9068 4.83e+08         
 18723874 286916       21.9068    18                     21.9068 4.84e+08         
 18747298 287008       21.9068    17                     21.9068 4.84e+08         
Elapsed real time = 13679.72 sec. (tree size = 90.88 MB, solutions = 0)
 18770411 286911       21.9068     9                     21.9068 4.85e+08         
 18795374 287429       21.9068    21                     21.9068 4.86e+08         
 18820367 287496       21.9068    14                     21.9068 4.86e+08         
 18844822 287534       21.9068    14                     21.9068 4.87e+08         
 18869588 287742       21.9068    18                     21.9068 4.88e+08         
 18894370 288762       21.9068    15                     21.9068 4.88e+08         
 18919684 289881       21.9068    25                     21.9068 4.89e+08         
 18944234 289821       21.9068    18                     21.9068 4.90e+08         
 18968357 289873       21.9068    13                     21.9068 4.90e+08         
 18992722 289991       21.9068    13                     21.9068 4.91e+08         
Elapsed real time = 13855.75 sec. (tree size = 91.71 MB, solutions = 0)
 19017416 290647    infeasible                           21.9068 4.91e+08         
 19041582 291148       21.9068    19                     21.9068 4.92e+08         
 19066076 291128       21.9068    16                     21.9068 4.93e+08         
 19090496 291346       21.9068    19                     21.9068 4.93e+08         
 19114717 291125    infeasible                           21.9068 4.94e+08         
 19139875 291194       21.9068    19                     21.9068 4.95e+08         
 19164578 292148       21.9068    16                     21.9068 4.95e+08         
 19191828 294347       21.9068    20                     21.9068 4.96e+08         
 19218280 295218       21.9068    15                     21.9068 4.97e+08         
 19243862 295936       21.9068    21                     21.9068 4.97e+08         
Elapsed real time = 14033.15 sec. (tree size = 93.36 MB, solutions = 0)
 19269091 296475       21.9068    10                     21.9068 4.98e+08         
 19296425 298042       21.9068    15                     21.9068 4.98e+08         
 19323332 299492       21.9068     9                     21.9068 4.99e+08         
 19348519 300119       21.9068    10                     21.9068 5.00e+08         
 19374687 300673       21.9068    14                     21.9068 5.00e+08         
 19400742 300848       21.9068    14                     21.9068 5.01e+08         
 19426591 301619       21.9068    14                     21.9068 5.02e+08         
 19453060 303662       21.9068    20                     21.9068 5.02e+08         
 19480229 304211       21.9068    19                     21.9068 5.03e+08         
 19506624 304490       21.9068    19                     21.9068 5.03e+08         
Elapsed real time = 14211.92 sec. (tree size = 95.75 MB, solutions = 0)
 19532727 304652       21.9068    17                     21.9068 5.04e+08         
 19558603 304884       21.9068    11                     21.9068 5.05e+08         
 19583958 305176       21.9068    16                     21.9068 5.05e+08         
 19610261 305471       21.9068    20                     21.9068 5.06e+08         
 19636399 304857       21.9068     8                     21.9068 5.07e+08         
 19661768 304852       21.9068    17                     21.9068 5.07e+08         
 19687816 305409       21.9068    16                     21.9068 5.08e+08         
 19713593 305290       21.9068    16                     21.9068 5.08e+08         
 19738777 305602       21.9068    11                     21.9068 5.09e+08         
 19764314 305316       21.9068    24                     21.9068 5.10e+08         
Elapsed real time = 14392.13 sec. (tree size = 95.97 MB, solutions = 0)
 19790782 305306       21.9068    13                     21.9068 5.10e+08         
 19817183 305986       21.9068    24                     21.9068 5.11e+08         
 19843197 306000       21.9068    21                     21.9068 5.12e+08         
 19869090 306695       21.9068    25                     21.9068 5.12e+08         
 19896519 307844       21.9068    20                     21.9068 5.13e+08         
 19923071 309535       21.9068    13                     21.9068 5.13e+08         
 19949951 311021       21.9068    24                     21.9068 5.14e+08         
 19975674 311804       21.9068    17                     21.9068 5.15e+08         
 20002168 311208       21.9068    16                     21.9068 5.15e+08         
 20026920 312187       21.9068    23                     21.9068 5.16e+08         
Elapsed real time = 14566.80 sec. (tree size = 97.89 MB, solutions = 0)
 20052114 312022       21.9068    14                     21.9068 5.17e+08         
 20077622 311501       21.9068    17                     21.9068 5.17e+08         
 20103127 311557       21.9068    13                     21.9068 5.18e+08         
 20128257 311757    infeasible                           21.9068 5.19e+08         
 20153936 311714       21.9068    21                     21.9068 5.19e+08         
 20179712 311886       21.9068    18                     21.9068 5.20e+08         
 20205303 312067       21.9068    16                     21.9068 5.20e+08         
 20230877 312348       21.9068    22                     21.9068 5.21e+08         
 20257384 313467       21.9068    19                     21.9068 5.22e+08         
 20284643 315052       21.9068    23                     21.9068 5.22e+08         
Elapsed real time = 14743.95 sec. (tree size = 98.68 MB, solutions = 0)
 20311847 314960       21.9068    20                     21.9068 5.23e+08         
 20337792 314934       21.9068    17                     21.9068 5.24e+08         
 20363196 315945       21.9068    11                     21.9068 5.24e+08         
 20388972 316543       21.9068    23                     21.9068 5.25e+08         
 20414485 317227       21.9068    14                     21.9068 5.26e+08         
 20437449 317705       21.9068    14                     21.9068 5.26e+08         
 20460172 318273       21.9068    12                     21.9068 5.27e+08         
 20483479 318165    infeasible                           21.9068 5.27e+08         
 20507058 318056       21.9068    11                     21.9068 5.28e+08         
 20530523 317715       21.9068    16                     21.9068 5.29e+08         
Elapsed real time = 14923.07 sec. (tree size = 99.42 MB, solutions = 0)
 20555268 317753       21.9068    14                     21.9068 5.29e+08         
 20579982 318001       21.9068    18                     21.9068 5.30e+08         
 20602711 318329       21.9068    14                     21.9068 5.31e+08         
 20625381 318703       21.9068    16                     21.9068 5.31e+08         
 20648195 318659       21.9068    11                     21.9068 5.32e+08         
 20671515 319016       21.9068    14                     21.9068 5.32e+08         
 20693323 319433       21.9068    15                     21.9068 5.33e+08         
 20715293 319520       21.9068    14                     21.9068 5.34e+08         
 20737892 319125       21.9068    17                     21.9068 5.34e+08         
 20760532 319672       21.9068    16                     21.9068 5.35e+08         
Elapsed real time = 15103.60 sec. (tree size = 99.97 MB, solutions = 0)
 20783577 319526       21.9068    14                     21.9068 5.36e+08         
 20807419 319348       21.9068    18                     21.9068 5.36e+08         
 20831229 319425       21.9068     9                     21.9068 5.37e+08         
 20855442 319166       21.9068    13                     21.9068 5.37e+08         
 20880232 318812       21.9068    18                     21.9068 5.38e+08         
 20905599 318945       21.9068    17                     21.9068 5.39e+08         
 20929339 318878       21.9068    15                     21.9068 5.39e+08         
 20953786 319143       21.9068    17                     21.9068 5.40e+08         
 20979362 319561       21.9068    10                     21.9068 5.41e+08         
 21004602 320409       21.9068    16                     21.9068 5.41e+08         
Elapsed real time = 15283.63 sec. (tree size = 100.17 MB, solutions = 0)
 21029390 321697       21.9068    15                     21.9068 5.42e+08         
 21054768 322672       21.9068    16                     21.9068 5.43e+08         
 21080410 323649       21.9068    18                     21.9068 5.43e+08         
 21106501 324290       21.9068    19                     21.9068 5.44e+08         
 21131690 325125       21.9068    21                     21.9068 5.44e+08         
 21157108 325687       21.9068    18                     21.9068 5.45e+08         
 21182777 326249       21.9068    11                     21.9068 5.46e+08         
 21208523 326302       21.9068    16                     21.9068 5.46e+08         
 21233452 326378       21.9068    21                     21.9068 5.47e+08         
 21258288 326734       21.9068    15                     21.9068 5.48e+08         
Elapsed real time = 15461.78 sec. (tree size = 101.94 MB, solutions = 0)
 21284266 327444       21.9068    18                     21.9068 5.48e+08         
 21308124 327373       21.9068    19                     21.9068 5.49e+08         
 21333258 327940       21.9068    16                     21.9068 5.50e+08         
 21357992 328785       21.9068    19                     21.9068 5.50e+08         
 21382351 330581       21.9068    20                     21.9068 5.51e+08         
 21408736 332894       21.9068    18                     21.9068 5.52e+08         
 21434775 334718       21.9068    22                     21.9068 5.52e+08         
 21461322 335785       21.9068    27                     21.9068 5.53e+08         
 21487590 339370       21.9068    17                     21.9068 5.54e+08         
 21514062 341497       21.9068    13                     21.9068 5.54e+08         
Elapsed real time = 15639.90 sec. (tree size = 108.30 MB, solutions = 0)
 21541005 342718       21.9068    18                     21.9068 5.55e+08         
 21568247 343565       21.9068    12                     21.9068 5.55e+08         
 21595136 345094       21.9068    18                     21.9068 5.56e+08         
 21621526 345739       21.9068    16                     21.9068 5.57e+08         
 21647351 346863       21.9068    14                     21.9068 5.57e+08         
 21673566 348352       21.9068    21                     21.9068 5.58e+08         
 21700891 349535       21.9068    13                     21.9068 5.59e+08         
 21727820 349658       21.9068    21                     21.9068 5.59e+08         
 21754690 350751       21.9068    18                     21.9068 5.60e+08         
 21780554 353119       21.9068    15                     21.9068 5.61e+08         
Elapsed real time = 15818.41 sec. (tree size = 111.53 MB, solutions = 0)
 21806861 353796       21.9068    16                     21.9068 5.61e+08         
 21833058 354707       21.9068    18                     21.9068 5.62e+08         
 21859424 356241       21.9068    19                     21.9068 5.62e+08         
 21885705 356996       21.9068    19                     21.9068 5.63e+08         
 21911580 357169       21.9068    15                     21.9068 5.64e+08         
 21938191 358099       21.9068    17                     21.9068 5.64e+08         
 21963783 359145       21.9068    18                     21.9068 5.65e+08         
 21989439 360757       21.9068    20                     21.9068 5.66e+08         
 22014768 361568       21.9068    20                     21.9068 5.66e+08         
*22026774+361866                           21.9068       21.9068 5.67e+08    0.00%

Root node processing (before b&c):
  Real time             =    0.39
Parallel b&c, 4 threads:
  Real time             = 15989.46
  Sync time (average)   =  169.08
  Wait time (average)   =   16.97
                          -------
Total (root+branch&cut) = 15989.85 sec.
STATUS : Optimal
Solution status = Optimal
 Number of constraints = 553
Solution value  = 21.9068
c(0)=14.1029 c(1)=19.9068 c(2)=5.7487 c(3)=17.4974 c(4)=1.7085 c(5)=11.1029 c(6)=0 c(7)=8.7487 c(8)=14.4974 c(9)=7.39445 c(10)=16.103 c(11)=21.9068 c(12)=3.7085 c(13)=11.4974 c(14)=2.35425 c(15)=13.1029 c(16)=18.9068 c(17)=6.7487 c(18)=20.3013 c(19)=5.35425 c(20)=10.1029 c(21)=1 c(22)=16.6389 
