 numAddVar 300

Graph (V,E) with |V|= 25 and diameter = 8

Coordinates: 
vertex 1 : 0 0
vertex 2 : 1 0
vertex 3 : 2 0
vertex 4 : 3 0
vertex 5 : 4 0
vertex 6 : 0 1
vertex 7 : 1 1
vertex 8 : 2 1
vertex 9 : 3 1
vertex 10 : 4 1
vertex 11 : 0 2
vertex 12 : 1 2
vertex 13 : 2 2
vertex 14 : 3 2
vertex 15 : 4 2
vertex 16 : 0 3
vertex 17 : 1 3
vertex 18 : 2 3
vertex 19 : 3 3
vertex 20 : 4 3
vertex 21 : 0 4
vertex 22 : 1 4
vertex 23 : 2 4
vertex 24 : 3 4
vertex 25 : 4 4

Distances: 
  0   1   2   3   4   1 1.41421 2.23607 3.16228 4.12311   2 2.23607 2.82843 3.60555 4.47214   3 3.16228 3.60555 4.24264   5   4 4.12311 4.47214   5 5.65685 
  1   0   1   2   3 1.41421   1 1.41421 2.23607 3.16228 2.23607   2 2.23607 2.82843 3.60555 3.16228   3 3.16228 3.60555 4.24264 4.12311   4 4.12311 4.47214   5 
  2   1   0   1   2 2.23607 1.41421   1 1.41421 2.23607 2.82843 2.23607   2 2.23607 2.82843 3.60555 3.16228   3 3.16228 3.60555 4.47214 4.12311   4 4.12311 4.47214 
  3   2   1   0   1 3.16228 2.23607 1.41421   1 1.41421 3.60555 2.82843 2.23607   2 2.23607 4.24264 3.60555 3.16228   3 3.16228   5 4.47214 4.12311   4 4.12311 
  4   3   2   1   0 4.12311 3.16228 2.23607 1.41421   1 4.47214 3.60555 2.82843 2.23607   2   5 4.24264 3.60555 3.16228   3 5.65685   5 4.47214 4.12311   4 
  1 1.41421 2.23607 3.16228 4.12311   0   1   2   3   4   1 1.41421 2.23607 3.16228 4.12311   2 2.23607 2.82843 3.60555 4.47214   3 3.16228 3.60555 4.24264   5 
1.41421   1 1.41421 2.23607 3.16228   1   0   1   2   3 1.41421   1 1.41421 2.23607 3.16228 2.23607   2 2.23607 2.82843 3.60555 3.16228   3 3.16228 3.60555 4.24264 
2.23607 1.41421   1 1.41421 2.23607   2   1   0   1   2 2.23607 1.41421   1 1.41421 2.23607 2.82843 2.23607   2 2.23607 2.82843 3.60555 3.16228   3 3.16228 3.60555 
3.16228 2.23607 1.41421   1 1.41421   3   2   1   0   1 3.16228 2.23607 1.41421   1 1.41421 3.60555 2.82843 2.23607   2 2.23607 4.24264 3.60555 3.16228   3 3.16228 
4.12311 3.16228 2.23607 1.41421   1   4   3   2   1   0 4.12311 3.16228 2.23607 1.41421   1 4.47214 3.60555 2.82843 2.23607   2   5 4.24264 3.60555 3.16228   3 
  2 2.23607 2.82843 3.60555 4.47214   1 1.41421 2.23607 3.16228 4.12311   0   1   2   3   4   1 1.41421 2.23607 3.16228 4.12311   2 2.23607 2.82843 3.60555 4.47214 
2.23607   2 2.23607 2.82843 3.60555 1.41421   1 1.41421 2.23607 3.16228   1   0   1   2   3 1.41421   1 1.41421 2.23607 3.16228 2.23607   2 2.23607 2.82843 3.60555 
2.82843 2.23607   2 2.23607 2.82843 2.23607 1.41421   1 1.41421 2.23607   2   1   0   1   2 2.23607 1.41421   1 1.41421 2.23607 2.82843 2.23607   2 2.23607 2.82843 
3.60555 2.82843 2.23607   2 2.23607 3.16228 2.23607 1.41421   1 1.41421   3   2   1   0   1 3.16228 2.23607 1.41421   1 1.41421 3.60555 2.82843 2.23607   2 2.23607 
4.47214 3.60555 2.82843 2.23607   2 4.12311 3.16228 2.23607 1.41421   1   4   3   2   1   0 4.12311 3.16228 2.23607 1.41421   1 4.47214 3.60555 2.82843 2.23607   2 
  3 3.16228 3.60555 4.24264   5   2 2.23607 2.82843 3.60555 4.47214   1 1.41421 2.23607 3.16228 4.12311   0   1   2   3   4   1 1.41421 2.23607 3.16228 4.12311 
3.16228   3 3.16228 3.60555 4.24264 2.23607   2 2.23607 2.82843 3.60555 1.41421   1 1.41421 2.23607 3.16228   1   0   1   2   3 1.41421   1 1.41421 2.23607 3.16228 
3.60555 3.16228   3 3.16228 3.60555 2.82843 2.23607   2 2.23607 2.82843 2.23607 1.41421   1 1.41421 2.23607   2   1   0   1   2 2.23607 1.41421   1 1.41421 2.23607 
4.24264 3.60555 3.16228   3 3.16228 3.60555 2.82843 2.23607   2 2.23607 3.16228 2.23607 1.41421   1 1.41421   3   2   1   0   1 3.16228 2.23607 1.41421   1 1.41421 
  5 4.24264 3.60555 3.16228   3 4.47214 3.60555 2.82843 2.23607   2 4.12311 3.16228 2.23607 1.41421   1   4   3   2   1   0 4.12311 3.16228 2.23607 1.41421   1 
  4 4.12311 4.47214   5 5.65685   3 3.16228 3.60555 4.24264   5   2 2.23607 2.82843 3.60555 4.47214   1 1.41421 2.23607 3.16228 4.12311   0   1   2   3   4 
4.12311   4 4.12311 4.47214   5 3.16228   3 3.16228 3.60555 4.24264 2.23607   2 2.23607 2.82843 3.60555 1.41421   1 1.41421 2.23607 3.16228   1   0   1   2   3 
4.47214 4.12311   4 4.12311 4.47214 3.60555 3.16228   3 3.16228 3.60555 2.82843 2.23607   2 2.23607 2.82843 2.23607 1.41421   1 1.41421 2.23607   2   1   0   1   2 
  5 4.47214 4.12311   4 4.12311 4.24264 3.60555 3.16228   3 3.16228 3.60555 2.82843 2.23607   2 2.23607 3.16228 2.23607 1.41421   1 1.41421   3   2   1   0   1 
5.65685   5 4.47214 4.12311   4   5 4.24264 3.60555 3.16228   3 4.47214 3.60555 2.82843 2.23607   2 4.12311 3.16228 2.23607 1.41421   1   4   3   2   1   0 
d: 
  0   2   1   0   0   2 1.58579 0.763932   0   0   1 0.763932 0.171573   0   0   0   0   0   0   0   0   0   0   0   0 
  2   0   2   1   0 1.58579   2 1.58579 0.763932   0 0.763932   1 0.763932 0.171573   0   0   0   0   0   0   0   0   0   0   0 
  1   2   0   2   1 0.763932 1.58579   2 1.58579 0.763932 0.171573 0.763932   1 0.763932 0.171573   0   0   0   0   0   0   0   0   0   0 
  0   1   2   0   2   0 0.763932 1.58579   2 1.58579   0 0.171573 0.763932   1 0.763932   0   0   0   0   0   0   0   0   0   0 
  0   0   1   2   0   0   0 0.763932 1.58579   2   0   0 0.171573 0.763932   1   0   0   0   0   0   0   0   0   0   0 
  2 1.58579 0.763932   0   0   0   2   1   0   0   2 1.58579 0.763932   0   0   1 0.763932 0.171573   0   0   0   0   0   0   0 
1.58579   2 1.58579 0.763932   0   2   0   2   1   0 1.58579   2 1.58579 0.763932   0 0.763932   1 0.763932 0.171573   0   0   0   0   0   0 
0.763932 1.58579   2 1.58579 0.763932   1   2   0   2   1 0.763932 1.58579   2 1.58579 0.763932 0.171573 0.763932   1 0.763932 0.171573   0   0   0   0   0 
  0 0.763932 1.58579   2 1.58579   0   1   2   0   2   0 0.763932 1.58579   2 1.58579   0 0.171573 0.763932   1 0.763932   0   0   0   0   0 
  0   0 0.763932 1.58579   2   0   0   1   2   0   0   0 0.763932 1.58579   2   0   0 0.171573 0.763932   1   0   0   0   0   0 
  1 0.763932 0.171573   0   0   2 1.58579 0.763932   0   0   0   2   1   0   0   2 1.58579 0.763932   0   0   1 0.763932 0.171573   0   0 
0.763932   1 0.763932 0.171573   0 1.58579   2 1.58579 0.763932   0   2   0   2   1   0 1.58579   2 1.58579 0.763932   0 0.763932   1 0.763932 0.171573   0 
0.171573 0.763932   1 0.763932 0.171573 0.763932 1.58579   2 1.58579 0.763932   1   2   0   2   1 0.763932 1.58579   2 1.58579 0.763932 0.171573 0.763932   1 0.763932 0.171573 
  0 0.171573 0.763932   1 0.763932   0 0.763932 1.58579   2 1.58579   0   1   2   0   2   0 0.763932 1.58579   2 1.58579   0 0.171573 0.763932   1 0.763932 
  0   0 0.171573 0.763932   1   0   0 0.763932 1.58579   2   0   0   1   2   0   0   0 0.763932 1.58579   2   0   0 0.171573 0.763932   1 
  0   0   0   0   0   1 0.763932 0.171573   0   0   2 1.58579 0.763932   0   0   0   2   1   0   0   2 1.58579 0.763932   0   0 
  0   0   0   0   0 0.763932   1 0.763932 0.171573   0 1.58579   2 1.58579 0.763932   0   2   0   2   1   0 1.58579   2 1.58579 0.763932   0 
  0   0   0   0   0 0.171573 0.763932   1 0.763932 0.171573 0.763932 1.58579   2 1.58579 0.763932   1   2   0   2   1 0.763932 1.58579   2 1.58579 0.763932 
  0   0   0   0   0   0 0.171573 0.763932   1 0.763932   0 0.763932 1.58579   2 1.58579   0   1   2   0   2   0 0.763932 1.58579   2 1.58579 
  0   0   0   0   0   0   0 0.171573 0.763932   1   0   0 0.763932 1.58579   2   0   0   1   2   0   0   0 0.763932 1.58579   2 
  0   0   0   0   0   0   0   0   0   0   1 0.763932 0.171573   0   0   2 1.58579 0.763932   0   0   0   2   1   0   0 
  0   0   0   0   0   0   0   0   0   0 0.763932   1 0.763932 0.171573   0 1.58579   2 1.58579 0.763932   0   2   0   2   1   0 
  0   0   0   0   0   0   0   0   0   0 0.171573 0.763932   1 0.763932 0.171573 0.763932 1.58579   2 1.58579 0.763932   1   2   0   2   1 
  0   0   0   0   0   0   0   0   0   0   0 0.171573 0.763932   1 0.763932   0 0.763932 1.58579   2 1.58579   0   1   2   0   2 
  0   0   0   0   0   0   0   0   0   0   0   0 0.171573 0.763932   1   0   0 0.763932 1.58579   2   0   0   1   2   0 

max distance : 2
Number of variables 326
Tried aggregator 1 time.
MIP Presolve eliminated 25 rows and 1 columns.
Reduced MIP has 641 rows, 326 columns, and 1914 nonzeros.
Reduced MIP has 300 binaries, 0 generals, 0 SOSs, and 0 indicators.
Probing time =    0.00 sec.
Tried aggregator 1 time.
Presolve time =    0.00 sec.
Probing time =    0.00 sec.
MIP emphasis: balance optimality and feasibility.
MIP search method: dynamic search.
Parallel mode: deterministic, using up to 4 threads.
Root relaxation solution time =    0.00 sec.

        Nodes                                         Cuts/
   Node  Left     Objective  IInf  Best Integer    Best Bound    ItCnt     Gap

*     0+    0                           40.0000                    196     --- 
      0     0        2.5858   168       40.0000        2.5858      196   93.54%
      0     0        2.6391   173       40.0000     Cuts: 260      502   93.40%
      0     0        3.0904   138       40.0000     Cuts: 146      979   92.27%
      0     0        3.5858   128       40.0000      Cuts: 75     1123   91.04%
      0     0        3.5858   143       40.0000      Cuts: 50     1199   91.04%
      0     0        3.5858   151       40.0000      Cuts: 27     1265   91.04%
*     0+    0                           17.6994        3.5858     1265   79.74%
      0     2        3.5858   151       17.6994        3.5858     1265   79.74%
Elapsed real time =   0.12 sec. (tree size =  0.01 MB, solutions = 2)
*     7+    7                           16.8622        3.5858     1955   78.73%
*    83+   82                           16.7574        3.7322     5486   77.73%
*   158+  156                           16.2852        3.7322     7361   77.08%
*   169+  167                           16.2142        3.7322     7600   76.98%
*   206+  204                           14.2852        3.7322     8271   73.87%
*   280+  278                           14.2207        3.7322     9095   73.75%
*   289+  287                           13.7934        3.7322     9148   72.94%
*   344+  336                           13.6929        3.7322     9696   72.74%
*   349+  341                           13.4502        3.7322     9731   72.25%
*   374+  364                           12.7999        3.7322     9939   70.84%
*   375   365      integral     0       12.6994        3.7322     9949   70.61%
*   394   372      integral     0       11.4502        3.7322    10640   67.40%
*   577+  524                           11.4054        3.7840    15744   66.82%
*   810+  698                           11.3497        3.8501    19886   66.08%
*   852   719      integral     0       11.2852        3.9322    20528   65.16%
*   906+  767                           11.2852        3.9322    21718   65.16%
*   954+  804                           11.2273        3.9322    22451   64.98%
*   966   805      integral     0       11.1137        3.9322    22539   64.62%
*  1364+ 1124                           10.4634        4.0858    31502   60.95%
*  1583  1268      integral     0       10.4568        4.0858    36008   60.93%
*  1601  1280      integral     0       10.1071        4.0858    36175   59.57%
*  2399  1816      integral     0       10.0426        4.0889    55699   59.28%
   2461  1856        3.8919   138       10.0426        4.0932    59574   59.24%
   2462  1857        3.9849    86       10.0426        4.0932    59769   59.24%
*  2702  1233      integral     0        9.9355        4.0932    67158   58.80%
Elapsed real time =   1.82 sec. (tree size =  0.43 MB, solutions = 32)
*  2850   903      integral     0        9.8710        4.0932    70585   58.53%
*  3105+  785                            9.8644        4.1529    77642   57.90%
*  3216+  724                            9.7639        4.1837    80128   57.15%
*  3220   666      integral     0        9.7574        4.1837    80226   57.12%
*  3549+  760                            9.6994        4.3197    88566   55.46%
*  3568   765      integral     0        9.6929        4.3197    88960   55.43%
*  4429  1257      integral     0        9.6349        4.5858   110237   52.40%
*  4623  1376      integral     0        9.5213        4.5858   115191   51.84%
*  4667  1397      integral     0        9.4568        4.5858   116410   51.51%
*  6054+ 2124                            9.2787        4.7606   151085   48.69%
*  6094+ 2146                            9.2207        4.7606   152505   48.37%
*  6106  2154      integral     0        9.1071        4.7606   152734   47.73%
*  6110  2153      integral     0        9.0426        4.7606   152798   47.35%
*  7823  2925      integral     0        8.6349        4.9668   195820   42.48%
  13536  4812        5.5996    44        8.6349        5.3197   327994   38.39%
Elapsed real time =   3.44 sec. (tree size =  1.70 MB, solutions = 47)
  19699  6483        7.3431    27        8.6349        5.5858   459102   35.31%
  25439  7503        6.6994    33        8.6349        5.8626   580488   32.11%
  31124  8402    infeasible              8.6349        6.0000   696215   30.51%
  37266  8909        6.7606    30        8.6349        6.1716   814720   28.53%
  43055  9101        6.3431    42        8.6349        6.3431   923891   26.54%
  48719  9203        7.5858    24        8.6349        6.3787  1036692   26.13%
  55231  8926        7.6716    23        8.6349        6.5858  1155534   23.73%
  61861  8140        7.7639    23        8.6349        6.7590  1266715   21.72%
  69575  6821        7.2639    34        8.6349        7.0000  1384921   18.93%
  78238  5107        7.2787    25        8.6349        7.2072  1492627   16.53%
Elapsed real time =  11.50 sec. (tree size =  2.20 MB, solutions = 47)
  88291  1682        7.6994    24        8.6349        7.5858  1594681   12.15%

Cover cuts applied:  4
Implied bound cuts applied:  272
Flow cuts applied:  61
Mixed integer rounding cuts applied:  169
Multi commodity flow cuts applied:  1
Gomory fractional cuts applied:  40

Root node processing (before b&c):
  Real time             =    0.12
Parallel b&c, 4 threads:
  Real time             =   12.64
  Sync time (average)   =    0.01
  Wait time (average)   =    0.00
                          -------
Total (root+branch&cut) =   12.76 sec.
STATUS : Optimal
Solution status = Optimal
 Number of constraints = 666
Solution value  = 8.63494
c(0)=8.63494 c(1)=6.2273 c(2)=3.87758 c(3)=1.52786 c(4)=8.63494 c(5)=3.11365 c(6)=0.763932 c(7)=7.81309 c(8)=5.46337 c(9)=3.11365 c(10)=7.04916 c(11)=4.69944 c(12)=2.34972 c(13)=0 c(14)=7.04916 c(15)=0 c(16)=8.63494 c(17)=6.28522 c(18)=3.9355 c(19)=1.58579 c(20)=5.52129 c(21)=3.11365 c(22)=0.821854 c(23)=7.87101 c(24)=5.52129 
