 numAddVar 276

Graph (V,E) with |V|= 24 and diameter = 7

Coordinates: 
vertex 1 : 0 0
vertex 2 : -0.866025 0.5
vertex 3 : 0.866025 0.5
vertex 4 : -0.866025 1.5
vertex 5 : 0.866025 1.5
vertex 6 : -1.73205 2
vertex 7 : 0 2
vertex 8 : 1.73205 2
vertex 9 : -1.73205 3
vertex 10 : 0 3
vertex 11 : 1.73205 3
vertex 12 : -2.59808 3.5
vertex 13 : -0.866025 3.5
vertex 14 : 0.866025 3.5
vertex 15 : 2.59808 3.5
vertex 16 : -2.59808 4.5
vertex 17 : -0.866025 4.5
vertex 18 : 0.866025 4.5
vertex 19 : 2.59808 4.5
vertex 20 : -1.73205 5
vertex 21 : 0 5
vertex 22 : 1.73205 5
vertex 23 : -1.73205 6
vertex 24 : 0 6

Distances: 
  0   1   1 1.73205 1.73205 2.64575   2 2.64575 3.4641   3 3.4641 4.3589 3.60555 3.60555 4.3589 5.19615 4.58258 4.58258 5.19615 5.2915   5 5.2915 6.245   6 
  1   0 1.73205   1   2 1.73205 1.73205   3 2.64575 2.64575 3.60555 3.4641   3 3.4641 4.58258 4.3589   4 4.3589 5.2915 4.58258 4.58258 5.19615 5.56776 5.56776 
  1 1.73205   0   2   1   3 1.73205 1.73205 3.60555 2.64575 2.64575 4.58258 3.4641   3 3.4641 5.2915 4.3589   4 4.3589 5.19615 4.58258 4.58258 6.08276 5.56776 
1.73205   1   2   0 1.73205   1   1 2.64575 1.73205 1.73205   3 2.64575   2 2.64575   4 3.4641   3 3.4641 4.58258 3.60555 3.60555 4.3589 4.58258 4.58258 
1.73205   2   1 1.73205   0 2.64575   1   1   3 1.73205 1.73205   4 2.64575   2 2.64575 4.58258 3.4641   3 3.4641 4.3589 3.60555 3.60555 5.19615 4.58258 
2.64575 1.73205   3   1 2.64575   0 1.73205 3.4641   1   2 3.60555 1.73205 1.73205   3 4.58258 2.64575 2.64575 3.60555   5   3 3.4641 4.58258   4 4.3589 
  2 1.73205 1.73205   1   1 1.73205   0 1.73205   2   1   2   3 1.73205 1.73205   3 3.60555 2.64575 2.64575 3.60555 3.4641   3 3.4641 4.3589   4 
2.64575   3 1.73205 2.64575   1 3.4641 1.73205   0 3.60555   2   1 4.58258   3 1.73205 1.73205   5 3.60555 2.64575 2.64575 4.58258 3.4641   3 5.2915 4.3589 
3.4641 2.64575 3.60555 1.73205   3   1   2 3.60555   0 1.73205 3.4641   1   1 2.64575 4.3589 1.73205 1.73205   3 4.58258   2 2.64575   4   3 3.4641 
  3 2.64575 2.64575 1.73205 1.73205   2   1   2 1.73205   0 1.73205 2.64575   1   1 2.64575   3 1.73205 1.73205   3 2.64575   2 2.64575 3.4641   3 
3.4641 3.60555 2.64575   3 1.73205 3.60555   2   1 3.4641 1.73205   0 4.3589 2.64575   1   1 4.58258   3 1.73205 1.73205   4 2.64575   2 4.58258 3.4641 
4.3589 3.4641 4.58258 2.64575   4 1.73205   3 4.58258   1 2.64575 4.3589   0 1.73205 3.4641 5.19615   1   2 3.60555 5.2915 1.73205   3 4.58258 2.64575 3.60555 
3.60555   3 3.4641   2 2.64575 1.73205 1.73205   3   1   1 2.64575 1.73205   0 1.73205 3.4641   2   1   2 3.60555 1.73205 1.73205   3 2.64575 2.64575 
3.60555 3.4641   3 2.64575   2   3 1.73205 1.73205 2.64575   1   1 3.4641 1.73205   0 1.73205 3.60555   2   1   2   3 1.73205 1.73205 3.60555 2.64575 
4.3589 4.58258 3.4641   4 2.64575 4.58258   3 1.73205 4.3589 2.64575   1 5.19615 3.4641 1.73205   0 5.2915 3.60555   2   1 4.58258   3 1.73205   5 3.60555 
5.19615 4.3589 5.2915 3.4641 4.58258 2.64575 3.60555   5 1.73205   3 4.58258   1   2 3.60555 5.2915   0 1.73205 3.4641 5.19615   1 2.64575 4.3589 1.73205   3 
4.58258   4 4.3589   3 3.4641 2.64575 2.64575 3.60555 1.73205 1.73205   3   2   1   2 3.60555 1.73205   0 1.73205 3.4641   1   1 2.64575 1.73205 1.73205 
4.58258 4.3589   4 3.4641   3 3.60555 2.64575 2.64575   3 1.73205 1.73205 3.60555   2   1   2 3.4641 1.73205   0 1.73205 2.64575   1   1   3 1.73205 
5.19615 5.2915 4.3589 4.58258 3.4641   5 3.60555 2.64575 4.58258   3 1.73205 5.2915 3.60555   2   1 5.19615 3.4641 1.73205   0 4.3589 2.64575   1 4.58258   3 
5.2915 4.58258 5.19615 3.60555 4.3589   3 3.4641 4.58258   2 2.64575   4 1.73205 1.73205   3 4.58258   1   1 2.64575 4.3589   0 1.73205 3.4641   1   2 
  5 4.58258 4.58258 3.60555 3.60555 3.4641   3 3.4641 2.64575   2 2.64575   3 1.73205 1.73205   3 2.64575   1   1 2.64575 1.73205   0 1.73205   2   1 
5.2915 5.19615 4.58258 4.3589 3.60555 4.58258 3.4641   3   4 2.64575   2 4.58258   3 1.73205 1.73205 4.3589 2.64575   1   1 3.4641 1.73205   0 3.60555   2 
6.245 5.56776 6.08276 4.58258 5.19615   4 4.3589 5.2915   3 3.4641 4.58258 2.64575 2.64575 3.60555   5 1.73205 1.73205   3 4.58258   1   2 3.60555   0 1.73205 
  6 5.56776 5.56776 4.58258 4.58258 4.3589   4 4.3589 3.4641   3 3.4641 3.60555 2.64575 2.64575 3.60555   3 1.73205 1.73205   3   2   1   2 1.73205   0 
d: 
  0   2   2 1.26795 1.26795 0.354249   1 0.354249   0   0   0   0   0   0   0   0   0   0   0   0   0   0   0   0 
  2   0 1.26795   2   1 1.26795 1.26795   0 0.354249 0.354249   0   0   0   0   0   0   0   0   0   0   0   0   0   0 
  2 1.26795   0   1   2   0 1.26795 1.26795   0 0.354249 0.354249   0   0   0   0   0   0   0   0   0   0   0   0   0 
1.26795   2   1   0 1.26795   2   2 0.354249 1.26795 1.26795   0 0.354249   1 0.354249   0   0   0   0   0   0   0   0   0   0 
1.26795   1   2 1.26795   0 0.354249   2   2   0 1.26795 1.26795   0 0.354249   1 0.354249   0   0   0   0   0   0   0   0   0 
0.354249 1.26795   0   2 0.354249   0 1.26795   0   2   1   0 1.26795 1.26795 4.44089e-16   0 0.354249 0.354249   0   0   0   0   0   0   0 
  1 1.26795 1.26795   2   2 1.26795   0 1.26795   1   2   1   0 1.26795 1.26795   0   0 0.354249 0.354249   0   0   0   0   0   0 
0.354249   0 1.26795 0.354249   2   0 1.26795   0   0   1   2   0   0 1.26795 1.26795   0   0 0.354249 0.354249   0   0   0   0   0 
  0 0.354249   0 1.26795   0   2   1   0   0 1.26795   0   2   2 0.354249   0 1.26795 1.26795 4.44089e-16   0   1 0.354249   0   0   0 
  0 0.354249 0.354249 1.26795 1.26795   1   2   1 1.26795   0 1.26795 0.354249   2   2 0.354249   0 1.26795 1.26795   0 0.354249   1 0.354249   0   0 
  0   0 0.354249   0 1.26795   0   1   2   0 1.26795   0   0 0.354249   2   2   0   0 1.26795 1.26795   0 0.354249   1   0   0 
  0   0   0 0.354249   0 1.26795   0   0   2 0.354249   0   0 1.26795   0   0   2   1   0   0 1.26795   0   0 0.354249   0 
  0   0   0   1 0.354249 1.26795 1.26795   0   2   2 0.354249 1.26795   0 1.26795   0   1   2   1   0 1.26795 1.26795   0 0.354249 0.354249 
  0   0   0 0.354249   1 4.44089e-16 1.26795 1.26795 0.354249   2   2   0 1.26795   0 1.26795   0   1   2   1 4.44089e-16 1.26795 1.26795   0 0.354249 
  0   0   0   0 0.354249   0   0 1.26795   0 0.354249   2   0   0 1.26795   0   0   0   1   2   0   0 1.26795   0   0 
  0   0   0   0   0 0.354249   0   0 1.26795   0   0   2   1   0   0   0 1.26795   0   0   2 0.354249   0 1.26795   0 
  0   0   0   0   0 0.354249 0.354249   0 1.26795 1.26795   0   1   2   1   0 1.26795   0 1.26795   0   2   2 0.354249 1.26795 1.26795 
  0   0   0   0   0   0 0.354249 0.354249 4.44089e-16 1.26795 1.26795   0   1   2   1   0 1.26795   0 1.26795 0.354249   2   2 4.44089e-16 1.26795 
  0   0   0   0   0   0   0 0.354249   0   0 1.26795   0   0   1   2   0   0 1.26795   0   0 0.354249   2   0   0 
  0   0   0   0   0   0   0   0   1 0.354249   0 1.26795 1.26795 4.44089e-16   0   2   2 0.354249   0   0 1.26795   0   2   1 
  0   0   0   0   0   0   0   0 0.354249   1 0.354249   0 1.26795 1.26795   0 0.354249   2   2 0.354249 1.26795   0 1.26795   1   2 
  0   0   0   0   0   0   0   0   0 0.354249   1   0   0 1.26795 1.26795   0 0.354249   2   2   0 1.26795   0   0   1 
  0   0   0   0   0   0   0   0   0   0   0 0.354249 0.354249   0   0 1.26795 1.26795 4.44089e-16   0   2   1   0   0 1.26795 
  0   0   0   0   0   0   0   0   0   0   0   0 0.354249 0.354249   0   0 1.26795 1.26795   0   1   2   1 1.26795   0 

max distance : 2
Number of variables 301
Tried aggregator 1 time.
MIP Presolve eliminated 136 rows and 1 columns.
Reduced MIP has 583 rows, 301 columns, and 1746 nonzeros.
Reduced MIP has 276 binaries, 0 generals, 0 SOSs, and 0 indicators.
Probing time =    0.00 sec.
Tried aggregator 1 time.
Presolve time =    0.00 sec.
Probing time =    0.00 sec.
MIP emphasis: balance optimality and feasibility.
MIP search method: dynamic search.
Parallel mode: deterministic, using up to 4 threads.
Root relaxation solution time =    0.00 sec.

        Nodes                                         Cuts/
   Node  Left     Objective  IInf  Best Integer    Best Bound    ItCnt     Gap

*     0+    0                           22.7513                    156     --- 
      0     0        2.7679   131       22.7513        2.7679      156   87.83%
      0     0        2.8173   144       22.7513     Cuts: 245      420   87.62%
      0     0        3.4346   104       22.7513      Cuts: 93      629   84.90%
      0     0        3.4887    90       22.7513      Cuts: 38      741   84.67%
      0     0        3.5468    77       22.7513      Cuts: 30      791   84.41%
      0     0        3.7679    86       22.7513      Cuts: 18      846   83.44%
      0     0        3.7679    77       22.7513      Cuts: 12      890   83.44%
      0     0        3.7679    77       22.7513      Cuts: 13      917   83.44%
      0     0        3.7679    79       22.7513      Cuts: 14      943   83.44%
*     0+    0                           14.5606        3.7679      943   74.12%
      0     2        3.7679    79       14.5606        3.7679      943   74.12%
Elapsed real time =   0.10 sec. (tree size =  0.01 MB, solutions = 2)
*     3+    3                           14.4888        3.7679     1101   73.99%
*     9+    9                           13.0718        3.7679     1414   71.17%
*    25+   25                           12.7803        3.7679     2497   70.52%
*   115+  115                           12.3162        3.7679     5867   69.41%
*   115+  115                           12.0482        3.7679     5867   68.73%
*   130+  130                           11.8666        3.7679     6275   68.25%
*   137+  137                           11.7803        3.7679     6570   68.01%
*   137+  137                           11.7567        3.7679     6570   67.95%
*   197+  197                           11.0718        3.7679     8001   65.97%
*   225+  225                           10.7803        3.7680     8712   65.05%
*   225+  225                           10.4260        3.7680     8712   63.86%
*   344   334      integral     0       10.1581        3.7680    10761   62.91%
*   348   333      integral     0        9.9764        3.7680    10836   62.23%
*   393   358      integral     0        9.2679        3.7680    11724   59.34%
*   456+  401                            9.0718        3.7680    13541   58.47%
*   479   424      integral     0        8.9764        3.7680    14321   58.02%
*   482   425      integral     0        8.8901        3.7680    14386   57.62%
*   483   419      integral     0        8.8038        3.7680    14387   57.20%
*   599   507      integral     0        8.7085        3.7680    17273   56.73%
*   610   512      integral     0        8.6222        3.7680    17616   56.30%
*   764+  635                            8.5986        3.7751    21186   56.10%
*   792   648      integral     0        8.4260        3.7751    21694   55.20%
*   830+  665                            8.3307        3.7751    22799   54.68%
*   853   675      integral     0        8.2444        3.7751    23187   54.21%
Elapsed real time =   0.31 sec. (tree size =  0.19 MB, solutions = 29)
*  1008+  790                            8.1581        3.7780    27732   53.69%
*  1008+  790                            8.0627        3.7780    27732   53.14%
*  1020   798      integral     0        7.9764        3.7780    28016   52.64%
*  1112+  825                            7.7803        3.7780    30569   51.44%
*  1571  1097      integral     0        7.5986        3.9901    44584   47.49%
*  1605  1123      integral     0        7.5123        3.9901    45799   46.89%
*  2657   788      integral     0        7.3307        4.1784    81437   43.00%
*  2725+  563                            7.0627        4.2934    84096   39.21%
*  2797   412      integral     0        6.9764        4.2934    87130   38.46%
*  2815   342      integral     0        6.8520        4.2934    87443   37.34%
*  3077   306      integral     0        6.7141        4.5359    95184   32.44%
*  3081+  306                            6.5355        4.5359    95281   30.60%
*  3483   289      integral     0        6.4170        4.8692   105243   24.12%

Cover cuts applied:  2
Implied bound cuts applied:  13
Flow cuts applied:  42
Mixed integer rounding cuts applied:  63
Gomory fractional cuts applied:  49

Root node processing (before b&c):
  Real time             =    0.10
Parallel b&c, 4 threads:
  Real time             =    1.27
  Sync time (average)   =    0.00
  Wait time (average)   =    0.00
                          -------
Total (root+branch&cut) =    1.37 sec.
STATUS : Optimal
Solution status = Optimal
 Number of constraints = 719
Solution value  = 6.41699
c(0)=4.7085 c(1)=1 c(2)=2.35425 c(3)=6.06275 c(4)=0 c(5)=2.35425 c(6)=3.7085 c(7)=5.06275 c(8)=0 c(9)=1.35425 c(10)=2.7085 c(11)=3.7085 c(12)=5.06275 c(13)=6.41699 c(14)=0.354249 c(15)=1.26795 c(16)=2.7085 c(17)=4.06275 c(18)=5.41699 c(19)=6.41699 c(20)=0.354249 c(21)=1.7085 c(22)=4.06275 c(23)=5.41699 
