 numAddVar 276

Graph (V,E) with |V|= 24 and diameter = 7

Coordinates: 
vertex 1 : 0 0
vertex 2 : 1.73205 0
vertex 3 : -0.866025 0.5
vertex 4 : 0.866025 0.5
vertex 5 : 2.59808 0.5
vertex 6 : -0.866025 1.5
vertex 7 : 0.866025 1.5
vertex 8 : 2.59808 1.5
vertex 9 : -1.73205 2
vertex 10 : 0 2
vertex 11 : 1.73205 2
vertex 12 : 3.4641 2
vertex 13 : -1.73205 3
vertex 14 : 0 3
vertex 15 : 1.73205 3
vertex 16 : 3.4641 3
vertex 17 : -0.866025 3.5
vertex 18 : 0.866025 3.5
vertex 19 : 2.59808 3.5
vertex 20 : -0.866025 4.5
vertex 21 : 0.866025 4.5
vertex 22 : 2.59808 4.5
vertex 23 : 0 5
vertex 24 : 1.73205 5

Distances: 
  0 1.73205   1   1 2.64575 1.73205 1.73205   3 2.64575   2 2.64575   4 3.4641   3 3.4641 4.58258 3.60555 3.60555 4.3589 4.58258 4.58258 5.19615   5 5.2915 
1.73205   0 2.64575   1   1   3 1.73205 1.73205   4 2.64575   2 2.64575 4.58258 3.4641   3 3.4641 4.3589 3.60555 3.60555 5.19615 4.58258 4.58258 5.2915   5 
  1 2.64575   0 1.73205 3.4641   1   2 3.60555 1.73205 1.73205   3 4.58258 2.64575 2.64575 3.60555   5   3 3.4641 4.58258   4 4.3589 5.2915 4.58258 5.19615 
  1   1 1.73205   0 1.73205   2   1   2   3 1.73205 1.73205   3 3.60555 2.64575 2.64575 3.60555 3.4641   3 3.4641 4.3589   4 4.3589 4.58258 4.58258 
2.64575   1 3.4641 1.73205   0 3.60555   2   1 4.58258   3 1.73205 1.73205   5 3.60555 2.64575 2.64575 4.58258 3.4641   3 5.2915 4.3589   4 5.19615 4.58258 
1.73205   3   1   2 3.60555   0 1.73205 3.4641   1   1 2.64575 4.3589 1.73205 1.73205   3 4.58258   2 2.64575   4   3 3.4641 4.58258 3.60555 4.3589 
1.73205 1.73205   2   1   2 1.73205   0 1.73205 2.64575   1   1 2.64575   3 1.73205 1.73205   3 2.64575   2 2.64575 3.4641   3 3.4641 3.60555 3.60555 
  3 1.73205 3.60555   2   1 3.4641 1.73205   0 4.3589 2.64575   1   1 4.58258   3 1.73205 1.73205   4 2.64575   2 4.58258 3.4641   3 4.3589 3.60555 
2.64575   4 1.73205   3 4.58258   1 2.64575 4.3589   0 1.73205 3.4641 5.19615   1   2 3.60555 5.2915 1.73205   3 4.58258 2.64575 3.60555   5 3.4641 4.58258 
  2 2.64575 1.73205 1.73205   3   1   1 2.64575 1.73205   0 1.73205 3.4641   2   1   2 3.60555 1.73205 1.73205   3 2.64575 2.64575 3.60555   3 3.4641 
2.64575   2   3 1.73205 1.73205 2.64575   1   1 3.4641 1.73205   0 1.73205 3.60555   2   1   2   3 1.73205 1.73205 3.60555 2.64575 2.64575 3.4641   3 
  4 2.64575 4.58258   3 1.73205 4.3589 2.64575   1 5.19615 3.4641 1.73205   0 5.2915 3.60555   2   1 4.58258   3 1.73205   5 3.60555 2.64575 4.58258 3.4641 
3.4641 4.58258 2.64575 3.60555   5 1.73205   3 4.58258   1   2 3.60555 5.2915   0 1.73205 3.4641 5.19615   1 2.64575 4.3589 1.73205   3 4.58258 2.64575   4 
  3 3.4641 2.64575 2.64575 3.60555 1.73205 1.73205   3   2   1   2 3.60555 1.73205   0 1.73205 3.4641   1   1 2.64575 1.73205 1.73205   3   2 2.64575 
3.4641   3 3.60555 2.64575 2.64575   3 1.73205 1.73205 3.60555   2   1   2 3.4641 1.73205   0 1.73205 2.64575   1   1   3 1.73205 1.73205 2.64575   2 
4.58258 3.4641   5 3.60555 2.64575 4.58258   3 1.73205 5.2915 3.60555   2   1 5.19615 3.4641 1.73205   0 4.3589 2.64575   1 4.58258   3 1.73205   4 2.64575 
3.60555 4.3589   3 3.4641 4.58258   2 2.64575   4 1.73205 1.73205   3 4.58258   1   1 2.64575 4.3589   0 1.73205 3.4641   1   2 3.60555 1.73205   3 
3.60555 3.60555 3.4641   3 3.4641 2.64575   2 2.64575   3 1.73205 1.73205   3 2.64575   1   1 2.64575 1.73205   0 1.73205   2   1   2 1.73205 1.73205 
4.3589 3.60555 4.58258 3.4641   3   4 2.64575   2 4.58258   3 1.73205 1.73205 4.3589 2.64575   1   1 3.4641 1.73205   0 3.60555   2   1   3 1.73205 
4.58258 5.19615   4 4.3589 5.2915   3 3.4641 4.58258 2.64575 2.64575 3.60555   5 1.73205 1.73205   3 4.58258   1   2 3.60555   0 1.73205 3.4641   1 2.64575 
4.58258 4.58258 4.3589   4 4.3589 3.4641   3 3.4641 3.60555 2.64575 2.64575 3.60555   3 1.73205 1.73205   3   2   1   2 1.73205   0 1.73205   1   1 
5.19615 4.58258 5.2915 4.3589   4 4.58258 3.4641   3   5 3.60555 2.64575 2.64575 4.58258   3 1.73205 1.73205 3.60555   2   1 3.4641 1.73205   0 2.64575   1 
  5 5.2915 4.58258 4.58258 5.19615 3.60555 3.60555 4.3589 3.4641   3 3.4641 4.58258 2.64575   2 2.64575   4 1.73205 1.73205   3   1   1 2.64575   0 1.73205 
5.2915   5 5.19615 4.58258 4.58258 4.3589 3.60555 3.60555 4.58258 3.4641   3 3.4641   4 2.64575   2 2.64575   3 1.73205 1.73205 2.64575   1   1 1.73205   0 
d: 
  0 2.26795   3   3 1.35425 2.26795 2.26795   1 1.35425   2 1.35425   0 0.535898   1 0.535898   0 0.394449 0.394449   0   0   0   0   0   0 
2.26795   0 1.35425   3   3   1 2.26795 2.26795 4.44089e-16 1.35425   2 1.35425   0 0.535898   1 0.535898   0 0.394449 0.394449   0   0   0   0   0 
  3 1.35425   0 2.26795 0.535898   3   2 0.394449 2.26795 2.26795   1   0 1.35425 1.35425 0.394449   0   1 0.535898   0   0   0   0   0   0 
  3   3 2.26795   0 2.26795   2   3   2   1 2.26795 2.26795   1 0.394449 1.35425 1.35425 0.394449 0.535898   1 0.535898   0   0   0   0   0 
1.35425   3 0.535898 2.26795   0 0.394449   2   3   0   1 2.26795 2.26795   0 0.394449 1.35425 1.35425   0 0.535898   1   0   0   0   0   0 
2.26795   1   3   2 0.394449   0 2.26795 0.535898   3   3 1.35425   0 2.26795 2.26795   1   0   2 1.35425 4.44089e-16   1 0.535898   0 0.394449   0 
2.26795 2.26795   2   3   2 2.26795   0 2.26795 1.35425   3   3 1.35425   1 2.26795 2.26795   1 1.35425   2 1.35425 0.535898   1 0.535898 0.394449 0.394449 
  1 2.26795 0.394449   2   3 0.535898 2.26795   0   0 1.35425   3   3   0   1 2.26795 2.26795 4.44089e-16 1.35425   2   0 0.535898   1   0 0.394449 
1.35425 4.44089e-16 2.26795   1   0   3 1.35425   0   0 2.26795 0.535898   0   3   2 0.394449   0 2.26795   1   0 1.35425 0.394449   0 0.535898   0 
  2 1.35425 2.26795 2.26795   1   3   3 1.35425 2.26795   0 2.26795 0.535898   2   3   2 0.394449 2.26795 2.26795   1 1.35425 1.35425 0.394449   1 0.535898 
1.35425   2   1 2.26795 2.26795 1.35425   3   3 0.535898 2.26795   0 2.26795 0.394449   2   3   2   1 2.26795 2.26795 0.394449 1.35425 1.35425 0.535898   1 
  0 1.35425   0   1 2.26795   0 1.35425   3   0 0.535898 2.26795   0   0 0.394449   2   3   0   1 2.26795   0 0.394449 1.35425   0 0.535898 
0.535898   0 1.35425 0.394449   0 2.26795   1   0   3   2 0.394449   0   0 2.26795 0.535898   0   3 1.35425   0 2.26795   1   0 1.35425 4.44089e-16 
  1 0.535898 1.35425 1.35425 0.394449 2.26795 2.26795   1   2   3   2 0.394449 2.26795   0 2.26795 0.535898   3   3 1.35425 2.26795 2.26795   1   2 1.35425 
0.535898   1 0.394449 1.35425 1.35425   1 2.26795 2.26795 0.394449   2   3   2 0.535898 2.26795   0 2.26795 1.35425   3   3   1 2.26795 2.26795 1.35425   2 
  0 0.535898   0 0.394449 1.35425   0   1 2.26795   0 0.394449   2   3   0 0.535898 2.26795   0   0 1.35425   3   0   1 2.26795   0 1.35425 
0.394449   0   1 0.535898   0   2 1.35425 4.44089e-16 2.26795 2.26795   1   0   3   3 1.35425   0   0 2.26795 0.535898   3   2 0.394449 2.26795   1 
0.394449 0.394449 0.535898   1 0.535898 1.35425   2 1.35425   1 2.26795 2.26795   1 1.35425   3   3 1.35425 2.26795   0 2.26795   2   3   2 2.26795 2.26795 
  0 0.394449   0 0.535898   1 4.44089e-16 1.35425   2   0   1 2.26795 2.26795   0 1.35425   3   3 0.535898 2.26795   0 0.394449   2   3   1 2.26795 
  0   0   0   0   0   1 0.535898   0 1.35425 1.35425 0.394449   0 2.26795 2.26795   1   0   3   2 0.394449   0 2.26795 0.535898   3 1.35425 
  0   0   0   0   0 0.535898   1 0.535898 0.394449 1.35425 1.35425 0.394449   1 2.26795 2.26795   1   2   3   2 2.26795   0 2.26795   3   3 
  0   0   0   0   0   0 0.535898   1   0 0.394449 1.35425 1.35425   0   1 2.26795 2.26795 0.394449   2   3 0.535898 2.26795   0 1.35425   3 
  0   0   0   0   0 0.394449 0.394449   0 0.535898   1 0.535898   0 1.35425   2 1.35425   0 2.26795 2.26795   1   3   3 1.35425   0 2.26795 
  0   0   0   0   0   0 0.394449 0.394449   0 0.535898   1 0.535898 4.44089e-16 1.35425   2 1.35425   1 2.26795 2.26795 1.35425   3   3 2.26795   0 

max distance : 3
Number of variables 301
Tried aggregator 1 time.
MIP Presolve eliminated 24 rows and 1 columns.
Reduced MIP has 590 rows, 301 columns, and 1760 nonzeros.
Reduced MIP has 276 binaries, 0 generals, 0 SOSs, and 0 indicators.
Probing time =    0.00 sec.
Tried aggregator 1 time.
Presolve time =    0.00 sec.
Probing time =    0.00 sec.
MIP emphasis: balance optimality and feasibility.
MIP search method: dynamic search.
Parallel mode: deterministic, using up to 4 threads.
Root relaxation solution time =    0.00 sec.

        Nodes                                         Cuts/
   Node  Left     Objective  IInf  Best Integer    Best Bound    ItCnt     Gap

*     0+    0                           39.7846                    239     --- 
      0     0        3.2679   213       39.7846        3.2679      239   91.79%
      0     0        3.3517   213       39.7846     Cuts: 247      514   91.58%
      0     0        4.4599   176       39.7846     Cuts: 247      750   88.79%
      0     0        4.7679   173       39.7846      Cuts: 80      872   88.02%
      0     0        4.7679   185       39.7846      Cuts: 91      968   88.02%
      0     0        4.7680   157       39.7846      Cuts: 45     1086   88.02%
*     0+    0                           25.5772        4.7680     1210   81.36%
      0     0        4.7679   167       25.5772     Cuts: 119     1210   81.36%
*     0+    0                           25.3093        4.7680     1210   81.16%
      0     2        4.7679   116       25.3093        4.7680     1210   81.16%
Elapsed real time =   0.13 sec. (tree size =  0.01 MB, solutions = 3)
*   103+  103                           25.1217        4.7892     5790   80.94%
*   243+  243                           24.3956        4.7892    10004   80.37%
*   384+  384                           23.9931        4.7892    11424   80.04%
*   397   396      integral     0       22.6388        4.7892    11493   78.85%
*   526+  500                           22.5456        4.7892    14003   78.76%
*   526+  500                           22.2316        4.7892    14003   78.46%
*   530   501      integral     0       20.5456        4.7892    14017   76.69%
*  1045+  954                           20.3564        4.8016    24858   76.41%
*  1141+ 1024                           20.2208        5.1013    27250   74.77%
   1242  1102        5.3349    89       20.2208        5.3349    30373   73.62%
*  1243+  734                           20.1983        5.3349    30504   73.59%
   1243   735        5.3349    97       20.1983        5.3349    30504   73.59%
*  1500   600      integral     0       20.1914        5.3349    36820   73.58%
*  1811+  632                           20.0590        5.3671    43578   73.24%
*  1811+  581                           19.6645        5.3671    43578   72.71%
   1811   583       19.0718    10       19.6645        5.3671    43578   72.71%
*  2271   836      integral     0       19.5692        5.7885    51567   70.42%
*  2532  1037      integral     0       19.5525        5.9019    56457   69.82%
*  2742  1201      integral     0       19.3709        6.0473    60899   68.78%
*  3290+ 1630                           19.3473        6.2481    71987   67.71%
*  3322  1646      integral     0       19.2208        6.2481    72281   67.49%
Elapsed real time =   1.95 sec. (tree size =  0.52 MB, solutions = 21)
*  3935  2122      integral     0       19.2080        6.4235    82679   66.56%
*  3939  2124      integral     0       19.1914        6.4235    82769   66.53%
*  4262  2376      integral     0       19.0884        6.4689    88083   66.11%
*  4268  2379      integral     0       19.0649        6.4689    88141   66.07%
*  5330  3177      integral     0       19.0097        6.6222   106523   65.16%
*  5458  3259      integral     0       18.9234        6.6222   109052   65.01%
*  6199  3783      integral     0       18.9068        7.1519   122473   62.17%
*  6215  3796      integral     0       18.8205        7.1519   122682   62.00%
*  6932  4307      integral     0       18.7820        7.2679   134045   61.30%
*  6952  4317      integral     0       18.6555        7.2679   134199   61.04%
Elapsed real time =   2.37 sec. (tree size =  1.45 MB, solutions = 31)
*  7339  4532      integral     0       18.6094        7.2679   141292   60.94%
*  7799  4849      integral     0       18.4427        7.4019   149058   59.87%
*  7803  4851      integral     0       18.3012        7.4019   149152   59.56%
*  8575  5201      integral     0       18.2482        7.5359   162299   58.70%
*  9473  5796      integral     0       18.1747        7.5359   177283   58.54%
* 10531  6484      integral     0       18.1051        7.6173   197099   57.93%
* 10535  6481      integral     0       18.0649        7.6173   197146   57.83%
* 16447+10246                           17.9931        8.2679   309534   54.05%
* 16463 10253      integral     0       17.9529        8.2679   309687   53.95%
* 18497 11471      integral     0       17.8222        8.2859   346881   53.51%
* 21198 12914      integral     0       17.7016        8.6222   393746   51.29%
Elapsed real time =   3.91 sec. (tree size =  4.51 MB, solutions = 46)
  23379 14044       16.5123    24       17.7016        8.8038   431812   50.27%
  25129 15019        9.0000    56       17.7016        8.9569   466530   49.40%
  31453 18672       17.6222    16       17.7016        9.3038   583148   47.44%
  38149 22371        9.6409    72       17.7016        9.5359   704533   46.13%
  44226 25642        9.8038    71       17.7016        9.8038   820184   44.62%
  50040 28765       14.1581    29       17.7016        9.8038   928233   44.62%
  56506 32305       15.6222    21       17.7016       10.0000  1041183   43.51%
* 57976 33109      integral     0       17.6790       10.0000  1069898   43.44%
* 60262 34265      integral     0       17.6243       10.0538  1111325   42.95%
* 63298 35727      integral     0       17.4679       10.1699  1162287   41.78%
Elapsed real time =  10.15 sec. (tree size = 14.36 MB, solutions = 48)
  69155 38306       14.8038    21       17.4679       10.2679  1263804   41.22%
  74388 41090       10.5905    51       17.4679       10.2679  1367768   41.22%
  80022 43851       11.7562    32       17.4679       10.3709  1469129   40.63%
  84049 45742       13.6699    28       17.4679       10.5359  1533142   39.68%
  89720 48563       13.1581    39       17.4679       10.5359  1628160   39.68%
  95431 51499       14.2679    33       17.4679       10.5359  1728919   39.68%
*100012 53727      integral     0       17.4427       10.6222  1808188   39.10%
 105797 56473       13.4810    47       17.4427       10.8038  1897121   38.06%
 111442 59213       14.5986    22       17.4427       10.8038  1986477   38.06%
 117161 61948       14.3397    45       17.4427       10.8038  2077592   38.06%
Elapsed real time =  17.63 sec. (tree size = 24.68 MB, solutions = 50)
*122359 64392      integral     0       17.4025       10.8901  2159449   37.42%
 128100 66826       13.1581    25       17.4025       10.9019  2248378   37.35%
 133742 69415       16.2444    22       17.4025       11.0000  2339806   36.79%
*139290 72047      integral     0       17.2610       11.0718  2431801   35.86%
 145224 74381       16.1546    19       17.2610       11.0718  2523902   35.86%
 151115 77112       11.0718    43       17.2610       11.0718  2613865   35.86%
 156650 79662       12.3038    43       17.2610       11.0790  2709432   35.81%
 160469 81340       14.4260    22       17.2610       11.1581  2764839   35.36%
 166669 83972       15.0718    20       17.2610       11.1699  2853225   35.29%
 172507 86529       14.6940    20       17.2610       11.2444  2938093   34.86%
Elapsed real time =  25.16 sec. (tree size = 36.38 MB, solutions = 52)
 178446 89208       16.1581    22       17.2610       11.2679  3025422   34.72%
 184154 91775       16.0718    19       17.2610       11.2679  3117140   34.72%
 189557 94269       16.2444    10       17.2610       11.2679  3212035   34.72%
 195033 96773       16.3397    22       17.2610       11.2859  3306298   34.62%
 201176 99395       16.2444    19       17.2610       11.3542  3397217   34.22%
 207345 101870       13.4333    32       17.2610       11.4451  3487875   33.69%
 214006 104585       16.3709    13       17.2610       11.5359  3578616   33.17%
 220316 107361       15.9931    15       17.2610       11.5359  3672161   33.17%
 226612 110050       14.8038    21       17.2610       11.5359  3763722   33.17%
 232643 112639       15.8901    21       17.2610       11.5359  3852102   33.17%
Elapsed real time =  32.36 sec. (tree size = 46.86 MB, solutions = 52)
*233900 113160      integral     0       17.1137       11.5359  3870013   32.59%
 239873 114326    infeasible             17.1137       11.5359  3957030   32.59%
 242452 115403       13.1581    23       17.1137       11.5359  3998281   32.59%
 247351 117488       12.5359    33       17.1137       11.5359  4074516   32.59%
 253113 119940       13.1581    56       17.1137       11.5359  4168251   32.59%
 258574 122238       13.5359    34       17.1137       11.5359  4263998   32.59%
 264281 124516       14.9068    19       17.1137       11.5718  4356439   32.38%
 270790 126935       15.1581    25       17.1137       11.6222  4446402   32.09%
 277072 129383       14.5359    27       17.1137       11.6222  4535677   32.09%
 283142 131566       13.2846    26       17.1137       11.6624  4628538   31.85%
Elapsed real time =  39.37 sec. (tree size = 54.53 MB, solutions = 53)
 289552 133900       16.4336    13       17.1137       11.7259  4717635   31.48%
 295962 136305       14.5359    21       17.1137       11.8038  4805007   31.03%
 302144 138744       14.0600    32       17.1137       11.8038  4892105   31.03%
 308646 141262       16.7106    15       17.1137       11.8038  4982037   31.03%
 314917 143717       15.2846    23       17.1137       11.8038  5067323   31.03%
 321286 146270       15.9470    16       17.1137       11.8038  5157003   31.03%
 327611 148707       11.8038    40       17.1137       11.8038  5245703   31.03%
 333628 151170       16.4336    16       17.1137       11.8038  5333884   31.03%
*337671 152837      integral     0       17.1051       11.8038  5397265   30.99%
 343193 155168       11.8038    38       17.1051       11.8038  5490816   30.99%
Elapsed real time =  46.25 sec. (tree size = 65.78 MB, solutions = 54)
 347903 157112       14.3784    27       17.1051       11.8038  5571950   30.99%
 354217 159495       11.8901    41       17.1051       11.8829  5660562   30.53%
 360945 162025       15.8666    13       17.1051       11.8901  5750098   30.49%
 367586 164611       16.3328    13       17.1051       11.8901  5839932   30.49%
 373893 166998       15.8470    19       17.1051       11.8901  5932706   30.49%
 380184 169305       15.7251    17       17.1051       11.9303  6020356   30.25%
 386755 171631       14.5123    36       17.1051       11.9764  6109729   29.98%
 393166 173969       15.5986    25       17.1051       12.0000  6196790   29.85%
 399036 176236        cutoff             17.1051       12.0000  6290584   29.85%
*416384 182619      integral     0       17.0666       12.0718  6535424   29.27%
Elapsed real time =  55.35 sec. (tree size = 78.13 MB, solutions = 54)
 441224 191401       15.0718    20       17.0666       12.0718  6894519   29.27%
*458986 198252      integral     0       16.9636       12.0718  7179157   28.84%
 475697 202873       13.1532    28       16.9636       12.1456  7435815   28.40%
 502301 212520       12.2543    37       16.9636       12.1581  7737461   28.33%
 528548 221586       14.2444    19       16.9636       12.2444  8043555   27.82%
 554530 230329       13.9019    27       16.9636       12.2679  8371978   27.68%
 579660 238798       14.4188    25       16.9636       12.3352  8719142   27.28%
 606765 247690       15.7803    18       16.9636       12.4260  9065448   26.75%
 633858 256971       15.1463    23       16.9636       12.4378  9414237   26.68%
*638772 258525      integral     0       16.8773       12.4597  9477818   26.18%
Elapsed real time =  81.67 sec. (tree size = 112.07 MB, solutions = 56)
 656409 261875       12.5359    36       16.8773       12.5359  9702232   25.72%
 682996 270322       15.8666    17       16.8773       12.5359 10069146   25.72%
 708443 278357       15.7803    22       16.8773       12.5359 10433328   25.72%
 733479 286332       16.4260    16       16.8773       12.5359 10792496   25.72%
 757258 294163       14.3435    26       16.8773       12.5359 11149849   25.72%
 779332 301559       12.5359    54       16.8773       12.5359 11505258   25.72%
 802850 308740       14.9382    24       16.8773       12.5986 11831869   25.35%
 828371 316135       13.7993    33       16.8773       12.6222 12174259   25.21%
 852939 323463       14.8901    23       16.8773       12.6388 12523982   25.11%
 879076 330960       15.3397    21       16.8773       12.6940 12835485   24.79%
Elapsed real time = 111.56 sec. (tree size = 144.38 MB, solutions = 57)
Nodefile size = 16.88 MB (9.68 MB after compression)
 905932 338079       15.0718    15       16.8773       12.8038 13131052   24.14%
 932207 345846       15.5123    26       16.8773       12.8038 13424272   24.14%
 957784 353318       16.1350    15       16.8773       12.8038 13744450   24.14%
 982368 360788       12.8038    29       16.8773       12.8038 14079454   24.14%
 1005177 367840       13.9767    27       16.8773       12.8038 14438493   24.14%
 1030515 374703       16.1581    20       16.8773       12.8901 14751189   23.62%
 1056998 382999       15.7251    21       16.8773       12.8901 15034624   23.62%
 1083492 390772       15.3352    24       16.8773       12.8901 15328152   23.62%
 1108297 398403        cutoff             16.8773       12.8901 15631321   23.62%
 1134814 404864       15.3162    23       16.8773       12.9619 15926078   23.20%
Elapsed real time = 143.30 sec. (tree size = 175.67 MB, solutions = 57)
Nodefile size = 47.87 MB (26.76 MB after compression)
 1161159 412071       14.4427    19       16.8773       12.9931 16214661   23.01%
 1186141 418889       13.1771    47       16.8773       13.0000 16527710   22.97%
*1194345 421382      integral     0       16.8516       13.0000 16661360   22.86%
 1204374 423740       14.1581    38       16.8516       13.0271 16784478   22.70%
 1231747 430816       15.3397    22       16.8516       13.0718 17113299   22.43%
 1259463 438076        cutoff             16.8516       13.0718 17445155   22.43%
 1286117 444950       16.6614    14       16.8516       13.0718 17788776   22.43%
 1312863 451316       14.3944    20       16.8516       13.1029 18127920   22.25%
 1340993 458336       15.4260    22       16.8516       13.1581 18455458   21.92%
 1368233 465700       15.2052    19       16.8516       13.1581 18787872   21.92%
Elapsed real time = 171.68 sec. (tree size = 201.36 MB, solutions = 58)
Nodefile size = 73.84 MB (41.04 MB after compression)
*1387432+470738                           16.6243       13.1581 19025342   20.85%
 1389407 466323        cutoff             16.6243       13.1581 19050059   20.85%
 1403111 469430       14.1581    23       16.6243       13.1581 19218058   20.85%
 1430561 475966       13.6581    20       16.6243       13.1581 19562098   20.85%
 1456768 482235       15.7803    19       16.6243       13.1581 19912116   20.85%
 1482270 488053       14.5314    35       16.6243       13.1759 20275163   20.74%
 1510833 492795       16.2208    13       16.6243       13.2444 20615494   20.33%
 1539266 498928       13.2444    28       16.6243       13.2444 20944956   20.33%
 1567112 504656       15.5359    20       16.6243       13.2679 21284402   20.19%
 1592904 510195       15.5359    24       16.6243       13.2679 21636249   20.19%
 1617135 516017       15.6222    16       16.6243       13.2679 21986842   20.19%
Elapsed real time = 201.44 sec. (tree size = 222.66 MB, solutions = 59)
Nodefile size = 94.87 MB (52.41 MB after compression)
 1644180 521377       15.1075    23       16.6243       13.2846 22329181   20.09%
 1671598 526470       13.3397    22       16.6243       13.3397 22666110   19.76%
 1699149 531786       15.5525    38       16.6243       13.3397 23008548   19.76%
 1726159 536593       14.9931    20       16.6243       13.3709 23332588   19.57%
 1754740 541104       15.5123    13       16.6243       13.4260 23657787   19.24%
 1783059 546614       13.8205    26       16.6243       13.4260 23986713   19.24%
 1811024 551905       15.1581    24       16.6243       13.4260 24324999   19.24%
 1837838 557026       15.5359    20       16.6243       13.4378 24667332   19.17%
 1868379 561327       14.3162    30       16.6243       13.4767 24975674   18.93%
 1898076 566658       15.5986    24       16.6243       13.5123 25289447   18.72%
Elapsed real time = 230.92 sec. (tree size = 244.07 MB, solutions = 59)
Nodefile size = 116.87 MB (64.46 MB after compression)
 1927312 572401       15.7803    19       16.6243       13.5123 25613606   18.72%
 1955899 577580       14.5359    28       16.6243       13.5359 25947744   18.58%
 1983935 582690       13.5359    27       16.6243       13.5359 26288215   18.58%
 2011268 587638       14.8901    18       16.6243       13.5359 26632095   18.58%
 2038214 592684       15.3038    30       16.6243       13.5359 26984322   18.58%
 2065030 597731       14.8038    27       16.6243       13.5359 27339426   18.58%
 2090118 602629       16.5525    18       16.6243       13.5359 27689846   18.58%
 2113524 607484    infeasible             16.6243       13.5359 28051624   18.58%
 2140666 612044       13.5525    36       16.6243       13.5525 28382790   18.48%
 2170505 616136       13.5986    27       16.6243       13.5986 28708579   18.20%
Elapsed real time = 260.52 sec. (tree size = 265.20 MB, solutions = 59)
Nodefile size = 137.86 MB (75.81 MB after compression)
 2199996 621215       14.3985    27       16.6243       13.5991 29023624   18.20%
 2229115 625250       15.2444    22       16.6243       13.6222 29350188   18.06%
 2257523 630092       13.6222    28       16.6243       13.6222 29685719   18.06%
 2285725 634943       15.2444    22       16.6243       13.6222 30028424   18.06%
 2311843 639719       15.7444    25       16.6243       13.6222 30385719   18.06%
 2343142 644211       15.5123    16       16.6243       13.6388 30677503   17.96%
 2374250 648643       15.0794    23       16.6243       13.6388 30972755   17.96%
 2404309 652026       13.6699    33       16.6243       13.6699 31300090   17.77%
 2434466 655839       15.3397    25       16.6243       13.6940 31623212   17.63%
 2464271 658973    infeasible             16.6243       13.7213 31956404   17.46%
Elapsed real time = 289.86 sec. (tree size = 283.44 MB, solutions = 59)
Nodefile size = 155.85 MB (85.45 MB after compression)
 2495668 662654       15.1983    22       16.6243       13.7342 32248627   17.39%
 2527512 666144       14.0482    30       16.6243       13.7803 32551974   17.11%
 2557299 670895       15.4260    22       16.6243       13.7803 32850573   17.11%
 2586604 675554       14.9764    22       16.6243       13.7803 33164384   17.11%
 2615871 679958       13.8038    23       16.6243       13.8038 33480108   16.97%
 2644945 684706       14.0718    24       16.6243       13.8038 33801982   16.97%
 2673958 689119       13.8038    24       16.6243       13.8038 34124193   16.97%
 2702644 693455       16.1345    19       16.6243       13.8038 34453520   16.97%
 2730840 697633       13.8038    26       16.6243       13.8038 34784249   16.97%
 2757665 701743       13.8038    25       16.6243       13.8038 35131257   16.97%
Elapsed real time = 319.07 sec. (tree size = 301.95 MB, solutions = 59)
Nodefile size = 173.85 MB (95.19 MB after compression)
 2782655 705543       13.8076    20       16.6243       13.8038 35491023   16.97%
 2814156 708212       14.1581    27       16.6243       13.8211 35792070   16.86%
 2844827 711498    infeasible             16.6243       13.8666 36086043   16.59%
 2874177 714518       16.0123    15       16.6243       13.8901 36412311   16.45%
 2903793 718933       13.8901    30       16.6243       13.8901 36724916   16.45%
 2932933 723298       14.9303    25       16.6243       13.8901 37048914   16.45%
 2961906 727639       15.0241    21       16.6243       13.8901 37375222   16.45%
 2990912 731906       14.7012    28       16.6243       13.8901 37708343   16.45%
 3019473 736074       15.7879    14       16.6243       13.8901 38040108   16.45%
 3046840 740150       14.5123    30       16.6243       13.8901 38370015   16.45%
Elapsed real time = 348.45 sec. (tree size = 318.42 MB, solutions = 59)
Nodefile size = 190.85 MB (104.12 MB after compression)
 3073604 744235       16.1581    25       16.6243       13.8901 38715927   16.45%
 3100022 747886       14.3473    21       16.6243       13.9068 39061970   16.35%
 3129606 751429       14.9931    29       16.6243       13.9068 39323490   16.35%
 3160012 754979    infeasible             16.6243       13.9246 39621663   16.24%
 3189405 757306       16.1255    10       16.6243       13.9333 39949712   16.19%
 3220792 759918       14.4807    20       16.6243       13.9574 40253500   16.04%
 3251173 762790       13.9764    28       16.6243       13.9764 40565533   15.93%
 3280653 766370       13.9764    22       16.6243       13.9764 40891597   15.93%
 3310816 769149       14.4730    22       16.6243       13.9931 41206625   15.83%
 3342505 771867       15.6222    20       16.6243       14.0000 41492839   15.79%
Elapsed real time = 378.64 sec. (tree size = 331.97 MB, solutions = 59)
Nodefile size = 204.84 MB (111.55 MB after compression)
 3369396 775395       15.0718    16       16.6243       14.0021 41842824   15.77%
 3401431 778143       16.3875    13       16.6243       14.0166 42143357   15.69%
 3433091 780236       15.8340    19       16.6243       14.0392 42446054   15.55%
 3464241 783769       14.4888    34       16.6243       14.0482 42740590   15.50%
 3495740 786342       14.4170    17       16.6243       14.0616 43045222   15.42%
 3526012 789799       14.0718    25       16.6243       14.0718 43359102   15.35%
 3556727 793310       14.5123    27       16.6243       14.0718 43667694   15.35%
 3587367 796709       14.4662    34       16.6243       14.0718 43985995   15.35%
 3616738 800113       15.4260    15       16.6243       14.0718 44299051   15.35%
 3645887 803504       14.6077    20       16.6243       14.0718 44629590   15.35%
Elapsed real time = 407.81 sec. (tree size = 345.61 MB, solutions = 59)
Nodefile size = 217.84 MB (118.35 MB after compression)
 3673561 806766       15.4461    22       16.6243       14.0718 44962432   15.35%
 3701984 809320       14.9931    19       16.6243       14.0794 45270296   15.31%
 3734515 810867       15.9695    15       16.6243       14.1029 45513394   15.17%
 3766540 812425       14.1196    37       16.6243       14.1196 45758283   15.07%
 3798145 814722       15.5927    18       16.6243       14.1350 46004872   14.97%
 3828757 817403       15.1581    18       16.6243       14.1581 46267030   14.84%
 3859093 820769       14.1581    21       16.6243       14.1581 46524483   14.84%
 3889653 824110       14.7326    20       16.6243       14.1581 46787335   14.84%
 3919857 827478    infeasible             16.6243       14.1581 47054207   14.84%
 3949972 830628       14.1581    31       16.6243       14.1581 47319510   14.84%
Elapsed real time = 438.76 sec. (tree size = 357.27 MB, solutions = 59)
Nodefile size = 229.84 MB (124.72 MB after compression)
 3980104 833944       14.1581    31       16.6243       14.1581 47588709   14.84%
 4009956 837144       15.5986    18       16.6243       14.1581 47858590   14.84%
 4039600 840225       15.7803    16       16.6243       14.1581 48135520   14.84%
 4068592 843298       15.5986    18       16.6243       14.1581 48423544   14.84%
 4097943 846389       15.7803    21       16.6243       14.1581 48740177   14.84%
 4126083 849696       15.9529    16       16.6243       14.1581 49067618   14.84%
 4153380 852826       15.5123    20       16.6243       14.1581 49395051   14.84%
 4183977 854955       14.1747    14       16.6243       14.1747 49697773   14.74%
 4217223 857086    infeasible             16.6243       14.1747 49979957   14.74%
 4249530 858600       14.8205    19       16.6243       14.1983 50269471   14.59%
Elapsed real time = 469.00 sec. (tree size = 369.59 MB, solutions = 59)
Nodefile size = 241.84 MB (131.05 MB after compression)
 4281530 859236    infeasible             16.6243       14.2012 50586717   14.58%
 4314516 860855       14.2846    22       16.6243       14.2213 50868890   14.45%
 4346611 861978    infeasible             16.6243       14.2444 51173272   14.32%
 4378105 865196       14.2444    27       16.6243       14.2444 51470973   14.32%
 4409447 868275       15.1657    20       16.6243       14.2444 51772330   14.32%
 4440205 871476       14.2444    17       16.6243       14.2444 52075719   14.32%
 4470920 874424       14.2444    17       16.6243       14.2444 52391862   14.32%
 4500895 877558       14.4215    28       16.6243       14.2444 52709731   14.32%
 4529586 880346       16.0525    17       16.6243       14.2489 53035551   14.29%
 4563526 881593       14.2610    24       16.6243       14.2610 53311450   14.22%
Elapsed real time = 497.99 sec. (tree size = 379.46 MB, solutions = 59)
Nodefile size = 251.84 MB (136.47 MB after compression)
 4594450 884191       15.2679    16       16.6243       14.2679 53614009   14.17%
 4623946 887372       14.2679    31       16.6243       14.2679 53940745   14.17%
 4651775 890378    infeasible             16.6243       14.2679 54278481   14.17%
 4679378 892848       14.2771    24       16.6243       14.2758 54611530   14.13%
 4711970 894415       14.2846    19       16.6243       14.2846 54859292   14.07%
 4743838 896033       15.3709    24       16.6243       14.2846 55110832   14.07%
 4775434 897641       14.9303    22       16.6243       14.2846 55368481   14.07%
 4806147 899373       14.2846    31       16.6243       14.2846 55642056   14.07%
 4839990 899484       14.3160    21       16.6243       14.3126 55930971   13.91%
 4873304 901258       14.3234    26       16.6243       14.3234 56220896   13.84%
Elapsed real time = 527.87 sec. (tree size = 387.90 MB, solutions = 59)
Nodefile size = 259.83 MB (140.74 MB after compression)
 4905866 902503       14.3307    25       16.6243       14.3307 56509481   13.80%
 4937212 904838       15.5006    19       16.6243       14.3397 56817947   13.74%
 4968642 907465       15.8397    18       16.6243       14.3397 57128758   13.74%
 4998854 909843       15.3564    22       16.6243       14.3397 57450697   13.74%
 5028205 912132       14.3397    23       16.6243       14.3397 57785797   13.74%
 5060385 912812       14.3473    20       16.6243       14.3473 58040300   13.70%
 5092040 914466    infeasible             16.6243       14.3542 58300120   13.66%
 5122778 915682       14.8709    20       16.6243       14.3709 58598301   13.56%
 5156112 917209       14.3709    22       16.6243       14.3709 58876234   13.56%
 5189363 918259       14.3794    23       16.6243       14.3784 59171128   13.51%
Elapsed real time = 557.24 sec. (tree size = 395.57 MB, solutions = 59)
Nodefile size = 267.83 MB (145.19 MB after compression)
 5223541 918104       15.4737    32       16.6243       14.4030 59457478   13.36%
 5256594 918342       15.3162    21       16.6243       14.4260 59753947   13.22%
 5288737 920732       14.4260    23       16.6243       14.4260 60055865   13.22%
 5320817 922931       15.6940    20       16.6243       14.4260 60358413   13.22%
 5352576 925424       15.5123    26       16.6243       14.4260 60664077   13.22%
 5383933 927781       14.4260    23       16.6243       14.4260 60972783   13.22%
 5414880 930006       14.4260    28       16.6243       14.4260 61290408   13.22%
 5444481 932313       14.4260    46       16.6243       14.4260 61621418   13.22%
 5478498 932294       14.8832    17       16.6243       14.4427 61911235   13.12%
 5512994 932485       15.4738    19       16.6243       14.4572 62189969   13.04%
Elapsed real time = 586.28 sec. (tree size = 401.84 MB, solutions = 59)
Nodefile size = 273.83 MB (148.54 MB after compression)
 5545838 932058       15.2610    20       16.6243       14.4662 62507408   12.98%
 5580184 931666       14.8122    27       16.6243       14.4893 62792383   12.84%
 5613386 932262       14.9529    24       16.6243       14.5123 63091046   12.70%
 5645872 933981       14.5123    23       16.6243       14.5123 63383930   12.70%
 5678023 935841       15.7803    34       16.6243       14.5123 63683557   12.70%
 5709965 937812       15.1581    17       16.6243       14.5123 63984892   12.70%
 5741578 939735       15.4298    19       16.6243       14.5123 64292904   12.70%
 5773414 941574       14.5600    32       16.6243       14.5123 64608808   12.70%
 5804312 943762       15.5123    23       16.6243       14.5123 64922635   12.70%
 5834103 945788       15.5123    18       16.6243       14.5123 65246328   12.70%
Elapsed real time = 615.29 sec. (tree size = 407.64 MB, solutions = 59)
Nodefile size = 279.83 MB (151.91 MB after compression)
 5868431 945714    infeasible             16.6243       14.5290 65528113   12.60%
 5899573 947509       14.5829    20       16.6243       14.5359 65842941   12.56%
 5930630 949347       16.0359    20       16.6243       14.5359 66159513   12.56%
 5961343 951123       14.5359    21       16.6243       14.5359 66480040   12.56%
 5992172 953029       16.4260    21       16.6243       14.5359 66807365   12.56%
 6022051 954973       16.6222    22       16.6243       14.5359 67139967   12.56%
 6051205 956793       15.8901    19       16.6243       14.5359 67477790   12.56%
 6078521 958533       15.0362    18       16.6243       14.5362 67824677   12.56%
 6112583 958789       14.5525    22       16.6243       14.5525 68114920   12.46%
 6146170 959498    infeasible             16.6243       14.5525 68411095   12.46%
Elapsed real time = 644.34 sec. (tree size = 413.65 MB, solutions = 59)
Nodefile size = 285.83 MB (155.20 MB after compression)
 6178916 960235       15.5525    21       16.6243       14.5525 68711055   12.46%
 6212608 959851       15.0718    31       16.6243       14.5718 69012002   12.35%
 6246948 958454       14.5922    25       16.6243       14.5922 69306664   12.22%
 6280977 958824       14.5986    19       16.6243       14.5986 69596598   12.19%
 6314460 959466       15.2208    16       16.6243       14.5986 69890035   12.19%
 6347133 960317       14.5986    19       16.6243       14.5986 70195849   12.19%
 6379398 960596       16.0482    11       16.6243       14.6077 70508350   12.13%
 6413575 959367    infeasible             16.6243       14.6222 70801556   12.04%
 6445232 961222       14.6222    20       16.6243       14.6222 71118032   12.04%
 6476706 962675       14.7251    19       16.6243       14.6222 71431066   12.04%
Elapsed real time = 673.47 sec. (tree size = 415.31 MB, solutions = 59)
Nodefile size = 287.83 MB (156.35 MB after compression)
 6507750 964047       15.4451    19       16.6243       14.6222 71758895   12.04%
 6537838 965557       15.2444    20       16.6243       14.6222 72080345   12.04%
 6566334 967149       15.8901    23       16.6243       14.6222 72414287   12.04%
 6598961 966890       14.9529    20       16.6243       14.6388 72716181   11.94%
 6634250 966631        cutoff             16.6243       14.6388 72993760   11.94%
 6668702 966668       14.6388    19       16.6243       14.6388 73275336   11.94%
 6703199 966168       14.6388    29       16.6243       14.6388 73562501   11.94%
 6737739 964865       14.6581    25       16.6243       14.6581 73854994   11.83%
 6773390 962487       14.6790    22       16.6243       14.6790 74138613   11.70%
 6808344 961908       15.0794    18       16.6243       14.6849 74426471   11.67%
Elapsed real time = 702.66 sec. (tree size = 415.18 MB, solutions = 59)
Nodefile size = 289.83 MB (157.49 MB after compression)
 6841977 961917       15.1345    18       16.6243       14.6940 74726793   11.61%
 6875864 961847       16.2610    15       16.6243       14.6940 75025588   11.61%
 6909063 961776       15.2391    32       16.6243       14.6940 75335698   11.61%
 6943838 960264       15.9931    22       16.6243       14.7085 75626569   11.52%
 6979041 958363       15.5362    18       16.6243       14.7251 75906495   11.42%
 7015066 956648       15.0794    14       16.6243       14.7251 76180539   11.42%
 7051179 954046       15.2251    15       16.6243       14.7444 76460718   11.31%
 7087573 951091       14.7653    16       16.6243       14.7653 76738478   11.18%
 7121879 950759       15.9384    14       16.6243       14.7803 77030124   11.09%
 7156377 950768       15.4933    19       16.6243       14.7803 77317632   11.09%
Elapsed real time = 731.81 sec. (tree size = 410.75 MB, solutions = 59)
Nodefile size = 289.83 MB (157.49 MB after compression)
 7190440 950700       14.8349    24       16.6243       14.7803 77610308   11.09%
 7224108 950858       14.7803    18       16.6243       14.7803 77910334   11.09%
 7257532 950915       14.7803    18       16.6243       14.7803 78210891   11.09%
 7289998 951143       15.4025    30       16.6243       14.7803 78523447   11.09%
 7325737 948792       14.8038    21       16.6243       14.8038 78803252   10.95%
 7358491 948790       15.2444    14       16.6243       14.8038 79114982   10.95%
 7391991 948721       14.8038    21       16.6243       14.8038 79422469   10.95%
 7425027 948617       14.9303    26       16.6243       14.8038 79738639   10.95%
 7457606 948546       15.8901    17       16.6243       14.8038 80057104   10.95%
 7489442 948772       15.3397    16       16.6243       14.8038 80384886   10.95%
Elapsed real time = 760.76 sec. (tree size = 410.09 MB, solutions = 59)
Nodefile size = 289.83 MB (157.49 MB after compression)
 7520565 949199       15.6149    20       16.6243       14.8038 80719801   10.95%
 7549312 949653       16.1581    21       16.6243       14.8038 81076604   10.95%
 7581792 948584       14.9619    29       16.6243       14.8160 81383548   10.88%
 7618223 946220       14.8205    22       16.6243       14.8205 81655747   10.85%
 7653809 943687       15.5525    12       16.6243       14.8205 81944830   10.85%
 7691484 939635       15.5123    19       16.6243       14.8666 82212084   10.57%
 7726908 938832       14.8666    20       16.6243       14.8666 82485269   10.57%
 7761869 938380       15.0333    18       16.6243       14.8666 82768919   10.57%
 7795918 938338       15.4097    23       16.6243       14.8666 83061849   10.57%
 7831279 936065       14.9234    13       16.6243       14.8832 83348776   10.47%
Elapsed real time = 789.97 sec. (tree size = 404.94 MB, solutions = 59)
Nodefile size = 289.83 MB (157.49 MB after compression)
 7865689 934972       15.9764    26       16.6243       14.8901 83643764   10.43%
 7899707 934364       14.8901    29       16.6243       14.8901 83943882   10.43%
 7933628 933704       14.8901    19       16.6243       14.8901 84248361   10.43%
 7965962 933722       15.2444    18       16.6243       14.8901 84544578   10.43%
 7997083 933505       14.8901    20       16.6243       14.8901 84833037   10.43%
 8029165 933402       15.5525    16       16.6243       14.8901 85131657   10.43%
 8060646 933318       15.5123    23       16.6243       14.8901 85445879   10.43%
 8091262 933552       15.3901    24       16.6243       14.8901 85758256   10.43%
 8120682 933915       14.8901    35       16.6243       14.8901 86088802   10.43%
 8152576 932935       14.9068    21       16.6243       14.9068 86390132   10.33%
Elapsed real time = 819.97 sec. (tree size = 403.25 MB, solutions = 59)
Nodefile size = 275.72 MB (150.83 MB after compression)
 8188342 931078       15.7409    16       16.6243       14.9068 86656462   10.33%
 8223743 929243       14.9068    24       16.6243       14.9068 86929862   10.33%
 8258683 927539       15.3473    25       16.6243       14.9068 87206629   10.33%
 8292535 926331       15.3709    16       16.6243       14.9068 87491387   10.33%
 8329230 922435       14.9303    26       16.6243       14.9303 87760505   10.19%
 8365814 917859       15.2610    18       16.6243       14.9529 88039727   10.05%
 8401869 916284       14.9529    23       16.6243       14.9529 88314068   10.05%
 8436547 915074       14.9574    25       16.6243       14.9546 88598349   10.04%
 8471098 913995    infeasible             16.6243       14.9619 88881325   10.00%
 8504390 912487       14.9692    25       16.6243       14.9692 89160677    9.96%
Elapsed real time = 850.01 sec. (tree size = 394.55 MB, solutions = 59)
Nodefile size = 267.64 MB (147.09 MB after compression)
 8540150 909864       15.1536    26       16.6243       14.9764 89433909    9.91%
 8574254 908159       14.9764    17       16.6243       14.9764 89720499    9.91%
 8608308 906494       14.9965    37       16.6243       14.9764 90016080    9.91%
 8641253 905295       14.9764    29       16.6243       14.9764 90323172    9.91%
 8674640 902931       15.5290    17       16.6243       14.9931 90628993    9.81%
 8710718 899063       15.4336    15       16.6243       14.9931 90882865    9.81%
 8747332 895323       14.9937    17       16.6243       14.9931 91166176    9.81%
 8780047 893463       15.0078    29       16.6243       15.0078 91477665    9.72%
 8816616 888358       15.3709    22       16.6243       15.0166 91767628    9.67%
 8853931 882861       15.0482    16       16.6243       15.0482 92034938    9.48%
Elapsed real time = 880.22 sec. (tree size = 381.80 MB, solutions = 59)
Nodefile size = 254.59 MB (140.58 MB after compression)
 8888826 879860       15.0482    25       16.6243       15.0482 92305152    9.48%
 8923638 876229       15.4111    20       16.6243       15.0568 92585912    9.43%
 8956968 872499       15.5718    14       16.6243       15.0718 92855596    9.34%
 8990192 870057       15.0718    18       16.6243       15.0718 93133464    9.34%
 9024088 867670       15.1031    22       16.6243       15.0718 93431454    9.34%
 9057164 865774       15.0718    25       16.6243       15.0718 93747784    9.34%
 9088831 864236       15.6077    28       16.6243       15.0718 94069199    9.34%
 9123595 860570       15.0794    19       16.6243       15.0794 94364768    9.29%
 9161018 855641       15.4427    17       16.6243       15.0884 94637911    9.24%
 9198992 849426       15.1149    23       16.6243       15.1110 94906737    9.10%
Elapsed real time = 911.09 sec. (tree size = 367.54 MB, solutions = 59)
Nodefile size = 240.52 MB (133.89 MB after compression)
 9237587 844008       15.6345    23       16.6243       15.1345 95173807    8.96%
 9274123 840063       15.6345    17       16.6243       15.1345 95461582    8.96%
 9311267 834711       15.1972    21       16.6243       15.1581 95744645    8.82%
 9347946 830837       15.9068    18       16.6243       15.1581 96030887    8.82%
 9384214 827361       15.1581    14       16.6243       15.1581 96319178    8.82%
 9420303 823857       15.5986    17       16.6243       15.1581 96608990    8.82%
 9456316 820290       15.1581    23       16.6243       15.1581 96903076    8.82%
 9491746 817341       15.1581    22       16.6243       15.1581 97203463    8.82%
 9526861 814277       15.7803    22       16.6243       15.1581 97504127    8.82%
 9561673 811665       15.4260    27       16.6243       15.1581 97807488    8.82%
Elapsed real time = 940.86 sec. (tree size = 351.61 MB, solutions = 59)
Nodefile size = 225.52 MB (125.74 MB after compression)
 9595256 809152       15.1581    27       16.6243       15.1581 98111881    8.82%
 9627110 807073       15.1581    19       16.6243       15.1581 98425166    8.82%
 9664998 801867       15.1747    21       16.6243       15.1747 98696219    8.72%
 9703593 796648       15.1747    17       16.6243       15.1747 98959675    8.72%
 9742673 790229       15.1983    22       16.6243       15.1983 99233843    8.58%
 9782257 782306       15.5927    21       16.6243       15.2149 99509578    8.48%
 9820858 777408       15.6614    16       16.6243       15.2208 99772071    8.44%
 9859821 771366       15.9931    21       16.6243       15.2444 1.00e+08    8.30%
 9896954 766955       15.2444    18       16.6243       15.2444 1.00e+08    8.30%
 9934119 762517       15.2444    19       16.6243       15.2444 1.01e+08    8.30%
Elapsed real time = 971.22 sec. (tree size = 330.87 MB, solutions = 59)
Nodefile size = 207.51 MB (116.12 MB after compression)
 9970730 758518       15.7803    13       16.6243       15.2444 1.01e+08    8.30%
 10007334 754435       15.2444    21       16.6243       15.2444 1.01e+08    8.30%
 10043444 750647       15.2444    23       16.6243       15.2444 1.01e+08    8.30%
 10078912 747020       15.7444    26       16.6243       15.2444 1.02e+08    8.30%
 10113781 743928       15.2444    23       16.6243       15.2444 1.02e+08    8.30%
 10148242 740225       15.5207    18       16.6243       15.2610 1.02e+08    8.20%
 10188455 733626       15.2610    19       16.6243       15.2610 1.03e+08    8.20%
 10227911 727269       15.2610    18       16.6243       15.2610 1.03e+08    8.20%
 10265024 722399       15.2679    19       16.6243       15.2679 1.03e+08    8.16%
 10299046 719275       15.2679    24       16.6243       15.2679 1.04e+08    8.16%
Elapsed real time = 1001.09 sec. (tree size = 312.73 MB, solutions = 59)
Nodefile size = 193.51 MB (108.52 MB after compression)
 10337317 711822       15.2846    16       16.6243       15.2846 1.04e+08    8.06%
 10377746 703059       15.3248    20       16.6243       15.2846 1.04e+08    8.06%
 10418823 693054       15.3012    14       16.6243       15.3012 1.04e+08    7.96%
 10459870 684929       15.3162    15       16.6243       15.3162 1.05e+08    7.87%
 10500749 676252       15.3307    23       16.6243       15.3307 1.05e+08    7.78%
 10538828 669674       15.3397    19       16.6243       15.3397 1.05e+08    7.73%
 10576921 664796       15.3397    21       16.6243       15.3397 1.05e+08    7.73%
 10613975 659735       15.8397    16       16.6243       15.3397 1.06e+08    7.73%
 10654691 650819       15.3473    20       16.6243       15.3473 1.06e+08    7.68%
 10693628 642868       15.3564    18       16.6243       15.3564 1.06e+08    7.63%
Elapsed real time = 1031.73 sec. (tree size = 280.52 MB, solutions = 59)
Nodefile size = 173.53 MB (97.63 MB after compression)
 10736071 630392       15.9508    13       16.6243       15.3875 1.07e+08    7.44%
 10777654 620898       15.4025    18       16.6243       15.4025 1.07e+08    7.35%
 10817214 612216       15.4260    26       16.6243       15.4260 1.07e+08    7.21%
 10855713 605352       16.3162    22       16.6243       15.4260 1.07e+08    7.21%
 10893837 598662       15.4260    20       16.6243       15.4260 1.08e+08    7.21%
 10931362 592130       15.4260    16       16.6243       15.4260 1.08e+08    7.21%
 10968559 585845       15.4260    18       16.6243       15.4260 1.08e+08    7.21%
 11004397 579591       15.4260    23       16.6243       15.4260 1.09e+08    7.21%
 11044631 570125       15.4427    17       16.6243       15.4427 1.09e+08    7.11%
 11088054 557470    infeasible             16.6243       15.4662 1.09e+08    6.97%
Elapsed real time = 1062.92 sec. (tree size = 244.60 MB, solutions = 59)
Nodefile size = 156.54 MB (88.24 MB after compression)
 11130691 545341       15.9978    21       16.6243       15.4978 1.09e+08    6.78%
 11171343 535859       15.5123    19       16.6243       15.5123 1.10e+08    6.69%
 11211496 527062       15.6388    19       16.6243       15.5123 1.10e+08    6.69%
 11250963 518554       15.6153    20       16.6243       15.5123 1.10e+08    6.69%
 11289981 510442       15.5123    17       16.6243       15.5123 1.10e+08    6.69%
 11327920 503207        cutoff             16.6243       15.5123 1.11e+08    6.69%
 11367193 493897       15.8832    14       16.6243       15.5290 1.11e+08    6.59%
 11408857 483157       15.5359    21       16.6243       15.5359 1.11e+08    6.55%
 11447702 474784       16.0359    17       16.6243       15.5359 1.12e+08    6.55%
 11484264 467729    infeasible             16.6243       15.5359 1.12e+08    6.55%
Elapsed real time = 1094.10 sec. (tree size = 206.81 MB, solutions = 59)
Nodefile size = 131.58 MB (74.33 MB after compression)
 11524438 456898    infeasible             16.6243       15.5525 1.12e+08    6.45%
 11566891 444497       15.5525    22       16.6243       15.5525 1.12e+08    6.45%
 11611327 430218       15.5986    15       16.6243       15.5986 1.13e+08    6.17%
 11653650 418055       15.5986    18       16.6243       15.5986 1.13e+08    6.17%
 11693830 407598       15.6077    23       16.6243       15.6077 1.13e+08    6.12%
 11736048 395438       15.6222    20       16.6243       15.6222 1.14e+08    6.03%
 11776190 385655       16.1222    16       16.6243       15.6222 1.14e+08    6.03%
 11818902 369947       16.0392    10       16.6243       15.6388 1.14e+08    5.93%
 11872106 340246       15.7251    17       16.6243       15.7251 1.14e+08    5.41%
 11928275 306300    infeasible             16.6243       15.8038 1.15e+08    4.94%
Elapsed real time = 1127.49 sec. (tree size = 138.84 MB, solutions = 59)
Nodefile size = 63.75 MB (36.21 MB after compression)
 11976822 279000       15.9068    18       16.6243       15.8666 1.15e+08    4.56%
 12029033 250673       16.1581    10       16.6243       15.8901 1.15e+08    4.42%
 12084438 216128    infeasible             16.6243       15.9692 1.15e+08    3.94%
 12137603 183245       16.0482    23       16.6243       16.0482 1.16e+08    3.47%
 12180979 161764       16.1345    19       16.6243       16.1345 1.16e+08    2.95%
 12212417 159146        cutoff             16.6243       16.1345 1.16e+08    2.95%
 12243928 155236       16.1581    22       16.6243       16.1581 1.16e+08    2.80%
 12274264 153788       16.1581    15       16.6243       16.1581 1.16e+08    2.80%
 12305007 151120       16.5123    19       16.6243       16.1581 1.17e+08    2.80%
 12334732 149231       16.1581    21       16.6243       16.1581 1.17e+08    2.80%
Elapsed real time = 1160.18 sec. (tree size = 72.93 MB, solutions = 59)
Nodefile size = 19.88 MB (11.39 MB after compression)
 12364081 148081       16.1581    19       16.6243       16.1581 1.17e+08    2.80%
 12392363 147334       16.5525    17       16.6243       16.1581 1.17e+08    2.80%
 12422980 145669        cutoff             16.6243       16.1747 1.18e+08    2.70%
 12454813 142551       16.1983    14       16.6243       16.1983 1.18e+08    2.56%
 12485130 140589       16.2208    12       16.6243       16.2208 1.18e+08    2.43%
 12515212 139533        cutoff             16.6243       16.2208 1.18e+08    2.43%
 12545076 138265       16.5123    15       16.6243       16.2444 1.18e+08    2.29%
 12575456 136839       16.2444    14       16.6243       16.2444 1.19e+08    2.29%
 12605442 135898       16.5986    13       16.6243       16.2444 1.19e+08    2.29%
 12634731 135600       16.2444    24       16.6243       16.2444 1.19e+08    2.29%
Elapsed real time = 1187.04 sec. (tree size = 67.25 MB, solutions = 59)
Nodefile size = 15.90 MB (9.14 MB after compression)
 12664238 135178        cutoff             16.6243       16.2444 1.19e+08    2.29%
 12694062 133970       16.2444    21       16.6243       16.2444 1.20e+08    2.29%
 12723485 133206       16.5123    17       16.6243       16.2444 1.20e+08    2.29%
 12752610 132656       16.2444    23       16.6243       16.2444 1.20e+08    2.29%
 12780949 132705       16.2444    30       16.6243       16.2444 1.20e+08    2.29%
 12810590 131441        cutoff             16.6243       16.2610 1.21e+08    2.19%
 12841378 129706       16.2610    17       16.6243       16.2610 1.21e+08    2.19%
 12871608 128036       16.5359    11       16.6243       16.2679 1.21e+08    2.14%
 12900614 127321       16.2679    17       16.6243       16.2679 1.21e+08    2.14%
 12927655 128155       16.2679    18       16.6243       16.2679 1.21e+08    2.14%
Elapsed real time = 1213.66 sec. (tree size = 64.15 MB, solutions = 59)
Nodefile size = 11.92 MB (6.85 MB after compression)
 12955811 127214       16.2846    18       16.6243       16.2846 1.22e+08    2.04%
 12985309 126006       16.3222    22       16.6243       16.2846 1.22e+08    2.04%
 13015119 124229       16.3012    15       16.6243       16.3012 1.22e+08    1.94%
 13045419 122300       16.3162    16       16.6243       16.3162 1.22e+08    1.85%
 13075018 121155       16.3162    16       16.6243       16.3162 1.23e+08    1.85%
 13105984 118290       16.3307    12       16.6243       16.3307 1.23e+08    1.77%
 13135431 117440        cutoff             16.6243       16.3307 1.23e+08    1.77%
 13164143 117107       16.3307    19       16.6243       16.3307 1.23e+08    1.77%
 13193281 116322       16.3397    15       16.6243       16.3397 1.23e+08    1.71%
 13221852 116392       16.3397    17       16.6243       16.3397 1.24e+08    1.71%
Elapsed real time = 1239.93 sec. (tree size = 59.29 MB, solutions = 59)
Nodefile size = 10.92 MB (6.29 MB after compression)
 13250459 116151       16.3397    17       16.6243       16.3397 1.24e+08    1.71%
 13279977 114567       16.3397    23       16.6243       16.3397 1.24e+08    1.71%
 13308128 114462       16.3397    27       16.6243       16.3397 1.24e+08    1.71%
 13337704 113236       16.3473    15       16.6243       16.3473 1.25e+08    1.67%
 13367459 111447       16.3542    27       16.6243       16.3542 1.25e+08    1.62%
 13394209 111662       16.3542    17       16.6243       16.3542 1.25e+08    1.62%
 13421475 111439       16.3564    19       16.6243       16.3564 1.25e+08    1.61%
 13451898 108576       16.3709    21       16.6243       16.3709 1.26e+08    1.52%
 13481571 106200       16.3875    15       16.6243       16.3875 1.26e+08    1.42%
 13511723 104312       16.4025    20       16.6243       16.4025 1.26e+08    1.33%
Elapsed real time = 1266.12 sec. (tree size = 54.29 MB, solutions = 59)
Nodefile size =  8.93 MB (5.15 MB after compression)
 13541527 102392       16.4170    15       16.6243       16.4170 1.26e+08    1.25%
 13570463 101748       16.4260    27       16.6243       16.4260 1.27e+08    1.19%
 13599874 101103        cutoff             16.6243       16.4260 1.27e+08    1.19%
 13628649 100642       16.4260    18       16.6243       16.4260 1.27e+08    1.19%
 13657336 100300       16.4260    14       16.6243       16.4260 1.27e+08    1.19%
 13685948 99768       16.4260    19       16.6243       16.4260 1.27e+08    1.19%
 13715268 98838       16.4260    16       16.6243       16.4260 1.28e+08    1.19%
 13743941 98325        cutoff             16.6243       16.4260 1.28e+08    1.19%
 13772519 97827       16.4260    14       16.6243       16.4260 1.28e+08    1.19%
 13801069 97224       16.4260    13       16.6243       16.4260 1.28e+08    1.19%
Elapsed real time = 1291.83 sec. (tree size = 51.32 MB, solutions = 59)
Nodefile size =  6.94 MB (4.02 MB after compression)
 13830269 96218       16.4260    15       16.6243       16.4260 1.29e+08    1.19%
 13858852 95730       16.4260    20       16.6243       16.4260 1.29e+08    1.19%
 13887550 95083       16.4260    12       16.6243       16.4260 1.29e+08    1.19%
 13915716 94861       16.4260    13       16.6243       16.4260 1.29e+08    1.19%
 13944112 94711       16.4637    17       16.6243       16.4260 1.30e+08    1.19%
 13972613 94261       16.5482    19       16.6243       16.4260 1.30e+08    1.19%
 14000912 93453       16.4260    25       16.6243       16.4260 1.30e+08    1.19%
 14029419 93117       16.4260    16       16.6243       16.4260 1.30e+08    1.19%
 14058487 91789       16.4336    18       16.6243       16.4336 1.31e+08    1.15%
 14089988 87954       16.4427    24       16.6243       16.4427 1.31e+08    1.09%
Elapsed real time = 1317.91 sec. (tree size = 47.49 MB, solutions = 59)
Nodefile size =  4.95 MB (2.86 MB after compression)
 14120050 85563       16.4662    15       16.6243       16.4662 1.31e+08    0.95%
 14149119 84382       16.4662    18       16.6243       16.4662 1.31e+08    0.95%
 14178804 82427       16.4829    13       16.6243       16.4829 1.31e+08    0.85%
 14208737 81183       16.4888    11       16.6243       16.4888 1.32e+08    0.82%
 14238870 79134       16.4978    14       16.6243       16.4978 1.32e+08    0.76%
 14268170 78163       16.5123    14       16.6243       16.5123 1.32e+08    0.67%
 14298725 76046       16.5986    16       16.6243       16.5123 1.32e+08    0.67%
 14328466 75093       16.5123    15       16.6243       16.5123 1.32e+08    0.67%
 14358177 74089        cutoff             16.6243       16.5123 1.33e+08    0.67%
 14387478 73461       16.5123    15       16.6243       16.5123 1.33e+08    0.67%
Elapsed real time = 1343.63 sec. (tree size = 41.45 MB, solutions = 59)
Nodefile size =  2.97 MB (1.72 MB after compression)
 14417039 72630       16.5123    10       16.6243       16.5123 1.33e+08    0.67%
 14446651 71949       16.5123    15       16.6243       16.5123 1.33e+08    0.67%
 14476029 71343       16.5123    16       16.6243       16.5123 1.34e+08    0.67%
 14505468 70799       16.5266    18       16.6243       16.5123 1.34e+08    0.67%
 14534971 70160       16.5123    18       16.6243       16.5123 1.34e+08    0.67%
 14564093 69579       16.5123    11       16.6243       16.5123 1.34e+08    0.67%
 14593601 68731       16.5123    16       16.6243       16.5123 1.34e+08    0.67%
 14622890 68163       16.5123    18       16.6243       16.5123 1.35e+08    0.67%
 14651806 67868        cutoff             16.6243       16.5123 1.35e+08    0.67%
 14681041 67482       16.5123    13       16.6243       16.5123 1.35e+08    0.67%
Elapsed real time = 1368.93 sec. (tree size = 38.99 MB, solutions = 59)
Nodefile size =  2.97 MB (1.72 MB after compression)
 14710155 67072       16.5123    13       16.6243       16.5123 1.35e+08    0.67%
 14739302 66610       16.5123    17       16.6243       16.5123 1.36e+08    0.67%
 14768573 66134       16.5123    27       16.6243       16.5123 1.36e+08    0.67%
 14797875 65444       16.5123    19       16.6243       16.5123 1.36e+08    0.67%
 14826920 65227        cutoff             16.6243       16.5123 1.36e+08    0.67%
 14856006 64719       16.5123    16       16.6243       16.5123 1.36e+08    0.67%
 14884734 64102       16.5123    20       16.6243       16.5123 1.37e+08    0.67%
 14914970 61185        cutoff             16.6243       16.5290 1.37e+08    0.57%
 14945503 58782        cutoff             16.6243       16.5290 1.37e+08    0.57%
 14975289 57143       16.5359    24       16.6243       16.5359 1.37e+08    0.53%
Elapsed real time = 1394.61 sec. (tree size = 34.70 MB, solutions = 59)
Nodefile size =  1.97 MB (1.14 MB after compression)
 15003754 57055       16.5359    19       16.6243       16.5359 1.38e+08    0.53%
 15032510 56213       16.5359    21       16.6243       16.5359 1.38e+08    0.53%
 15060237 56301       16.5359    18       16.6243       16.5359 1.38e+08    0.53%
 15087951 56103       16.5359    25       16.6243       16.5359 1.38e+08    0.53%
 15115900 55706       16.5359    15       16.6243       16.5359 1.39e+08    0.53%
 15143853 55568       16.5359    13       16.6243       16.5359 1.39e+08    0.53%
 15172296 55337       16.5359    14       16.6243       16.5359 1.39e+08    0.53%
 15200681 54733       16.5359    21       16.6243       16.5359 1.39e+08    0.53%
 15228459 54587        cutoff             16.6243       16.5359 1.40e+08    0.53%
 15256040 54570       16.5359    14       16.6243       16.5359 1.40e+08    0.53%
Elapsed real time = 1420.30 sec. (tree size = 33.62 MB, solutions = 59)
Nodefile size =  0.98 MB (0.56 MB after compression)
 15283692 54334       16.5359    13       16.6243       16.5359 1.40e+08    0.53%
 15310860 54312       16.5359    22       16.6243       16.5359 1.40e+08    0.53%
 15338009 54405       16.5359    28       16.6243       16.5359 1.41e+08    0.53%
 15364964 54192        cutoff             16.6243       16.5365 1.41e+08    0.53%
 15394501 51494       16.5525    12       16.6243       16.5525 1.41e+08    0.43%
 15424357 49325       16.5525    14       16.6243       16.5525 1.41e+08    0.43%
 15454370 46950       16.5525    15       16.6243       16.5525 1.41e+08    0.43%
 15483905 45386       16.5525    12       16.6243       16.5525 1.42e+08    0.43%
 15512881 44508       16.5526    15       16.6243       16.5525 1.42e+08    0.43%
 15543155 40643       16.5751    17       16.6243       16.5751 1.42e+08    0.30%
Elapsed real time = 1446.23 sec. (tree size = 27.86 MB, solutions = 59)
Nodefile size =  0.98 MB (0.56 MB after compression)
 15572685 38090       16.5841    19       16.6243       16.5841 1.42e+08    0.24%
 15602476 35930       16.5986    20       16.6243       16.5986 1.43e+08    0.15%
 15632003 34223       16.5986    19       16.6243       16.5986 1.43e+08    0.15%
 15661692 32194       16.6187    19       16.6243       16.5986 1.43e+08    0.15%
 15691846 29983       16.5986    17       16.6243       16.5986 1.43e+08    0.15%
 15721718 28577       16.5986    22       16.6243       16.5986 1.43e+08    0.15%
 15751184 27053       16.5986    14       16.6243       16.5986 1.44e+08    0.15%
 15780462 25970       16.5986    17       16.6243       16.5986 1.44e+08    0.15%
 15809709 24893       16.5986    15       16.6243       16.5986 1.44e+08    0.15%
 15838735 24128       16.5986    15       16.6243       16.5986 1.44e+08    0.15%
Elapsed real time = 1471.97 sec. (tree size = 21.03 MB, solutions = 59)
Nodefile size =  0.98 MB (0.56 MB after compression)
 15867997 23230       16.5994    19       16.6243       16.5986 1.45e+08    0.15%
 15896953 22666       16.5986    15       16.6243       16.5986 1.45e+08    0.15%
 15925820 21885       16.5991    21       16.6243       16.5991 1.45e+08    0.15%
 15955202 19852       16.6077    18       16.6243       16.6077 1.45e+08    0.10%
 15983986 19052       16.6077    17       16.6243       16.6077 1.45e+08    0.10%
 16012910 16798       16.6077    17       16.6243       16.6077 1.46e+08    0.10%
 16041700 16260        cutoff             16.6243       16.6077 1.46e+08    0.10%
 16070246 15576       16.6077    27       16.6243       16.6077 1.46e+08    0.10%
 16098618 15320       16.6077    14       16.6243       16.6077 1.46e+08    0.10%
 16128386 12876       16.6153    10       16.6243       16.6153 1.47e+08    0.05%
Elapsed real time = 1497.49 sec. (tree size = 16.38 MB, solutions = 59)
 16158669 10210       16.6153    18       16.6243       16.6153 1.47e+08    0.05%
 16187631  8595        cutoff             16.6243       16.6222 1.47e+08    0.01%
 16217005  7250       16.6222    13       16.6243       16.6222 1.47e+08    0.01%
 16245781  6272       16.6222    16       16.6243       16.6222 1.48e+08    0.01%
 16274312  5377        cutoff             16.6243       16.6222 1.48e+08    0.01%
 16302872  4462       16.6222    21       16.6243       16.6222 1.48e+08    0.01%
 16331001  3710       16.6222    13       16.6243       16.6222 1.48e+08    0.01%
 16359332  2871       16.6222    16       16.6243       16.6222 1.48e+08    0.01%
 16387550  2134       16.6222    16       16.6243       16.6222 1.49e+08    0.01%
 16415405  1516       16.6222    14       16.6243       16.6222 1.49e+08    0.01%
Elapsed real time = 1523.10 sec. (tree size = 11.69 MB, solutions = 59)
 16443228  1046       16.6222    24       16.6243       16.6222 1.49e+08    0.01%
 16471234   538       16.6222    30       16.6243       16.6222 1.49e+08    0.01%

Cover cuts applied:  9
Implied bound cuts applied:  484
Flow cuts applied:  147
Mixed integer rounding cuts applied:  253
Gomory fractional cuts applied:  78

Root node processing (before b&c):
  Real time             =    0.12
Parallel b&c, 4 threads:
  Real time             = 1529.34
  Sync time (average)   =    0.84
  Wait time (average)   =    0.01
                          -------
Total (root+branch&cut) = 1529.46 sec.
STATUS : Optimal
Solution status = Optimal
 Number of constraints = 614
Solution value  = 16.6243
c(0)=7.67904 c(1)=2.6624 c(2)=15.2701 c(3)=13.0021 c(4)=15.806 c(5)=1.35425 c(6)=4.93035 c(7)=8.67904 c(8)=6.2846 c(9)=10.6388 c(10)=0 c(11)=11.679 c(12)=13.8205 c(13)=16.6243 c(14)=14.3564 c(15)=5.93035 c(16)=3.5359 c(17)=7.2846 c(18)=2.26795 c(19)=9.2846 c(20)=12.0884 c(21)=9.82049 c(22)=0.535898 c(23)=4.5359 
