24 20

0
20 0
10 30 0
10 10 20 0
30 10 40 20 0
20 40 10 30 50 0
20 20 30 10 30 20 0
40 20 50 30 10 40 20 0
30 50 20 40 60 10 30 50 0
30 30 20 20 40 10 10 30 20 0
30 30 40 20 20 30 10 10 40 20 0
50 30 60 40 20 50 30 10 60 40 20 0
40 60 30 50 70 20 40 60 10 30 50 70 0
40 40 30 30 50 20 20 40 30 10 30 50 20 0
40 40 50 30 30 40 20 20 50 30 10 30 40 20 0
60 40 70 50 30 60 40 20 70 50 30 10 60 40 20 0
50 50 40 40 60 30 30 50 20 20 40 60 10 10 30 50 0
50 50 40 40 40 30 30 30 40 20 20 40 30 10 10 30 20 0
50 50 60 40 40 50 30 30 60 40 20 20 50 30 10 10 40 20 0
60 60 50 50 70 40 40 60 30 30 50 70 20 20 40 60 10 30 50 0 
60 60 50 50 50 40 40 40 50 30 30 50 40 20 20 40 30 10 30 20 0
60 60 70 50 50 60 40 40 70 50 30 30 60 40 20 20 50 30 10 40 20 0
70 70 60 60 60 50 50 50 40 40 40 60 30 30 30 50 20 20 40 10 10 30 0
70 70 60 60 60 50 50 50 60 40 40 40 50 30 30 30 40 20 20 30 10 10 20 0