25 30
30 29 28 27 26 25 24 23 22 21 20 19 18 17 16 15 14 13 12 11 10 9 8 7 6 5 4 3 2 1
0
10 0
20 10 0
30 20 10 0
40 30 20 10 0
10 20 30 40 50 0
20 10 20 30 40 10 0
30 20 10 20 30 20 10 0
40 30 20 10 20 30 20 10 0
50 40 30 20 10 40 30 20 10 0
20 30 40 50 60 10 20 30 40 50 0
30 20 30 40 50 20 10 20 30 40 10 0
40 30 20 30 40 30 20 10 20 30 20 10 0
50 40 30 20 30 20 30 20 10 20 30 20 10 0
60 50 40 30 20 50 40 30 20 10 40 30 20 10 0
30 40 50 60 70 20 30 40 50 60 10 20 30 40 50 0
40 30 40 50 60 30 20 30 40 50 20 10 20 30 40 10 0
50 40 30 40 50 40 30 20 30 40 30 20 10 20 30 20 10 0
60 50 40 30 40 50 40 30 20 30 40 30 20 10 20 30 20 10 0
70 60 50 40 30 60 50 40 30 20 50 40 30 20 10 40 30 20 10 0
40 50 60 70 80 30 40 50 60 70 20 30 40 50 60 10 20 30 40 50 0
50 40 50 60 70 40 30 40 50 60 30 20 30 40 50 20 10 20 30 40 10 0
60 50 40 50 60 50 40 30 40 50 40 30 20 30 40 30 20 10 20 30 20 10 0
70 60 50 40 50 60 50 40 30 40 50 40 30 20 30 40 30 20 10 20 30 20 10 0
80 70 60 50 40 50 60 50 40 30 40 50 40 30 20 30 40 30 20 10 20 30 20 10 0




