Start with the file ../data/hexagonal_lattice.dat

Graph (V,E) with |V|= 24 and diameter = 7

Coordinates: 
vertex 1 : 0 0
vertex 2 : 1.73 0
vertex 3 : -0.87 0.5
vertex 4 : 0.87 0.5
vertex 5 : 2.6 0.5
vertex 6 : -0.87 1.5
vertex 7 : 0.87 1.5
vertex 8 : 2.6 1.5
vertex 9 : -1.73 2
vertex 10 : 0 2
vertex 11 : 1.73 2
vertex 12 : 3.46 2
vertex 13 : -1.73 3
vertex 14 : 0 3
vertex 15 : 1.73 3
vertex 16 : 3.46 3
vertex 17 : -0.87 3.5
vertex 18 : 0.87 3.5
vertex 19 : 2.6 3.5
vertex 20 : -0.87 4.5
vertex 21 : 0.87 4.5
vertex 22 : 2.6 4.5
vertex 23 : 0 5
vertex 24 : 1.73 5

Distances: 
  0 1.73 1.00344 1.00344 2.64764 1.73404 1.73404 3.00167 2.64441   2 2.64441 3.99645 3.46308   3 3.46308 4.57948 3.60651 3.60651 4.36005 4.58333 4.58333 5.19711   5 5.29083 
1.73   0 2.64764 0.994786 1.00344 3.00167 1.72905 1.73404 3.99645 2.64441   2 2.64441 4.57948 3.46308   3 3.46308 4.36005 3.60411 3.60651 5.19711 4.58144 4.58333 5.29083   5 
1.00344 2.64764   0 1.74 3.47   1 2.00689 3.61122 1.72905 1.73404 3.00167 4.58246 2.64379 2.64705 3.60694 4.99989   3 3.46808 4.58704   4 4.36206 5.29537 4.58333 5.19711 
1.00344 0.994786 1.74   0 1.73 2.00689   1 1.99822 3.00167 1.73404 1.72905 2.99301 3.60694 2.64705 2.64379 3.59974 3.46808   3 3.46308 4.36206   4 4.35808 4.58333 4.58144 
2.64764 1.00344 3.47 1.73   0 3.61122 1.99822   1 4.58246 3.00167 1.73404 1.72905 4.99989 3.60694 2.64705 2.64379 4.58704 3.46308   3 5.29537 4.35808   4 5.19711 4.58333 
1.73404 3.00167   1 2.00689 3.61122   0 1.74 3.47 0.994786 1.00344 2.64764 4.35877 1.72905 1.73404 3.00167 4.58246   2 2.65096 4.00511   3 3.46808 4.58704 3.60651 4.36005 
1.73404 1.72905 2.00689   1 1.99822 1.74   0 1.73 2.64764 1.00344 0.994786 2.63782 3.00167 1.73404 1.72905 2.99301 2.65096   2 2.64441 3.46808   3 3.46308 3.60651 3.60411 
3.00167 1.73404 3.61122 1.99822   1 3.47 1.73   0 4.35877 2.64764 1.00344 0.994786 4.58246 3.00167 1.73404 1.72905 4.00511 2.64441   2 4.58704 3.46308   3 4.36005 3.60651 
2.64441 3.99645 1.72905 3.00167 4.58246 0.994786 2.64764 4.35877   0 1.73 3.46 5.19   1 1.99822 3.60161 5.28546 1.72905 3.00167 4.58246 2.64379 3.60694 4.99989 3.46308 4.57948 
  2 2.64441 1.73404 1.73404 3.00167 1.00344 1.00344 2.64764 1.73   0 1.73 3.46 1.99822   1 1.99822 3.60161 1.73404 1.73404 3.00167 2.64705 2.64705 3.60694   3 3.46308 
2.64441   2 3.00167 1.72905 1.73404 2.64764 0.994786 1.00344 3.46 1.73   0 1.73 3.60161 1.99822   1 1.99822 3.00167 1.72905 1.73404 3.60694 2.64379 2.64705 3.46308   3 
3.99645 2.64441 4.58246 2.99301 1.72905 4.35877 2.63782 0.994786 5.19 3.46 1.73   0 5.28546 3.60161 1.99822   1 4.58246 2.99301 1.72905 4.99989 3.59974 2.64379 4.57948 3.46308 
3.46308 4.57948 2.64379 3.60694 4.99989 1.72905 3.00167 4.58246   1 1.99822 3.60161 5.28546   0 1.73 3.46 5.19 0.994786 2.64764 4.35877 1.72905 3.00167 4.58246 2.64441 3.99645 
  3 3.46308 2.64705 2.64705 3.60694 1.73404 1.73404 3.00167 1.99822   1 1.99822 3.60161 1.73   0 1.73 3.46 1.00344 1.00344 2.64764 1.73404 1.73404 3.00167   2 2.64441 
3.46308   3 3.60694 2.64379 2.64705 3.00167 1.72905 1.73404 3.60161 1.99822   1 1.99822 3.46 1.73   0 1.73 2.64764 0.994786 1.00344 3.00167 1.72905 1.73404 2.64441   2 
4.57948 3.46308 4.99989 3.59974 2.64379 4.58246 2.99301 1.72905 5.28546 3.60161 1.99822   1 5.19 3.46 1.73   0 4.35877 2.63782 0.994786 4.58246 2.99301 1.72905 3.99645 2.64441 
3.60651 4.36005   3 3.46808 4.58704   2 2.65096 4.00511 1.72905 1.73404 3.00167 4.58246 0.994786 1.00344 2.64764 4.35877   0 1.74 3.47   1 2.00689 3.61122 1.73404 3.00167 
3.60651 3.60411 3.46808   3 3.46308 2.65096   2 2.64441 3.00167 1.73404 1.72905 2.99301 2.64764 1.00344 0.994786 2.63782 1.74   0 1.73 2.00689   1 1.99822 1.73404 1.72905 
4.36005 3.60651 4.58704 3.46308   3 4.00511 2.64441   2 4.58246 3.00167 1.73404 1.72905 4.35877 2.64764 1.00344 0.994786 3.47 1.73   0 3.61122 1.99822   1 3.00167 1.73404 
4.58333 5.19711   4 4.36206 5.29537   3 3.46808 4.58704 2.64379 2.64705 3.60694 4.99989 1.72905 1.73404 3.00167 4.58246   1 2.00689 3.61122   0 1.74 3.47 1.00344 2.64764 
4.58333 4.58144 4.36206   4 4.35808 3.46808   3 3.46308 3.60694 2.64705 2.64379 3.59974 3.00167 1.73404 1.72905 2.99301 2.00689   1 1.99822 1.74   0 1.73 1.00344 0.994786 
5.19711 4.58333 5.29537 4.35808   4 4.58704 3.46308   3 4.99989 3.60694 2.64705 2.64379 4.58246 3.00167 1.73404 1.72905 3.61122 1.99822   1 3.47 1.73   0 2.64764 1.00344 
  5 5.29083 4.58333 4.58333 5.19711 3.60651 3.60651 4.36005 3.46308   3 3.46308 4.57948 2.64441   2 2.64441 3.99645 1.73404 1.73404 3.00167 1.00344 1.00344 2.64764   0 1.73 
5.29083   5 5.19711 4.58144 4.58333 4.36005 3.60411 3.60651 4.57948 3.46308   3 3.46308 3.99645 2.64441   2 2.64441 3.00167 1.72905 1.73404 2.64764 0.994786 1.00344 1.73   0 
d: 
  3   1   2   2   0   1   1   0   0   0   0   0   0   0   0   0   0   0   0   0   0   0   0   0 
  1   3   0   2   2   0   1   1   0   0   0   0   0   0   0   0   0   0   0   0   0   0   0   0 
  2   0   3   1   0   2   0   0   1   1   0   0   0   0   0   0   0   0   0   0   0   0   0   0 
  2   2   1   3   1   0   2   0   0   1   1   0   0   0   0   0   0   0   0   0   0   0   0   0 
  0   2   0   1   3   0   0   2   0   0   1   1   0   0   0   0   0   0   0   0   0   0   0   0 
  1   0   2   0   0   3   1   0   2   2   0   0   1   1   0   0   0   0   0   0   0   0   0   0 
  1   1   0   2   0   1   3   1   0   2   2   0   0   1   1   0   0   0   0   0   0   0   0   0 
  0   1   0   0   2   0   1   3   0   0   2   2   0   0   1   1   0   0   0   0   0   0   0   0 
  0   0   1   0   0   2   0   0   3   1   0   0   2   0   0   0   1   0   0   0   0   0   0   0 
  0   0   1   1   0   2   2   0   1   3   1   0   0   2   0   0   1   1   0   0   0   0   0   0 
  0   0   0   1   1   0   2   2   0   1   3   1   0   0   2   0   0   1   1   0   0   0   0   0 
  0   0   0   0   1   0   0   2   0   0   1   3   0   0   0   2   0   0   1   0   0   0   0   0 
  0   0   0   0   0   1   0   0   2   0   0   0   3   1   0   0   2   0   0   1   0   0   0   0 
  0   0   0   0   0   1   1   0   0   2   0   0   1   3   1   0   2   2   0   1   1   0   0   0 
  0   0   0   0   0   0   1   1   0   0   2   0   0   1   3   1   0   2   2   0   1   1   0   0 
  0   0   0   0   0   0   0   1   0   0   0   2   0   0   1   3   0   0   2   0   0   1   0   0 
  0   0   0   0   0   0   0   0   1   1   0   0   2   2   0   0   3   1   0   2   0   0   1   0 
  0   0   0   0   0   0   0   0   0   1   1   0   0   2   2   0   1   3   1   0   2   0   1   1 
  0   0   0   0   0   0   0   0   0   0   1   1   0   0   2   2   0   1   3   0   0   2   0   1 
  0   0   0   0   0   0   0   0   0   0   0   0   1   1   0   0   2   0   0   3   1   0   2   0 
  0   0   0   0   0   0   0   0   0   0   0   0   0   1   1   0   0   2   0   1   3   1   2   2 
  0   0   0   0   0   0   0   0   0   0   0   0   0   0   1   1   0   0   2   0   1   3   0   2 
  0   0   0   0   0   0   0   0   0   0   0   0   0   0   0   0   1   1   0   2   2   0   3   1 
  0   0   0   0   0   0   0   0   0   0   0   0   0   0   0   0   0   1   1   0   2   2   1   3 

max distance : 8
Number of variables 301
Tried aggregator 1 time.
MIP Presolve eliminated 25 rows and 1 columns.
Reduced MIP has 576 rows, 301 columns, and 1704 nonzeros.
Reduced MIP has 276 binaries, 0 generals, 0 SOSs, and 0 indicators.
Probing fixed 0 vars, tightened 2 bounds.
Probing time =    0.00 sec.
Tried aggregator 1 time.
Presolve time =    0.00 sec.
Found feasible solution after 0.01 sec.  Objective = 72.0000
Probing time =    0.00 sec.
MIP emphasis: balance optimality and feasibility.
MIP search method: dynamic search.
Parallel mode: deterministic, using up to 4 threads.
Root relaxation solution time =    0.00 sec.

        Nodes                                         Cuts/
   Node  Left     Objective  IInf  Best Integer    Best Bound    ItCnt     Gap

*     0+    0                           72.0000                     78     --- 
      0     0        2.0000    78       72.0000        2.0000       78   97.22%
*     0+    0                           18.0000        2.0000       78   88.89%
      0     0        2.0000    78       18.0000     Cuts: 156      314   88.89%
      0     0        2.0000    80       18.0000     Cuts: 244      452   88.89%
*     0+    0                           13.0000        2.0000      452   84.62%
*     0+    0                            9.0000        2.0000      452   77.78%
      0     2        2.0000    80        9.0000        2.0000      452   77.78%
Elapsed real time =   0.06 sec. (tree size =  0.01 MB, solutions = 4)
*   100+  100                            8.0000        2.0000     2459   75.00%
*   212   197      integral     0        7.0000        2.0000     3382   71.43%
*   452   345      integral     0        6.0000        2.0000     6156   66.67%
*  2332  1120      integral     0        5.0000        3.0000    30756   40.00%
   3150   258        4.5000    20        5.0000        4.0000    40453   20.00%

Implied bound cuts applied:  22
Flow cuts applied:  31
Mixed integer rounding cuts applied:  96
Gomory fractional cuts applied:  3

Root node processing (before b&c):
  Real time             =    0.05
Parallel b&c, 4 threads:
  Real time             =    0.59
  Sync time (average)   =    0.00
  Wait time (average)   =    0.00
                          -------
Total (root+branch&cut) =    0.64 sec.
STATUS : Optimal
Solution status = Optimal
 Number of constraints = 601
Solution value  = 5
c(0)=2 c(1)=3 c(2)=4 c(3)=5 c(4)=0 c(5)=0 c(6)=1 c(7)=2 c(8)=5 c(9)=3 c(10)=4 c(11)=5 c(12)=2 c(13)=5 c(14)=0 c(15)=1 c(16)=0 c(17)=2 c(18)=3 c(19)=3 c(20)=4 c(21)=5 c(22)=1 c(23)=0 
