Start with the file ../data/triangular_lattice.dat

Graph (V,E) with |V|= 23 and diameter = 6

Coordinates: 
vertex 1 : 0 0
vertex 2 : 1 0
vertex 3 : 2 0
vertex 4 : 3 0
vertex 5 : 4 0
vertex 6 : 0.5 0.87
vertex 7 : 1.5 0.87
vertex 8 : 2.5 0.87
vertex 9 : 3.5 0.87
vertex 10 : 0 1.73
vertex 11 : 1 1.73
vertex 12 : 2 1.73
vertex 13 : 3 1.73
vertex 14 : 4 1.73
vertex 15 : 0.5 2.6
vertex 16 : 1.5 2.6
vertex 17 : 2.5 2.6
vertex 18 : 3.5 2.6
vertex 19 : 0 3.46
vertex 20 : 1 3.46
vertex 21 : 2 3.46
vertex 22 : 3 3.46
vertex 23 : 4 3.46

Distances: 
  0   1   2   3   4 1.00344 1.73404 2.64705 3.60651 1.73 1.99822 2.64441 3.46308 4.35808 2.64764 3.00167 3.60694 4.36005 3.46 3.60161 3.99645 4.57948 5.28882 
  1   0   1   2   3 1.00344 1.00344 1.73404 2.64705 1.99822 1.73 1.99822 2.64441 3.46308 2.64764 2.64764 3.00167 3.60694 3.60161 3.46 3.60161 3.99645 4.57948 
  2   1   0   1   2 1.73404 1.00344 1.00344 1.73404 2.64441 1.99822 1.73 1.99822 2.64441 3.00167 2.64764 2.64764 3.00167 3.99645 3.60161 3.46 3.60161 3.99645 
  3   2   1   0   1 2.64705 1.73404 1.00344 1.00344 3.46308 2.64441 1.99822 1.73 1.99822 3.60694 3.00167 2.64764 2.64764 4.57948 3.99645 3.60161 3.46 3.60161 
  4   3   2   1   0 3.60651 2.64705 1.73404 1.00344 4.35808 3.46308 2.64441 1.99822 1.73 4.36005 3.60694 3.00167 2.64764 5.28882 4.57948 3.99645 3.60161 3.46 
1.00344 1.00344 1.73404 2.64705 3.60651   0   1   2   3 0.994786 0.994786 1.72905 2.64379 3.60411 1.73 1.99822 2.64441 3.46308 2.63782 2.63782 2.99301 3.59974 4.35409 
1.73404 1.00344 1.00344 1.73404 2.64705   1   0   1   2 1.72905 0.994786 0.994786 1.72905 2.64379 1.99822 1.73 1.99822 2.64441 2.99301 2.63782 2.63782 2.99301 3.59974 
2.64705 1.73404 1.00344 1.00344 1.73404   2   1   0   1 2.64379 1.72905 0.994786 0.994786 1.72905 2.64441 1.99822 1.73 1.99822 3.59974 2.99301 2.63782 2.63782 2.99301 
3.60651 2.64705 1.73404 1.00344 1.00344   3   2   1   0 3.60411 2.64379 1.72905 0.994786 0.994786 3.46308 2.64441 1.99822 1.73 4.35409 3.59974 2.99301 2.63782 2.63782 
1.73 1.99822 2.64441 3.46308 4.35808 0.994786 1.72905 2.64379 3.60411   0   1   2   3   4 1.00344 1.73404 2.64705 3.60651 1.73 1.99822 2.64441 3.46308 4.35808 
1.99822 1.73 1.99822 2.64441 3.46308 0.994786 0.994786 1.72905 2.64379   1   0   1   2   3 1.00344 1.00344 1.73404 2.64705 1.99822 1.73 1.99822 2.64441 3.46308 
2.64441 1.99822 1.73 1.99822 2.64441 1.72905 0.994786 0.994786 1.72905   2   1   0   1   2 1.73404 1.00344 1.00344 1.73404 2.64441 1.99822 1.73 1.99822 2.64441 
3.46308 2.64441 1.99822 1.73 1.99822 2.64379 1.72905 0.994786 0.994786   3   2   1   0   1 2.64705 1.73404 1.00344 1.00344 3.46308 2.64441 1.99822 1.73 1.99822 
4.35808 3.46308 2.64441 1.99822 1.73 3.60411 2.64379 1.72905 0.994786   4   3   2   1   0 3.60651 2.64705 1.73404 1.00344 4.35808 3.46308 2.64441 1.99822 1.73 
2.64764 2.64764 3.00167 3.60694 4.36005 1.73 1.99822 2.64441 3.46308 1.00344 1.00344 1.73404 2.64705 3.60651   0   1   2   3 0.994786 0.994786 1.72905 2.64379 3.60411 
3.00167 2.64764 2.64764 3.00167 3.60694 1.99822 1.73 1.99822 2.64441 1.73404 1.00344 1.00344 1.73404 2.64705   1   0   1   2 1.72905 0.994786 0.994786 1.72905 2.64379 
3.60694 3.00167 2.64764 2.64764 3.00167 2.64441 1.99822 1.73 1.99822 2.64705 1.73404 1.00344 1.00344 1.73404   2   1   0   1 2.64379 1.72905 0.994786 0.994786 1.72905 
4.36005 3.60694 3.00167 2.64764 2.64764 3.46308 2.64441 1.99822 1.73 3.60651 2.64705 1.73404 1.00344 1.00344   3   2   1   0 3.60411 2.64379 1.72905 0.994786 0.994786 
3.46 3.60161 3.99645 4.57948 5.28882 2.63782 2.99301 3.59974 4.35409 1.73 1.99822 2.64441 3.46308 4.35808 0.994786 1.72905 2.64379 3.60411   0   1   2   3   4 
3.60161 3.46 3.60161 3.99645 4.57948 2.63782 2.63782 2.99301 3.59974 1.99822 1.73 1.99822 2.64441 3.46308 0.994786 0.994786 1.72905 2.64379   1   0   1   2   3 
3.99645 3.60161 3.46 3.60161 3.99645 2.99301 2.63782 2.63782 2.99301 2.64441 1.99822 1.73 1.99822 2.64441 1.72905 0.994786 0.994786 1.72905   2   1   0   1   2 
4.57948 3.99645 3.60161 3.46 3.60161 3.59974 2.99301 2.63782 2.63782 3.46308 2.64441 1.99822 1.73 1.99822 2.64379 1.72905 0.994786 0.994786   3   2   1   0   1 
5.28882 4.57948 3.99645 3.60161 3.46 4.35409 3.59974 2.99301 2.63782 4.35808 3.46308 2.64441 1.99822 1.73 3.60411 2.64379 1.72905 0.994786   4   3   2   1   0 
d: 
  4   3   2   1   0   3   2   1   0   2   2   1   0   0   1   1   0   0   0   0   0   0   0 
  3   4   3   2   1   3   3   2   1   2   2   2   1   0   1   1   1   0   0   0   0   0   0 
  2   3   4   3   2   2   3   3   2   1   2   2   2   1   1   1   1   1   0   0   0   0   0 
  1   2   3   4   3   1   2   3   3   0   1   2   2   2   0   1   1   1   0   0   0   0   0 
  0   1   2   3   4   0   1   2   3   0   0   1   2   2   0   0   1   1   0   0   0   0   0 
  3   3   2   1   0   4   3   2   1   3   3   2   1   0   2   2   1   0   1   1   1   0   0 
  2   3   3   2   1   3   4   3   2   2   3   3   2   1   2   2   2   1   1   1   1   1   0 
  1   2   3   3   2   2   3   4   3   1   2   3   3   2   1   2   2   2   0   1   1   1   1 
  0   1   2   3   3   1   2   3   4   0   1   2   3   3   0   1   2   2   0   0   1   1   1 
  2   2   1   0   0   3   2   1   0   4   3   2   1   0   3   2   1   0   2   2   1   0   0 
  2   2   2   1   0   3   3   2   1   3   4   3   2   1   3   3   2   1   2   2   2   1   0 
  1   2   2   2   1   2   3   3   2   2   3   4   3   2   2   3   3   2   1   2   2   2   1 
  0   1   2   2   2   1   2   3   3   1   2   3   4   3   1   2   3   3   0   1   2   2   2 
  0   0   1   2   2   0   1   2   3   0   1   2   3   4   0   1   2   3   0   0   1   2   2 
  1   1   1   0   0   2   2   1   0   3   3   2   1   0   4   3   2   1   3   3   2   1   0 
  1   1   1   1   0   2   2   2   1   2   3   3   2   1   3   4   3   2   2   3   3   2   1 
  0   1   1   1   1   1   2   2   2   1   2   3   3   2   2   3   4   3   1   2   3   3   2 
  0   0   1   1   1   0   1   2   2   0   1   2   3   3   1   2   3   4   0   1   2   3   3 
  0   0   0   0   0   1   1   0   0   2   2   1   0   0   3   2   1   0   4   3   2   1   0 
  0   0   0   0   0   1   1   1   0   2   2   2   1   0   3   3   2   1   3   4   3   2   1 
  0   0   0   0   0   1   1   1   1   1   2   2   2   1   2   3   3   2   2   3   4   3   2 
  0   0   0   0   0   0   1   1   1   0   1   2   2   2   1   2   3   3   1   2   3   4   3 
  0   0   0   0   0   0   0   1   1   0   0   1   2   2   0   1   2   3   0   1   2   3   4 

max distance : 7
Number of variables 277
Tried aggregator 1 time.
MIP Presolve eliminated 24 rows and 1 columns.
Reduced MIP has 529 rows, 277 columns, and 1564 nonzeros.
Reduced MIP has 253 binaries, 0 generals, 0 SOSs, and 0 indicators.
Probing fixed 0 vars, tightened 1 bounds.
Probing time =    0.00 sec.
Tried aggregator 1 time.
Presolve time =    0.00 sec.
Found feasible solution after 0.01 sec.  Objective = 92.0000
Probing time =    0.00 sec.
MIP emphasis: balance optimality and feasibility.
MIP search method: dynamic search.
Parallel mode: deterministic, using up to 4 threads.
Root relaxation solution time =    0.00 sec.

        Nodes                                         Cuts/
   Node  Left     Objective  IInf  Best Integer    Best Bound    ItCnt     Gap

*     0+    0                           92.0000                    191     --- 
      0     0        3.0000   191       92.0000        3.0000      191   96.74%
*     0+    0                           54.0000        3.0000      191   94.44%
      0     0        3.0000   162       54.0000      Cuts: 91      265   94.44%
      0     0        3.0000   158       54.0000     Cuts: 232      438   94.44%
      0     0        3.0000   154       54.0000     Cuts: 232      620   94.44%
      0     0        3.0000   158       54.0000     Cuts: 232      776   94.44%
      0     0        3.0000   145       54.0000     Cuts: 232      947   94.44%
      0     0        3.0000   165       54.0000     Cuts: 232     1110   94.44%
*     0+    0                           27.0000        3.0000     1110   88.89%
      0     2        3.0000   165       27.0000        3.0000     1110   88.89%
Elapsed real time =   0.13 sec. (tree size =  0.01 MB, solutions = 3)
*   393+  384                           25.0000        3.0000     6502   88.00%
*   774   739      integral     0       23.0000        3.0213    11512   86.86%
   1186  1049        4.1245   126       23.0000        4.1245    19403   82.07%
*  1187+  698                           22.0000        4.1245    19450   81.25%
   1187   699        4.3077   119       22.0000        4.1245    19450   81.25%
   1568   767       15.0000    19       22.0000        6.0000    23880   72.73%
*  1604+  626                           21.0000        6.0000    24187   71.43%
*  1604+  530                           20.0000        6.0000    24187   70.00%
   2872  1247        7.0000    58       20.0000        6.0000    42955   70.00%
   4338  2218       11.0016    45       20.0000        7.0000    67035   65.00%
   5798  3227       17.0000    21       20.0000        7.1154    90757   64.42%
   7154  4111       11.0000    24       20.0000        7.5000   110502   62.50%
   8645  5012        8.0295    58       20.0000        8.0000   132381   60.00%
  13518  8029        8.0000    60       20.0000        8.0000   217462   60.00%
Elapsed real time =   3.09 sec. (tree size =  3.03 MB, solutions = 8)
  18040 10867       15.0000    22       20.0000        8.0000   298149   60.00%
  22081 13428       12.0000    27       20.0000        8.0000   371466   60.00%
  24304 14796       14.0000    29       20.0000        8.0000   416218   60.00%
  28871 17639       10.0000    47       20.0000        8.0093   499516   59.95%
  33391 20385       18.0000    19       20.0000        8.1957   578780   59.02%
* 37278 22733      integral     0       20.0000        8.5000   646341   57.50%
  38008 23167        8.5000    47       20.0000        8.5000   657583   57.50%
  42779 25961        8.5000    57       20.0000        8.5000   736424   57.50%
  47444 28717        9.5870    46       20.0000        8.6429   813233   56.79%
  52039 31355        cutoff             20.0000        9.0000   884245   55.00%
Elapsed real time =   9.94 sec. (tree size = 13.86 MB, solutions = 9)
* 52779 31733      integral     0       19.0000        9.0000   895237   52.63%
  57414 31489       18.0000     7       19.0000        9.0000   965046   52.63%
  61879 33885       10.0000    39       19.0000        9.0000  1036390   52.63%
  66381 36244       12.0000    25       19.0000        9.0000  1108286   52.63%
  69246 37789       14.0000    29       19.0000        9.0000  1156795   52.63%
  73935 40187        9.7500    67       19.0000        9.0000  1232804   52.63%
  78454 42616       15.0800    26       19.0000        9.0000  1309155   52.63%
  82834 44970       13.0000    26       19.0000        9.0000  1382937   52.63%
  87261 47305       16.0000    19       19.0000        9.0800  1453433   52.21%
  91746 49543        9.1600    52       19.0000        9.1600  1524012   51.79%
Elapsed real time =  16.45 sec. (tree size = 22.69 MB, solutions = 10)
  96271 51765       14.5000    34       19.0000        9.5000  1592060   50.00%
 100894 54025       16.0000    16       19.0000        9.5000  1662653   50.00%
 105596 56330       16.0000    18       19.0000        9.5000  1733260   50.00%
 110330 58708       17.0000    15       19.0000        9.5000  1802316   50.00%
 114919 61013       16.0000    20       19.0000        9.5000  1870883   50.00%
 119635 63401       13.5000    34       19.0000        9.6000  1942120   49.47%
 124488 65767       14.0000    26       19.0000       10.0000  2010175   47.37%
 129443 68258       11.0000    38       19.0000       10.0000  2078821   47.37%
 134207 70589       11.5000    36       19.0000       10.0000  2147066   47.37%
 139041 72956       17.0000    14       19.0000       10.0000  2211987   47.37%
Elapsed real time =  23.01 sec. (tree size = 35.02 MB, solutions = 10)
 143906 75231       16.0000    17       19.0000       10.0000  2279866   47.37%
 148624 77435       11.0000    31       19.0000       10.0000  2346623   47.37%
 153478 79785       12.5000    31       19.0000       10.0000  2414324   47.37%
 158424 82097       17.0800    20       19.0000       10.0000  2482266   47.37%
 163252 84411       10.0000    33       19.0000       10.0000  2549312   47.37%
 168061 86715       10.0000    38       19.0000       10.0000  2615990   47.37%
 173065 89116       13.0000    27       19.0000       10.0000  2683442   47.37%
 178016 91551       12.0000    33       19.0000       10.0000  2751990   47.37%
 182792 93880       16.0000    14       19.0000       10.0000  2819287   47.37%
 187799 96371       13.0000    25       19.0000       10.0000  2889358   47.37%
Elapsed real time =  29.51 sec. (tree size = 45.59 MB, solutions = 10)
 192571 98684       18.0000    13       19.0000       10.0000  2957980   47.37%
 197400 101066       11.5000    35       19.0000       10.0000  3028286   47.37%
 202224 103476       10.5000    39       19.0000       10.0000  3096924   47.37%
 206875 105801       12.5000    37       19.0000       10.0000  3164482   47.37%
 211678 108208       13.5000    37       19.0000       10.0000  3234253   47.37%
 216216 110519       12.0000    28       19.0000       10.0000  3302929   47.37%
 220938 112886       10.0000    45       19.0000       10.0000  3370206   47.37%
 225611 115296       17.0000    28       19.0000       10.0000  3437350   47.37%
 230346 117660       12.0000    30       19.0000       10.0000  3507230   47.37%
 235134 120012       12.0000    38       19.0000       10.0000  3577180   47.37%
Elapsed real time =  36.10 sec. (tree size = 56.18 MB, solutions = 10)
 240034 122347       18.0000    20       19.0000       10.0800  3641508   46.95%
 244779 124580       14.0000    28       19.0000       10.1440  3708670   46.61%
 249952 126943       17.0000    14       19.0000       10.2000  3773689   46.32%
 255078 129180       16.0000    16       19.0000       10.3462  3836073   45.55%
 260075 131462       12.0000    26       19.0000       10.5000  3899787   44.74%
 265043 133749       12.0000    30       19.0000       10.5000  3962818   44.74%
 270051 135968       17.0000    22       19.0000       10.5000  4026115   44.74%
 275117 138205       14.5000    32       19.0000       10.5000  4089340   44.74%
 280219 140529       17.0000    23       19.0000       10.5000  4153032   44.74%
 285323 142803       16.0000    20       19.0000       10.5000  4217561   44.74%
Elapsed real time =  42.54 sec. (tree size = 68.24 MB, solutions = 10)
 290372 145064       16.0000    16       19.0000       10.5000  4280357   44.74%
 295286 147287       16.0000    25       19.0000       10.5000  4344729   44.74%
 300304 149481       12.0000    32       19.0000       10.5000  4409364   44.74%
 305141 151658       13.0000    27       19.0000       10.5000  4476255   44.74%
 310144 153890       11.6154    33       19.0000       10.6154  4539646   44.13%
 315180 156016       16.0000    18       19.0000       10.8462  4603637   42.91%
 320165 158349       16.0000    18       19.0000       11.0000  4666493   42.11%
 325513 160603       13.0000    25       19.0000       11.0000  4730399   42.11%
 330722 162942       16.0000    18       19.0000       11.0000  4791602   42.11%
 336082 165287        cutoff             19.0000       11.0000  4853665   42.11%
Elapsed real time =  48.97 sec. (tree size = 79.61 MB, solutions = 10)
 341204 167535       16.0000    18       19.0000       11.0000  4918078   42.11%
 346468 169835       13.0000    28       19.0000       11.0000  4979386   42.11%
 351662 172192       18.0000    12       19.0000       11.0000  5042292   42.11%
 356844 174392       13.0000    29       19.0000       11.0000  5107006   42.11%
 361909 176559       16.5000    23       19.0000       11.0000  5170004   42.11%
 367210 178857       17.0000    14       19.0000       11.0000  5230300   42.11%
 372614 181174       17.1600    17       19.0000       11.0000  5292480   42.11%
 377920 183378       15.0000    23       19.0000       11.0000  5354894   42.11%
 383239 185662       11.0000    45       19.0000       11.0000  5416547   42.11%
 388452 187854       16.0000    18       19.0000       11.0000  5478150   42.11%
Elapsed real time =  55.35 sec. (tree size = 90.00 MB, solutions = 10)
 393700 190088       11.0000    32       19.0000       11.0000  5539746   42.11%
 399029 192387       13.0000    25       19.0000       11.0000  5601971   42.11%
 404312 194578       18.0000     8       19.0000       11.0000  5663138   42.11%
 409658 196914       11.5000    34       19.0000       11.0000  5724429   42.11%
 414982 199179       16.0000    26       19.0000       11.0000  5786763   42.11%
*418147 200506      integral     0       19.0000       11.0000  5823794   42.11%
 418946 200832       13.0000    30       19.0000       11.0000  5833270   42.11%
 421231 201853       11.0000    32       19.0000       11.0000  5860066   42.11%
 425171 203549        cutoff             19.0000       11.0000  5908259   42.11%
 446199 212657       14.0000    26       19.0000       11.0000  6159037   42.11%
Elapsed real time =  63.98 sec. (tree size = 102.73 MB, solutions = 11)
 467205 221836       18.0000    15       19.0000       11.0000  6407991   42.11%
 488035 230936       13.5000    21       19.0000       11.0000  6661359   42.11%
 508666 240007       12.0000    33       19.0000       11.0000  6915051   42.11%
 529325 249096       17.5000    15       19.0000       11.0000  7170626   42.11%
*535149 251595      integral     0       18.0000       11.0000  7242254   38.89%
 549680 227753       12.0000    53       18.0000       11.0000  7433016   38.89%
 570103 235086       11.0000    57       18.0000       11.0000  7699909   38.89%
 589939 242229       16.0000    19       18.0000       11.0000  7972110   38.89%
 609703 249713       15.0000    27       18.0000       11.0000  8249016   38.89%
 630274 256985       16.0000    19       18.0000       11.0533  8513429   38.59%
Elapsed real time =  88.29 sec. (tree size = 124.98 MB, solutions = 12)
 651670 264082       14.1600    23       18.0000       11.1600  8761448   38.00%
 673634 270647       14.0000    33       18.0000       11.5000  8998756   36.11%
 695373 277367       17.0000    15       18.0000       11.5000  9237485   36.11%
 717249 284155       16.0000    20       18.0000       11.5000  9471451   36.11%
 738475 290966       14.0000    23       18.0000       11.5000  9711468   36.11%
 759974 297323       17.0000     9       18.0000       11.7500  9951505   34.72%
 782329 303709       12.0000    30       18.0000       12.0000 10186690   33.33%
 804503 310082       14.0000    23       18.0000       12.0000 10424059   33.33%
 826640 316481       15.5000    31       18.0000       12.0000 10658814   33.33%
 848594 322695        cutoff             18.0000       12.0000 10896936   33.33%
Elapsed real time = 115.60 sec. (tree size = 155.92 MB, solutions = 12)
Nodefile size = 27.99 MB (13.60 MB after compression)
 871077 328805       16.0000    19       18.0000       12.0000 11130192   33.33%
 893751 334782       12.0000    28       18.0000       12.0000 11365063   33.33%
 916093 340923       15.5000    32       18.0000       12.0000 11600491   33.33%
 938706 347128       15.0000    16       18.0000       12.0000 11836378   33.33%
 961442 353180       12.0000    28       18.0000       12.0000 12072761   33.33%
 983941 359386       15.0000    19       18.0000       12.0000 12307404   33.33%
 1006435 365601       14.0000    20       18.0000       12.0000 12545206   33.33%
 1028639 371737    infeasible             18.0000       12.0000 12782633   33.33%
 1051091 377908       12.0000    33       18.0000       12.0000 13023066   33.33%
 1073168 384106       16.0000    16       18.0000       12.0000 13262659   33.33%
Elapsed real time = 142.95 sec. (tree size = 184.89 MB, solutions = 12)
Nodefile size = 56.98 MB (27.40 MB after compression)
 1095466 390395       14.0000    30       18.0000       12.0000 13501950   33.33%
 1117424 396592       17.0000    12       18.0000       12.0000 13740421   33.33%
 1139500 402836       14.0000    29       18.0000       12.0000 13981551   33.33%
 1161254 409143       14.0000    21       18.0000       12.0000 14226170   33.33%
 1182803 415169       14.0000    23       18.0000       12.0000 14466283   33.33%
 1204015 421322       17.0000    15       18.0000       12.0000 14714496   33.33%
 1225198 427607       16.0000    24       18.0000       12.0000 14961861   33.33%
 1246448 433637       12.5000    45       18.0000       12.0000 15207505   33.33%
 1267154 439946       14.0000    23       18.0000       12.0000 15459235   33.33%
 1289020 446190    infeasible             18.0000       12.0000 15706750   33.33%
Elapsed real time = 170.55 sec. (tree size = 214.18 MB, solutions = 12)
Nodefile size = 86.97 MB (41.51 MB after compression)
 1312140 452026       15.0800    18       18.0000       12.0800 15941279   32.89%
 1335589 457395       15.1600    30       18.0000       12.1600 16168413   32.44%
 1359501 462173       15.0000    28       18.0000       12.3077 16393728   31.62%
 1383422 467333       17.5000    17       18.0000       12.5000 16620143   30.56%
 1407540 472522       12.5000    31       18.0000       12.5000 16844220   30.56%
 1431263 477778       16.5000    16       18.0000       12.5000 17066198   30.56%
 1454732 483157       14.0000    22       18.0000       12.5000 17285268   30.56%
 1478230 488573       13.0000    24       18.0000       12.5000 17513329   30.56%
 1501172 493740       12.5800    26       18.0000       12.5800 17747768   30.11%
 1525372 498684       17.0435    20       18.0000       13.0000 17973548   27.78%
Elapsed real time = 197.73 sec. (tree size = 238.84 MB, solutions = 12)
Nodefile size = 110.97 MB (52.64 MB after compression)
 1549356 503675       17.0000     9       18.0000       13.0000 18194584   27.78%
 1573007 508633       15.0000    24       18.0000       13.0000 18426400   27.78%
 1596541 513500       17.0417    13       18.0000       13.0000 18655988   27.78%
 1619581 518160       13.0000    24       18.0000       13.0000 18881753   27.78%
 1642976 523124       14.0000    25       18.0000       13.0000 19112370   27.78%
 1666533 528268       13.0000    26       18.0000       13.0000 19342774   27.78%
 1689719 533284       17.0000    15       18.0000       13.0000 19573931   27.78%
 1713490 538068       15.0000    27       18.0000       13.0000 19801321   27.78%
 1737448 542470       13.0000    42       18.0000       13.0000 20028409   27.78%
 1761495 546944       17.0417    14       18.0000       13.0000 20249055   27.78%
Elapsed real time = 224.70 sec. (tree size = 261.64 MB, solutions = 12)
Nodefile size = 133.96 MB (62.99 MB after compression)
 1785327 551416       13.0000    22       18.0000       13.0000 20465553   27.78%
 1809388 556046       14.5000    27       18.0000       13.0000 20686168   27.78%
 1833181 560576       15.0000    23       18.0000       13.0000 20904740   27.78%
 1856989 565061       15.0000    21       18.0000       13.0000 21128767   27.78%
 1880360 569875       13.0000    28       18.0000       13.0000 21350097   27.78%
 1904020 574359       13.0000    25       18.0000       13.0000 21570692   27.78%
 1927970 579024       17.0417     9       18.0000       13.0000 21791058   27.78%
 1951208 583656       13.0000    23       18.0000       13.0000 22012548   27.78%
 1974735 588399       13.0000    23       18.0000       13.0000 22233263   27.78%
 1998258 593010       15.0000    21       18.0000       13.0000 22456691   27.78%
Elapsed real time = 251.60 sec. (tree size = 283.60 MB, solutions = 12)
Nodefile size = 155.96 MB (72.74 MB after compression)
 2021765 597684       13.0000    28       18.0000       13.0000 22679437   27.78%
 2045071 602277       15.0000    19       18.0000       13.0000 22903161   27.78%
 2068292 606942       13.1600    28       18.0000       13.0000 23128055   27.78%
 2091516 611448       16.5000    20       18.0000       13.0000 23351811   27.78%
 2114983 616201        cutoff             18.0000       13.0000 23577720   27.78%
 2138350 620746       13.5000    24       18.0000       13.0000 23807695   27.78%
 2161353 625447       14.0000    33       18.0000       13.0000 24033503   27.78%
 2184809 630154       13.3462    29       18.0000       13.0000 24256912   27.78%
 2208530 635023       15.0000    19       18.0000       13.0000 24485908   27.78%
 2231800 639833       16.0000    22       18.0000       13.0000 24717316   27.78%
Elapsed real time = 278.45 sec. (tree size = 305.91 MB, solutions = 12)
Nodefile size = 177.95 MB (82.43 MB after compression)
 2254924 644763       17.0000    22       18.0000       13.0000 24942224   27.78%
 2277919 649278       13.0000    21       18.0000       13.0000 25169670   27.78%
 2301583 653861       15.0000    23       18.0000       13.0000 25400791   27.78%
 2325023 658605       16.0000    26       18.0000       13.0000 25630063   27.78%
 2347396 663246       15.5000    30       18.0000       13.0000 25857471   27.78%
 2370351 668005       14.0000    33       18.0000       13.0000 26087781   27.78%
 2393449 672707       13.5000    29       18.0000       13.0000 26320191   27.78%
 2416105 677500       14.0000    23       18.0000       13.0000 26556522   27.78%
 2438949 682143    infeasible             18.0000       13.0000 26787558   27.78%
 2461387 686931       15.0000    27       18.0000       13.0000 27023028   27.78%
Elapsed real time = 305.45 sec. (tree size = 328.35 MB, solutions = 12)
Nodefile size = 200.95 MB (92.33 MB after compression)
 2484280 691636       15.0000    23       18.0000       13.0000 27254309   27.78%
 2506896 696551       17.0000    13       18.0000       13.0000 27489015   27.78%
 2529171 701482       15.0000    18       18.0000       13.0000 27722597   27.78%
 2551340 706196       17.0000    27       18.0000       13.0000 27957640   27.78%
 2573547 710884       17.0000    24       18.0000       13.0000 28195089   27.78%
 2595871 715666       16.0000    24       18.0000       13.0000 28432272   27.78%
 2618261 720560       14.5000    23       18.0000       13.0000 28664341   27.78%
 2640560 725295       17.0000    16       18.0000       13.0000 28903886   27.78%
 2663187 729888       17.5000    16       18.0000       13.0000 29138474   27.78%
 2686864 734285       14.0385    27       18.0000       13.0308 29364397   27.61%
Elapsed real time = 332.70 sec. (tree size = 350.88 MB, solutions = 12)
Nodefile size = 222.94 MB (101.73 MB after compression)
 2710695 738418       16.0682    26       18.0000       13.0769 29576855   27.35%
 2734752 742919       14.0870    22       18.0000       13.0870 29794243   27.29%
 2759441 746358       17.0000    19       18.0000       13.1600 30006811   26.89%
 2783685 749530       13.1600    31       18.0000       13.1600 30218017   26.89%
 2809265 752618       13.3077    24       18.0000       13.2857 30429098   26.19%
 2835305 754963       16.0000    24       18.0000       13.5000 30636482   25.00%
 2860444 758684       13.5000    24       18.0000       13.5000 30845295   25.00%
 2885525 761992       17.0000     9       18.0000       13.5000 31053982   25.00%
 2910754 765200       14.5000    28       18.0000       13.5000 31265091   25.00%
 2935652 768560       16.0000    19       18.0000       13.5000 31476343   25.00%
Elapsed real time = 359.84 sec. (tree size = 367.44 MB, solutions = 12)
Nodefile size = 239.94 MB (109.37 MB after compression)
 2960613 771968       13.5000    30       18.0000       13.5000 31686683   25.00%
 2985666 775527       13.5000    26       18.0000       13.5000 31902213   25.00%
 3010238 778779       16.0000    20       18.0000       13.5000 32116539   25.00%
 3035138 782211    infeasible             18.0000       13.5000 32336870   25.00%
 3059794 785181       16.5000    19       18.0000       13.5800 32553060   24.56%
 3085928 787586       16.0000    17       18.0000       14.0000 32766511   22.22%
 3110902 791148       16.0000    16       18.0000       14.0000 32986973   22.22%
 3136620 793903       14.0000    22       18.0000       14.0000 33200750   22.22%
 3161069 796773       16.0000    14       18.0000       14.0000 33420779   22.22%
 3185982 799670       16.5000    16       18.0000       14.0000 33643544   22.22%
Elapsed real time = 386.87 sec. (tree size = 382.55 MB, solutions = 12)
Nodefile size = 254.94 MB (116.10 MB after compression)
 3210602 802574       14.0000    33       18.0000       14.0000 33865850   22.22%
 3235016 805350       17.0000    13       18.0000       14.0000 34088677   22.22%
 3259604 808252       15.0000    18       18.0000       14.0000 34314130   22.22%
 3283933 811227       17.0000    15       18.0000       14.0000 34538848   22.22%
 3308617 814180       14.0000    23       18.0000       14.0000 34764825   22.22%
 3332918 817281       14.0000    38       18.0000       14.0000 34987370   22.22%
 3357584 820369       15.0000    20       18.0000       14.0000 35212244   22.22%
 3381824 823524       15.0000    14       18.0000       14.0000 35432660   22.22%
 3406385 826475       17.0000    13       18.0000       14.0000 35658645   22.22%
 3430845 829596       16.0000    17       18.0000       14.0000 35883598   22.22%
Elapsed real time = 413.74 sec. (tree size = 397.04 MB, solutions = 12)
Nodefile size = 268.93 MB (122.23 MB after compression)
 3455536 832166       14.5000    34       18.0000       14.0000 36105378   22.22%
 3480786 834578       15.0000    22       18.0000       14.0000 36326790   22.22%
 3505937 837205       17.0417    18       18.0000       14.0000 36547644   22.22%
 3530959 839903       15.0000    22       18.0000       14.0000 36763550   22.22%
 3556234 842750       16.0000    19       18.0000       14.0000 36986954   22.22%
 3581596 845251       14.0000    24       18.0000       14.0000 37205925   22.22%
 3607093 847810    infeasible             18.0000       14.0000 37423303   22.22%
 3632427 850475       14.0000    27       18.0000       14.0000 37637344   22.22%
 3657711 853504       16.0000    20       18.0000       14.0000 37855033   22.22%
 3683272 856287       16.0000    17       18.0000       14.0000 38073498   22.22%
Elapsed real time = 440.56 sec. (tree size = 410.01 MB, solutions = 12)
Nodefile size = 281.93 MB (127.95 MB after compression)
 3708377 859313       17.0000    14       18.0000       14.0000 38288888   22.22%
 3733721 862142       16.0000    21       18.0000       14.0000 38506088   22.22%
 3758781 864966       16.0000    21       18.0000       14.0000 38726011   22.22%
 3784210 867591       16.3333    15       18.0000       14.0000 38944280   22.22%
 3809336 870488       15.0000    18       18.0000       14.0000 39163910   22.22%
 3834456 873298       15.3462    24       18.0000       14.0000 39381353   22.22%
 3859629 876155       16.0000    21       18.0000       14.0000 39601079   22.22%
 3885102 878881       17.0000    13       18.0000       14.0000 39820753   22.22%
 3910200 881573       15.0000    13       18.0000       14.0000 40034727   22.22%
 3935580 884233       16.0000    29       18.0000       14.0000 40253493   22.22%
Elapsed real time = 467.42 sec. (tree size = 423.60 MB, solutions = 12)
Nodefile size = 295.93 MB (134.14 MB after compression)
 3960782 886973       14.0000    26       18.0000       14.0000 40473747   22.22%
 3985500 889652       17.0000    16       18.0000       14.0000 40694885   22.22%
 4010876 892541       14.0000    23       18.0000       14.0000 40912864   22.22%
 4035866 895345       14.0000    20       18.0000       14.0000 41132714   22.22%
 4060786 898116       15.0000    15       18.0000       14.0000 41351357   22.22%
 4085858 900802       14.0000    26       18.0000       14.0000 41574449   22.22%
 4110842 903589       14.5000    21       18.0000       14.0000 41795523   22.22%
 4135498 906505       14.6667    28       18.0000       14.0000 42016219   22.22%
 4160376 909286       17.0000    19       18.0000       14.0000 42236978   22.22%
 4185419 912062       14.0000    24       18.0000       14.0000 42456784   22.22%
Elapsed real time = 494.23 sec. (tree size = 437.09 MB, solutions = 12)
Nodefile size = 309.92 MB (140.34 MB after compression)
 4210587 914892       16.0000    22       18.0000       14.0000 42679606   22.22%
 4235597 917642       17.0000    19       18.0000       14.0000 42901092   22.22%
 4260618 920550       17.0000    12       18.0000       14.0000 43121741   22.22%
 4285357 923389       16.0000    17       18.0000       14.0000 43346365   22.22%
 4310236 926235       15.0000    15       18.0000       14.0000 43569535   22.22%
 4335097 929067       16.5000    21       18.0000       14.0000 43789090   22.22%
 4360064 932018       16.0000    25       18.0000       14.0000 44010705   22.22%
 4384418 934902       15.0000    18       18.0000       14.0000 44232852   22.22%
 4409358 937858       15.0000    20       18.0000       14.0000 44451348   22.22%
 4434237 940748       15.0000    19       18.0000       14.0000 44676171   22.22%
Elapsed real time = 521.00 sec. (tree size = 450.98 MB, solutions = 12)
Nodefile size = 322.92 MB (146.06 MB after compression)
 4458979 943694       17.0000    14       18.0000       14.0000 44895544   22.22%
 4483865 946710       15.0000    24       18.0000       14.0000 45119938   22.22%
 4508452 949648       17.0000    18       18.0000       14.0000 45341202   22.22%
 4532936 952694       15.0000    20       18.0000       14.0000 45564231   22.22%
 4557875 955526       17.0000    25       18.0000       14.0000 45784255   22.22%
 4582767 958326    infeasible             18.0000       14.0000 46006099   22.22%
 4607420 961240       16.0000    26       18.0000       14.0000 46233920   22.22%
 4631657 964256       17.0000    14       18.0000       14.0000 46456086   22.22%
 4656307 966962       15.5000    22       18.0000       14.0000 46682435   22.22%
 4680794 969831    infeasible             18.0000       14.0000 46905837   22.22%
Elapsed real time = 547.68 sec. (tree size = 465.07 MB, solutions = 12)
Nodefile size = 337.92 MB (152.60 MB after compression)
 4705352 972742       17.5000    12       18.0000       14.0000 47129755   22.22%
 4730267 975599       16.0000    20       18.0000       14.0000 47355937   22.22%
 4754624 978544       14.0000    28       18.0000       14.0000 47579374   22.22%
 4779092 981474       16.0000    17       18.0000       14.0000 47808784   22.22%
 4803255 984490       17.0000    18       18.0000       14.0000 48032622   22.22%
 4827641 987475       17.0000    14       18.0000       14.0000 48261554   22.22%
 4852245 990399       15.5000    27       18.0000       14.0000 48488058   22.22%
 4876231 993399       15.0000    20       18.0000       14.0000 48714174   22.22%
 4900642 996284       16.5000    19       18.0000       14.0000 48940033   22.22%
 4924725 999033       14.0000    23       18.0000       14.0000 49166461   22.22%
Elapsed real time = 574.49 sec. (tree size = 479.18 MB, solutions = 12)
Nodefile size = 351.91 MB (158.68 MB after compression)
 4948779 1002010       16.5000    27       18.0000       14.0000 49397439   22.22%
 4972368 1005276       15.5000    23       18.0000       14.0000 49624035   22.22%
 4996638 1008378       16.5000    17       18.0000       14.0000 49850647   22.22%
 5020581 1011369       14.0000    22       18.0000       14.0000 50077198   22.22%
 5044686 1014315       17.0000    14       18.0000       14.0000 50310859   22.22%
 5068886 1017419       17.0000    20       18.0000       14.0000 50534682   22.22%
 5093049 1020521       16.5000    23       18.0000       14.0000 50765773   22.22%
 5116837 1023654       14.0000    23       18.0000       14.0000 50993992   22.22%
 5141041 1026591       17.0000    18       18.0000       14.0000 51225602   22.22%
 5165522 1029682       15.0000    24       18.0000       14.0000 51452154   22.22%
Elapsed real time = 601.59 sec. (tree size = 493.98 MB, solutions = 12)
Nodefile size = 365.91 MB (164.82 MB after compression)
 5189912 1032526       17.0000    15       18.0000       14.0000 51674791   22.22%
 5215172 1035335       14.0000    25       18.0000       14.0000 51896826   22.22%
 5241404 1036989       14.0417    17       18.0000       14.0417 52108799   21.99%
 5267223 1039534       15.0000    21       18.0000       14.0800 52322936   21.78%
 5292921 1041676       15.0800    19       18.0000       14.0800 52527344   21.78%
 5319617 1043135       14.1200    22       18.0000       14.1200 52734314   21.56%
 5346932 1043994       15.1600    19       18.0000       14.1600 52940782   21.33%
 5373575 1044349       14.2000    24       18.0000       14.2000 53140885   21.11%
 5402328 1043940       15.6667    26       18.0000       14.3333 53338048   20.37%
 5431312 1043429       14.5000    29       18.0000       14.5000 53535093   19.44%
Elapsed real time = 631.60 sec. (tree size = 500.78 MB, solutions = 12)
Nodefile size = 373.91 MB (168.45 MB after compression)
 5458808 1044447       15.5000    25       18.0000       14.5000 53739250   19.44%
 5485904 1045324       17.5000    10       18.0000       14.5000 53947252   19.44%
 5512985 1046295       14.5000    28       18.0000       14.5000 54149486   19.44%
 5540825 1047060       16.5800    24       18.0000       14.5000 54349423   19.44%
 5568373 1048004       15.5000    21       18.0000       14.5000 54550847   19.44%
 5595773 1048916       14.5000    27       18.0000       14.5000 54754329   19.44%
 5622710 1050102       16.0000    17       18.0000       14.5000 54959831   19.44%
 5649404 1051157       14.5000    23       18.0000       14.5000 55171133   19.44%
 5675618 1052117       14.5000    24       18.0000       14.5000 55383420   19.44%
 5703049 1052465       15.8297    17       18.0000       14.6154 55592350   18.80%
Elapsed real time = 661.68 sec. (tree size = 505.30 MB, solutions = 12)
Nodefile size = 377.91 MB (170.36 MB after compression)
 5731814 1052188       17.0000    20       18.0000       15.0000 55801334   16.67%
 5758573 1053744       16.0000    18       18.0000       15.0000 56021413   16.67%
 5784702 1055828       16.0000    14       18.0000       15.0000 56245673   16.67%
 5811827 1056999       16.0000    27       18.0000       15.0000 56461562   16.67%
 5839526 1056966       16.0000    17       18.0000       15.0000 56670751   16.67%
 5866353 1057444       17.0000    13       18.0000       15.0000 56885349   16.67%
 5892977 1057878       15.0000    21       18.0000       15.0000 57100765   16.67%
 5919647 1058581       17.0000    14       18.0000       15.0000 57317941   16.67%
 5946086 1059073       15.0000    22       18.0000       15.0000 57538296   16.67%
 5972616 1059497       15.5000    35       18.0000       15.0000 57756512   16.67%
Elapsed real time = 691.62 sec. (tree size = 508.88 MB, solutions = 12)
Nodefile size = 380.91 MB (171.81 MB after compression)
 5998688 1060180       16.0000    15       18.0000       15.0000 57975392   16.67%
 6024935 1060844       16.0000    24       18.0000       15.0000 58193224   16.67%
 6051189 1061276    infeasible             18.0000       15.0000 58415479   16.67%
 6076878 1061795       15.0000    16       18.0000       15.0000 58635350   16.67%
 6103035 1062422       16.5000    16       18.0000       15.0000 58856441   16.67%
 6129118 1062707       16.0000    16       18.0000       15.0000 59078796   16.67%
 6154640 1063506       15.0000    22       18.0000       15.0000 59303680   16.67%
 6180258 1064208       15.0000    23       18.0000       15.0000 59526193   16.67%
 6205967 1064864       16.0000    19       18.0000       15.0000 59750664   16.67%
 6231881 1065370       15.0000    26       18.0000       15.0000 59976237   16.67%
Elapsed real time = 721.46 sec. (tree size = 511.88 MB, solutions = 12)
Nodefile size = 383.90 MB (173.20 MB after compression)
 6257749 1065916       17.0000    19       18.0000       15.0000 60194369   16.67%
 6283706 1066231       15.0000    15       18.0000       15.0000 60417934   16.67%
 6309935 1066479       15.0000    23       18.0000       15.0000 60642480   16.67%
 6336642 1066631       17.0000    18       18.0000       15.0000 60861338   16.67%
 6363282 1066520       17.0000    18       18.0000       15.0000 61080454   16.67%
 6389885 1066909       15.0000    22       18.0000       15.0000 61296812   16.67%
 6416569 1066913       16.5000    19       18.0000       15.0000 61516722   16.67%
 6443453 1067007       16.5000    15       18.0000       15.0000 61733015   16.67%
 6469515 1066968    infeasible             18.0000       15.0000 61943784   16.67%
 6494641 1066853       16.0000    19       18.0000       15.0000 62145016   16.67%
Elapsed real time = 751.83 sec. (tree size = 512.82 MB, solutions = 12)
Nodefile size = 384.90 MB (174.03 MB after compression)
 6519224 1066879       15.0000    16       18.0000       15.0000 62343808   16.67%
 6542867 1067281       15.0000    16       18.0000       15.0000 62534708   16.67%
 6569935 1067188       15.0000    22       18.0000       15.0000 62747127   16.67%
 6593279 1067418       15.0000    14       18.0000       15.0000 62935439   16.67%
 6614600 1067707       16.0000    19       18.0000       15.0000 63105789   16.67%
 6640836 1067952       15.5000    25       18.0000       15.0000 63312896   16.67%
 6667937 1067787       17.0000    17       18.0000       15.0000 63528358   16.67%
 6691184 1067973       15.0000    13       18.0000       15.0000 63716028   16.67%
 6712583 1068209    infeasible             18.0000       15.0000 63886283   16.67%
 6738833 1068507       16.0000    18       18.0000       15.0000 64098596   16.67%
Elapsed real time = 784.79 sec. (tree size = 513.81 MB, solutions = 12)
Nodefile size = 385.89 MB (176.91 MB after compression)
 6765704 1068512       17.0000    14       18.0000       15.0000 64314417   16.67%
 6792581 1068412       15.0000    22       18.0000       15.0000 64533611   16.67%
 6817401 1068335       15.0308    24       18.0000       15.0000 64730951   16.67%
 6840965 1068738    infeasible             18.0000       15.0000 64922364   16.67%
 6867834 1068926       15.0000    18       18.0000       15.0000 65138474   16.67%
 6894845 1069041       17.0000    17       18.0000       15.0000 65352277   16.67%
 6921928 1069126       16.0000    13       18.0000       15.0000 65567322   16.67%
 6948775 1069225       15.0000    19       18.0000       15.0000 65782967   16.67%
 6974442 1069498       17.0000    13       18.0000       15.0000 65994109   16.67%
 6999264 1069919       16.0000    17       18.0000       15.0000 66194314   16.67%
Elapsed real time = 815.64 sec. (tree size = 514.68 MB, solutions = 12)
Nodefile size = 386.89 MB (177.76 MB after compression)
 7025669 1070475    infeasible             18.0000       15.0000 66413546   16.67%
 7052487 1070495       17.0000    15       18.0000       15.0000 66633106   16.67%
 7078996 1070932       16.0000    20       18.0000       15.0000 66848014   16.67%
 7105671 1071043       17.0000    13       18.0000       15.0000 67064431   16.67%
 7132754 1071170       17.0000    20       18.0000       15.0000 67280918   16.67%
 7159556 1071590       17.0000    14       18.0000       15.0000 67496308   16.67%
 7184263 1071977       15.0526    19       18.0000       15.0000 67698412   16.67%
 7209472 1072605       17.0000    11       18.0000       15.0000 67901028   16.67%
 7235796 1073224       16.0000    15       18.0000       15.0000 68120991   16.67%
 7262342 1073590       17.0000    13       18.0000       15.0000 68340521   16.67%
Elapsed real time = 845.95 sec. (tree size = 516.61 MB, solutions = 12)
Nodefile size = 388.89 MB (178.78 MB after compression)
 7289044 1073792       15.0000    19       18.0000       15.0000 68558322   16.67%
 7315368 1074209       15.0000    18       18.0000       15.0000 68774958   16.67%
 7341788 1074600    infeasible             18.0000       15.0000 68993375   16.67%
 7368344 1074933       17.0000    11       18.0000       15.0000 69211156   16.67%
 7393401 1075615       16.0000    20       18.0000       15.0000 69414631   16.67%
 7418993 1076112       15.0000    18       18.0000       15.0000 69619739   16.67%
 7444667 1076770       16.0000    17       18.0000       15.0000 69835314   16.67%
 7470805 1077195       16.0000    18       18.0000       15.0000 70059783   16.67%
 7497151 1077548       16.0000    18       18.0000       15.0000 70279691   16.67%
 7523794 1077889       15.5000    18       18.0000       15.0000 70498416   16.67%
Elapsed real time = 876.40 sec. (tree size = 518.82 MB, solutions = 12)
Nodefile size = 390.88 MB (179.78 MB after compression)
 7549920 1078391       16.1600    15       18.0000       15.0000 70716819   16.67%
 7576403 1078717       16.0000    18       18.0000       15.0000 70936755   16.67%
 7602898 1079237       15.0000    19       18.0000       15.0000 71157619   16.67%
 7629019 1079711       15.0000    25       18.0000       15.0000 71373959   16.67%
 7653347 1080356       16.0000    22       18.0000       15.0000 71581387   16.67%
 7678229 1081048       15.0000    19       18.0000       15.0000 71789302   16.67%
 7704291 1081716       17.0000    17       18.0000       15.0000 72011480   16.67%
 7730308 1082229       16.0000    18       18.0000       15.0000 72231335   16.67%
 7756803 1082739       17.0000    15       18.0000       15.0000 72449919   16.67%
 7783126 1083104       17.5000    14       18.0000       15.0000 72671504   16.67%
Elapsed real time = 906.67 sec. (tree size = 521.50 MB, solutions = 12)
Nodefile size = 393.88 MB (181.22 MB after compression)
 7809152 1083526       17.0000    25       18.0000       15.0000 72891241   16.67%
 7835011 1084116       16.0000    14       18.0000       15.0000 73112024   16.67%
 7861411 1084894       16.0000    17       18.0000       15.0000 73331277   16.67%
 7887581 1085286       15.0000    20       18.0000       15.0000 73550817   16.67%
 7913312 1085897       17.0000    17       18.0000       15.0000 73766106   16.67%
 7938208 1086631       15.0000    19       18.0000       15.0000 73975934   16.67%
 7963976 1087512       16.0000    20       18.0000       15.0000 74196354   16.67%
 7989969 1088260       16.5000    18       18.0000       15.0000 74414524   16.67%
 8016435 1088587       17.0000    17       18.0000       15.0000 74636173   16.67%
 8042810 1089120       16.0000    14       18.0000       15.0000 74857848   16.67%
Elapsed real time = 936.62 sec. (tree size = 524.53 MB, solutions = 12)
Nodefile size = 396.88 MB (182.60 MB after compression)
 8069448 1089525       17.0000    15       18.0000       15.0000 75077107   16.67%
 8095055 1090274       15.0000    19       18.0000       15.0000 75296915   16.67%
 8121294 1090793       15.0000    23       18.0000       15.0000 75520479   16.67%
 8147526 1091181       16.5000    21       18.0000       15.0000 75742481   16.67%
 8173043 1091822       15.0000    27       18.0000       15.0000 75959729   16.67%
 8197959 1092461       16.0000    19       18.0000       15.0000 76170221   16.67%
 8223523 1093352       16.0000    22       18.0000       15.0000 76385865   16.67%
 8249114 1094095       17.0000    15       18.0000       15.0000 76604954   16.67%
 8275419 1094620       17.0000    21       18.0000       15.0000 76828581   16.67%
 8301512 1095312       15.0000    22       18.0000       15.0000 77051635   16.67%
Elapsed real time = 966.60 sec. (tree size = 527.67 MB, solutions = 12)
Nodefile size = 399.88 MB (184.01 MB after compression)
 8327482 1095710       16.0000    28       18.0000       15.0000 77274654   16.67%
 8353058 1096553       15.0000    17       18.0000       15.0000 77492514   16.67%
 8379290 1097346       15.0000    18       18.0000       15.0000 77713876   16.67%
 8404989 1098094       16.0000    18       18.0000       15.0000 77930531   16.67%
 8429970 1098843       15.0000    22       18.0000       15.0000 78145981   16.67%
 8455706 1099866       15.0000    19       18.0000       15.0000 78372349   16.67%
 8481551 1100425       16.0000    23       18.0000       15.0000 78592737   16.67%
 8507487 1101109    infeasible             18.0000       15.0000 78819716   16.67%
 8532867 1102122       16.0000    29       18.0000       15.0000 79041522   16.67%
 8558937 1103019       16.5000    23       18.0000       15.0000 79264628   16.67%
Elapsed real time = 996.33 sec. (tree size = 531.48 MB, solutions = 12)
Nodefile size = 403.88 MB (185.86 MB after compression)
 8584816 1103479       16.0000    20       18.0000       15.0000 79483900   16.67%
 8609385 1104359       17.0000    14       18.0000       15.0000 79698209   16.67%
 8634778 1105122       17.0000    24       18.0000       15.0000 79919557   16.67%
 8660245 1105819       15.0000    22       18.0000       15.0000 80149556   16.67%
 8686108 1106374       15.0000    26       18.0000       15.0000 80370429   16.67%
 8711607 1107195       16.5000    18       18.0000       15.0000 80598662   16.67%
 8737608 1107761       15.0000    25       18.0000       15.0000 80821564   16.67%
 8762448 1108621       17.0000    18       18.0000       15.0000 81037003   16.67%
 8788111 1109535       15.1600    24       18.0000       15.0000 81262026   16.67%
 8813498 1110330       15.0000    18       18.0000       15.0000 81484912   16.67%
Elapsed real time = 1026.30 sec. (tree size = 535.17 MB, solutions = 12)
Nodefile size = 407.88 MB (187.66 MB after compression)
 8838956 1111205       17.0000    18       18.0000       15.0000 81707574   16.67%
 8864383 1111942       15.0000    17       18.0000       15.0000 81929102   16.67%
 8888118 1112790       17.5000    13       18.0000       15.0000 82140596   16.67%
 8913804 1113892       16.0000    20       18.0000       15.0000 82365199   16.67%
 8939086 1114674       16.5000    24       18.0000       15.0000 82590201   16.67%
 8964015 1115683       16.5000    29       18.0000       15.0000 82812970   16.67%
 8989457 1116777       17.0000    19       18.0000       15.0000 83037166   16.67%
 9014477 1117466       17.0000    15       18.0000       15.0000 83256449   16.67%
 9039746 1118410       17.0000    14       18.0000       15.0000 83479007   16.67%
 9064259 1119531       17.0000    20       18.0000       15.0000 83695661   16.67%
Elapsed real time = 1056.53 sec. (tree size = 539.74 MB, solutions = 12)
Nodefile size = 411.88 MB (189.52 MB after compression)
 9089815 1120535       15.0000    26       18.0000       15.0000 83920113   16.67%
 9115403 1121789       17.5000    13       18.0000       15.0000 84146046   16.67%
 9140553 1123139       15.0000    25       18.0000       15.0000 84364949   16.67%
 9166155 1124141       17.0000    18       18.0000       15.0000 84584110   16.67%
 9191548 1125121       16.0000    21       18.0000       15.0000 84804085   16.67%
 9216792 1125743       15.0000    23       18.0000       15.0000 85020079   16.67%
 9242973 1125987       17.0000    11       18.0000       15.0200 85231549   16.56%
 9271252 1124603       17.0417    14       18.0000       15.0417 85436705   16.44%
 9299320 1123788       15.0800    23       18.0000       15.0800 85641095   16.22%
 9327381 1122801       17.5417    15       18.0000       15.0800 85843573   16.22%
Elapsed real time = 1086.64 sec. (tree size = 541.53 MB, solutions = 12)
Nodefile size = 414.88 MB (190.85 MB after compression)
 9355946 1121142       15.3462    23       18.0000       15.1154 86042010   16.03%
 9385094 1118802       16.5000    25       18.0000       15.1538 86241595   15.81%
 9414768 1115585       16.5000    23       18.0000       15.1600 86437231   15.78%
 9445626 1110965       15.2308    25       18.0000       15.2308 86622484   15.38%
 9475543 1105252       15.5000    30       18.0000       15.4933 86813427   13.93%
 9505490 1102935        cutoff             18.0000       15.5000 87008966   13.89%
 9534592 1100332       15.5000    19       18.0000       15.5000 87207915   13.89%
 9563964 1097345       16.5000    18       18.0000       15.5000 87403796   13.89%
 9593518 1094249       16.0000    13       18.0000       15.5000 87600296   13.89%
 9622872 1091345       15.5000    19       18.0000       15.5000 87798084   13.89%
Elapsed real time = 1116.77 sec. (tree size = 526.83 MB, solutions = 12)
Nodefile size = 403.88 MB (185.77 MB after compression)
 9652289 1088765       17.5000    18       18.0000       15.5000 87996701   13.89%
 9681617 1085796       16.0000    23       18.0000       15.5000 88195002   13.89%
 9710637 1083159       15.5000    15       18.0000       15.5000 88397156   13.89%
 9739675 1080520       16.0000    18       18.0000       15.5000 88602727   13.89%
 9768259 1078274       15.5000    32       18.0000       15.5000 88807255   13.89%
 9799218 1073426       15.8000    18       18.0000       15.7857 89002846   12.30%
 9827539 1071281       16.5000    15       18.0000       16.0000 89220917   11.11%
 9855124 1070416       17.0000    12       18.0000       16.0000 89442978   11.11%
 9882613 1069628       17.0000    15       18.0000       16.0000 89665964   11.11%
 9910858 1068106       17.0000    10       18.0000       16.0000 89880024   11.11%
Elapsed real time = 1147.02 sec. (tree size = 515.93 MB, solutions = 12)
Nodefile size = 392.88 MB (180.79 MB after compression)
 9940844 1065210       17.0000    12       18.0000       16.0000 90083222   11.11%
*9941309 1065130      integral     0       18.0000       16.0000 90086023   11.11%
 9962986 1062939       17.0000    15       18.0000       16.0000 90254255   11.11%
 9984326 1061099       17.0000    13       18.0000       16.0000 90419148   11.11%
 10010628 1059033       17.5000    11       18.0000       16.0000 90624598   11.11%
 10036551 1056816       17.0000    17       18.0000       16.0000 90828148   11.11%
 10062545 1054399       16.0000    19       18.0000       16.0000 91039186   11.11%
 10089689 1051953       16.0000    30       18.0000       16.0000 91258527   11.11%
 10116064 1049826       16.0000    16       18.0000       16.0000 91479410   11.11%
 10142521 1047848       16.0000    21       18.0000       16.0000 91698395   11.11%
Elapsed real time = 1174.67 sec. (tree size = 506.35 MB, solutions = 13)
Nodefile size = 378.88 MB (175.05 MB after compression)
 10169044 1045422       16.0000    18       18.0000       16.0000 91918762   11.11%
 10195537 1043139       17.5000    21       18.0000       16.0000 92136467   11.11%
 10221770 1041114       16.0000    15       18.0000       16.0000 92359218   11.11%
 10247456 1039034       16.0000    15       18.0000       16.0000 92572596   11.11%
 10273843 1036630       17.0000    12       18.0000       16.0000 92794357   11.11%
 10300287 1034446       17.0000    18       18.0000       16.0000 93019125   11.11%
 10326345 1032173       16.0000    24       18.0000       16.0000 93243357   11.11%
 10350466 1030128       17.0000    15       18.0000       16.0000 93450011   11.11%
 10376860 1027824       16.5000    20       18.0000       16.0000 93672648   11.11%
 10402420 1025787       16.0000    23       18.0000       16.0000 93891585   11.11%
Elapsed real time = 1205.78 sec. (tree size = 495.95 MB, solutions = 13)
Nodefile size = 368.89 MB (171.02 MB after compression)
 10426719 1023697       17.5000    18       18.0000       16.0000 94098766   11.11%
 10453135 1021619    infeasible             18.0000       16.0000 94322933   11.11%
 10477903 1019770       16.1600    17       18.0000       16.0000 94539204   11.11%
 10502912 1017622       17.0000    20       18.0000       16.0000 94753823   11.11%
 10528415 1015672    infeasible             18.0000       16.0000 94969435   11.11%
 10553702 1013653       16.0000    15       18.0000       16.0000 95178688   11.11%
 10579838 1011306       17.0000    15       18.0000       16.0000 95390977   11.11%
 10604330 1009574       16.0000    23       18.0000       16.0000 95592259   11.11%
 10629575 1007423       16.0870    20       18.0000       16.0000 95797357   11.11%
 10653629 1005656       16.0000    19       18.0000       16.0000 95994186   11.11%
Elapsed real time = 1241.77 sec. (tree size = 486.43 MB, solutions = 13)
Nodefile size = 358.89 MB (167.71 MB after compression)
 10680683 1003471       17.0000    11       18.0000       16.0000 96209157   11.11%
 10707757 1001293       16.0000    18       18.0000       16.0000 96425278   11.11%
 10731048 999379    infeasible             18.0000       16.0000 96606499   11.11%
 10757850 996903       17.0417    12       18.0000       16.0000 96814949   11.11%
 10784834 994797       16.0000    15       18.0000       16.0000 97031534   11.11%
 10812017 992550       16.0000    10       18.0000       16.0000 97244660   11.11%
 10839239 990532       16.5000    15       18.0000       16.0000 97457201   11.11%
 10866540 988409       17.0000     9       18.0000       16.0000 97671981   11.11%
 10892904 986098       17.0000    12       18.0000       16.0000 97878590   11.11%
 10916811 984388       17.0000    13       18.0000       16.0000 98068072   11.11%
Elapsed real time = 1277.29 sec. (tree size = 476.40 MB, solutions = 13)
Nodefile size = 348.89 MB (163.57 MB after compression)
 10944009 982273       16.0000    18       18.0000       16.0000 98281998   11.11%
 10970821 980691       17.0000    12       18.0000       16.0000 98496839   11.11%
 10997898 978742       17.0000    26       18.0000       16.0000 98711170   11.11%
 11025288 976493       16.0000    26       18.0000       16.0000 98923312   11.11%
 11052567 973986       16.5000    21       18.0000       16.0000 99136711   11.11%
 11080065 971614       16.0000    20       18.0000       16.0000 99349919   11.11%
 11107405 969379       16.0000    15       18.0000       16.0000 99563944   11.11%
 11135103 967106       16.0000    14       18.0000       16.0000 99774518   11.11%
 11162452 964538       17.0000    12       18.0000       16.0000 99988180   11.11%
 11189162 962321       16.0000    20       18.0000       16.0000 1.00e+08   11.11%
Elapsed real time = 1311.81 sec. (tree size = 465.99 MB, solutions = 13)
Nodefile size = 338.89 MB (158.95 MB after compression)
 11216122 960176       17.0417     9       18.0000       16.0000 1.00e+08   11.11%
 11242858 958243       16.0000    14       18.0000       16.0000 1.01e+08   11.11%
 11269676 956319       17.0000    17       18.0000       16.0000 1.01e+08   11.11%
 11296609 954504       16.5000    24       18.0000       16.0000 1.01e+08   11.11%
 11323809 952491       17.0417    30       18.0000       16.0000 1.01e+08   11.11%
 11350700 950369       16.0000    21       18.0000       16.0000 1.01e+08   11.11%
 11377847 948523       17.0000    14       18.0000       16.0000 1.02e+08   11.11%
 11405116 946556       16.0000    17       18.0000       16.0000 1.02e+08   11.11%
 11432436 944230       16.0000    19       18.0000       16.0000 1.02e+08   11.11%
 11459462 942355       16.0000    15       18.0000       16.0000 1.02e+08   11.11%
Elapsed real time = 1346.07 sec. (tree size = 456.63 MB, solutions = 13)
Nodefile size = 337.89 MB (158.49 MB after compression)
 11486727 940319       16.0000    17       18.0000       16.0000 1.03e+08   11.11%
 11513932 938431       16.0000    22       18.0000       16.0000 1.03e+08   11.11%
 11541421 936222       16.5000    20       18.0000       16.0000 1.03e+08   11.11%
 11568709 934239       16.0000    20       18.0000       16.0000 1.03e+08   11.11%
 11596067 932126       17.0000    17       18.0000       16.0000 1.03e+08   11.11%
 11623046 929305       17.0000    16       18.0000       16.0000 1.04e+08   11.11%
 11650230 927363       16.0000    16       18.0000       16.0000 1.04e+08   11.11%
 11676725 925508       16.0000    16       18.0000       16.0000 1.04e+08   11.11%
 11703453 923657       16.5000    15       18.0000       16.0000 1.04e+08   11.11%
 11730274 921632       16.0000    17       18.0000       16.0000 1.04e+08   11.11%
Elapsed real time = 1380.32 sec. (tree size = 446.80 MB, solutions = 13)
Nodefile size = 322.90 MB (151.48 MB after compression)
 11756999 919715       16.5000    16       18.0000       16.0000 1.05e+08   11.11%
 11784169 917775       16.0000    14       18.0000       16.0000 1.05e+08   11.11%
 11811088 915819       17.0000    15       18.0000       16.0000 1.05e+08   11.11%
 11837956 914018       17.0000    17       18.0000       16.0000 1.05e+08   11.11%
 11864903 912118       16.0000    28       18.0000       16.0000 1.06e+08   11.11%
 11891823 910277       16.0000    22       18.0000       16.0000 1.06e+08   11.11%
 11918408 908479       17.0000    17       18.0000       16.0000 1.06e+08   11.11%
 11944904 906682       17.0000    13       18.0000       16.0000 1.06e+08   11.11%
 11971595 905017       16.0000    17       18.0000       16.0000 1.06e+08   11.11%
 11998401 903422       17.0000    15       18.0000       16.0000 1.07e+08   11.11%
Elapsed real time = 1414.85 sec. (tree size = 438.31 MB, solutions = 13)
Nodefile size = 322.90 MB (151.48 MB after compression)
 12025111 901627       17.0000    13       18.0000       16.0000 1.07e+08   11.11%
 12052101 899667       16.0000    20       18.0000       16.0000 1.07e+08   11.11%
 12078894 897783       16.0000    15       18.0000       16.0000 1.07e+08   11.11%
 12105957 895783       17.0000    15       18.0000       16.0000 1.08e+08   11.11%
 12132990 893725       17.0000    12       18.0000       16.0000 1.08e+08   11.11%
 12159737 892063       16.0000    16       18.0000       16.0000 1.08e+08   11.11%
 12186779 890024       17.0000    18       18.0000       16.0000 1.08e+08   11.11%
 12213677 888327       17.0000    15       18.0000       16.0000 1.08e+08   11.11%
 12240577 886192       17.0000    11       18.0000       16.0000 1.09e+08   11.11%
 12267325 884290       16.0000    14       18.0000       16.0000 1.09e+08   11.11%
Elapsed real time = 1449.27 sec. (tree size = 429.12 MB, solutions = 13)
Nodefile size = 302.90 MB (142.15 MB after compression)
 12293756 882491       16.0000    22       18.0000       16.0000 1.09e+08   11.11%
 12319916 880847       16.0000    14       18.0000       16.0000 1.09e+08   11.11%
 12346352 879129       16.0000    18       18.0000       16.0000 1.09e+08   11.11%
 12372649 877627       17.0000     9       18.0000       16.0000 1.10e+08   11.11%
 12399054 875958       17.5000    16       18.0000       16.0000 1.10e+08   11.11%
 12425924 874140       17.0000     7       18.0000       16.0000 1.10e+08   11.11%
 12452550 872384       16.0000    14       18.0000       16.0000 1.10e+08   11.11%
 12479356 870677       16.0000    15       18.0000       16.0000 1.11e+08   11.11%
 12505954 869067       16.0000    21       18.0000       16.0000 1.11e+08   11.11%
 12532694 867237       17.0000    20       18.0000       16.0000 1.11e+08   11.11%
Elapsed real time = 1483.70 sec. (tree size = 421.17 MB, solutions = 13)
Nodefile size = 302.90 MB (142.15 MB after compression)
 12559182 865575       17.0000    16       18.0000       16.0000 1.11e+08   11.11%
 12585664 863992       17.0000    13       18.0000       16.0000 1.11e+08   11.11%
 12612184 862635       17.0000    21       18.0000       16.0000 1.12e+08   11.11%
 12638852 860950       16.0000    18       18.0000       16.0000 1.12e+08   11.11%
 12665593 859394       16.0000    15       18.0000       16.0000 1.12e+08   11.11%
 12692404 857872       17.0000    16       18.0000       16.0000 1.12e+08   11.11%
 12719061 856239       17.0000    13       18.0000       16.0000 1.13e+08   11.11%
 12745777 854520       16.0000    12       18.0000       16.0000 1.13e+08   11.11%
 12772494 852807       17.0000    14       18.0000       16.0000 1.13e+08   11.11%
 12798986 851349       16.5000    20       18.0000       16.0000 1.13e+08   11.11%
Elapsed real time = 1518.11 sec. (tree size = 413.70 MB, solutions = 13)
Nodefile size = 300.90 MB (141.22 MB after compression)
 12825645 849472       16.0000    23       18.0000       16.0000 1.13e+08   11.11%
 12852515 847509       16.0000    16       18.0000       16.0000 1.14e+08   11.11%
 12879514 845622       16.5000    15       18.0000       16.0000 1.14e+08   11.11%
 12906086 844045       16.0000    19       18.0000       16.0000 1.14e+08   11.11%
 12932814 842545       17.0000    10       18.0000       16.0000 1.14e+08   11.11%
 12959255 840962       17.0000    15       18.0000       16.0000 1.14e+08   11.11%
 12985605 839320       16.0000    21       18.0000       16.0000 1.15e+08   11.11%
 13011993 837681       17.0000    10       18.0000       16.0000 1.15e+08   11.11%
 13038296 836083       17.0000    14       18.0000       16.0000 1.15e+08   11.11%
 13064585 834253       16.0000    17       18.0000       16.0000 1.15e+08   11.11%
Elapsed real time = 1552.31 sec. (tree size = 405.57 MB, solutions = 13)
Nodefile size = 285.90 MB (134.17 MB after compression)
 13091077 832755       17.0000    18       18.0000       16.0000 1.16e+08   11.11%
 13117686 831299       16.0000    18       18.0000       16.0000 1.16e+08   11.11%
 13144205 829895       17.0000    12       18.0000       16.0000 1.16e+08   11.11%
 13170524 828583       17.0000    11       18.0000       16.0000 1.16e+08   11.11%
 13197003 827176       17.0000    14       18.0000       16.0000 1.16e+08   11.11%
 13223379 825856       17.0000    16       18.0000       16.0000 1.17e+08   11.11%
 13250112 824158       16.0000    34       18.0000       16.0000 1.17e+08   11.11%
 13276620 822695       16.0000    21       18.0000       16.0000 1.17e+08   11.11%
 13302846 821261       16.0000    15       18.0000       16.0000 1.17e+08   11.11%
 13329582 819691       16.0000    18       18.0000       16.0000 1.18e+08   11.11%
Elapsed real time = 1586.74 sec. (tree size = 398.75 MB, solutions = 13)
Nodefile size = 282.91 MB (132.72 MB after compression)
 13356300 818143       16.0000    19       18.0000       16.0000 1.18e+08   11.11%
 13382831 816891       16.0000    19       18.0000       16.0000 1.18e+08   11.11%
 13409360 815375       17.0000    21       18.0000       16.0000 1.18e+08   11.11%
 13436272 813501       17.0000    20       18.0000       16.0000 1.18e+08   11.11%
 13462732 811858       16.0000    10       18.0000       16.0000 1.19e+08   11.11%
 13489267 810177       16.0000    23       18.0000       16.0000 1.19e+08   11.11%
 13515734 808606       16.0000    18       18.0000       16.0000 1.19e+08   11.11%
 13541980 806866       17.0000    18       18.0000       16.0000 1.19e+08   11.11%
 13568523 804945       17.0000    11       18.0000       16.0000 1.20e+08   11.11%
 13594675 803724       16.0000    14       18.0000       16.0000 1.20e+08   11.11%
Elapsed real time = 1620.96 sec. (tree size = 391.13 MB, solutions = 13)
Nodefile size = 267.91 MB (125.64 MB after compression)
 13620712 802099       16.0000    20       18.0000       16.0000 1.20e+08   11.11%
 13646894 800543       17.0000    13       18.0000       16.0000 1.20e+08   11.11%
 13673126 799210       16.0000    38       18.0000       16.0000 1.20e+08   11.11%
 13699293 797683       16.0000    19       18.0000       16.0000 1.21e+08   11.11%
 13725691 796105       17.5000    13       18.0000       16.0000 1.21e+08   11.11%
 13752041 794634       16.5000    17       18.0000       16.0000 1.21e+08   11.11%
 13776728 793087       16.0000    19       18.0000       16.0000 1.21e+08   11.11%
 13803182 791303       17.0000    17       18.0000       16.0000 1.21e+08   11.11%
 13829651 789886       17.0000    18       18.0000       16.0000 1.22e+08   11.11%
 13855811 788468       17.0000    11       18.0000       16.0000 1.22e+08   11.11%
Elapsed real time = 1655.67 sec. (tree size = 383.91 MB, solutions = 13)
Nodefile size = 257.91 MB (121.02 MB after compression)
 13881967 786814       16.0000    21       18.0000       16.0000 1.22e+08   11.11%
 13908007 785758       17.5000    10       18.0000       16.0000 1.22e+08   11.11%
 13934369 784460       16.0000    20       18.0000       16.0000 1.23e+08   11.11%
 13960614 783198       16.0000    20       18.0000       16.0000 1.23e+08   11.11%
 13985619 782179       16.0000    24       18.0000       16.0000 1.23e+08   11.11%
 14010564 781050       17.0000    10       18.0000       16.0000 1.23e+08   11.11%
 14036981 779882       17.0000    15       18.0000       16.0000 1.23e+08   11.11%
 14063648 778691       16.0000    18       18.0000       16.0000 1.24e+08   11.11%
 14089589 777737       17.0000     9       18.0000       16.0000 1.24e+08   11.11%
 14115187 776751       17.0000    12       18.0000       16.0000 1.24e+08   11.11%
Elapsed real time = 1690.47 sec. (tree size = 378.39 MB, solutions = 13)
Nodefile size = 250.92 MB (117.78 MB after compression)
 14141711 775689       17.0000    16       18.0000       16.0000 1.24e+08   11.11%
 14168076 774583       17.0000    10       18.0000       16.0000 1.25e+08   11.11%
 14194132 773488       16.0000    22       18.0000       16.0000 1.25e+08   11.11%
 14220263 772375       16.0000    17       18.0000       16.0000 1.25e+08   11.11%
 14246837 771188       16.5800    16       18.0000       16.0000 1.25e+08   11.11%
 14273594 769286       16.0000    13       18.0000       16.0000 1.25e+08   11.11%
 14301836 766270       17.0417    16       18.0000       16.0417 1.26e+08   10.88%
 14330184 762815       17.5000    15       18.0000       16.0417 1.26e+08   10.88%
 14359654 758329       16.0800    19       18.0000       16.0800 1.26e+08   10.67%
 14388975 752790    infeasible             18.0000       16.0800 1.26e+08   10.67%
Elapsed real time = 1724.98 sec. (tree size = 367.21 MB, solutions = 13)
Nodefile size = 242.92 MB (114.01 MB after compression)
 14420323 746072       16.1600    14       18.0000       16.1600 1.26e+08   10.22%
 14452378 737001       16.5000    13       18.0000       16.3333 1.27e+08    9.26%
 14483908 729878       16.5000    15       18.0000       16.5000 1.27e+08    8.33%
 14513256 725214       17.5000    13       18.0000       16.5000 1.27e+08    8.33%
 14542394 720872       16.5000    25       18.0000       16.5000 1.27e+08    8.33%
 14572075 715684       16.5000    17       18.0000       16.5000 1.27e+08    8.33%
 14602586 709549       16.5000    23       18.0000       16.5000 1.28e+08    8.33%
 14632769 703930       16.5000    25       18.0000       16.5000 1.28e+08    8.33%
 14663167 697889       16.5000    19       18.0000       16.5000 1.28e+08    8.33%
 14693200 692329       16.5000    16       18.0000       16.5000 1.28e+08    8.33%
Elapsed real time = 1759.88 sec. (tree size = 338.53 MB, solutions = 13)
Nodefile size = 214.93 MB (100.87 MB after compression)
 14723210 686443    infeasible             18.0000       16.5000 1.28e+08    8.33%
 14755467 677983       17.0000    15       18.0000       17.0000 1.28e+08    5.56%
 14787218 670606       17.5000    10       18.0000       17.0000 1.29e+08    5.56%
 14819971 662705       17.0000    21       18.0000       17.0000 1.29e+08    5.56%
 14852849 652980       17.0000     6       18.0000       17.0000 1.29e+08    5.56%
 14884935 644111       17.0000    13       18.0000       17.0000 1.29e+08    5.56%
 14916566 635689       17.0000    11       18.0000       17.0000 1.30e+08    5.56%
 14947311 627629       17.0000     9       18.0000       17.0000 1.30e+08    5.56%
 14978184 619597       17.0000    13       18.0000       17.0000 1.30e+08    5.56%
 15008912 611810       17.0000    10       18.0000       17.0000 1.30e+08    5.56%
Elapsed real time = 1795.69 sec. (tree size = 300.04 MB, solutions = 13)
Nodefile size = 174.94 MB (82.15 MB after compression)
 15039190 604349       17.0000    19       18.0000       17.0000 1.30e+08    5.56%
 15068992 597357       17.0000    12       18.0000       17.0000 1.31e+08    5.56%
 15098985 590064       17.0000    13       18.0000       17.0000 1.31e+08    5.56%
 15129155 582572       17.0000     8       18.0000       17.0000 1.31e+08    5.56%
 15159440 575075       17.0000    15       18.0000       17.0000 1.31e+08    5.56%
 15190444 566867       17.0000    20       18.0000       17.0000 1.31e+08    5.56%
 15221334 559012       17.0000     9       18.0000       17.0000 1.32e+08    5.56%
 15251948 551168       17.0000    19       18.0000       17.0000 1.32e+08    5.56%
 15283331 542967       17.0000    12       18.0000       17.0000 1.32e+08    5.56%
 15314565 535013       17.0417    17       18.0000       17.0000 1.32e+08    5.56%
Elapsed real time = 1826.01 sec. (tree size = 263.36 MB, solutions = 13)
Nodefile size = 137.94 MB (65.05 MB after compression)
 15346040 527128       17.0000    14       18.0000       17.0000 1.32e+08    5.56%
 15377539 518845       17.0000    14       18.0000       17.0000 1.33e+08    5.56%
 15408885 510940       17.0000    13       18.0000       17.0000 1.33e+08    5.56%
 15440398 502660       17.0000     7       18.0000       17.0000 1.33e+08    5.56%
 15472119 494337       17.0000    11       18.0000       17.0000 1.33e+08    5.56%
 15503884 485747       17.0000    14       18.0000       17.0000 1.33e+08    5.56%
 15535756 477219       17.0000    19       18.0000       17.0000 1.34e+08    5.56%
 15567214 468983       17.0000     9       18.0000       17.0000 1.34e+08    5.56%
 15598959 460298       17.0000    11       18.0000       17.0000 1.34e+08    5.56%
 15630295 452468       17.0000    14       18.0000       17.0000 1.34e+08    5.56%
Elapsed real time = 1855.44 sec. (tree size = 223.85 MB, solutions = 13)
Nodefile size = 104.95 MB (49.80 MB after compression)
 15661716 444241       17.0417    15       18.0000       17.0000 1.34e+08    5.56%
 15693264 436100       17.0000    12       18.0000       17.0000 1.35e+08    5.56%
 15725147 427330       17.0000    13       18.0000       17.0000 1.35e+08    5.56%
 15756792 418792       17.0000    12       18.0000       17.0000 1.35e+08    5.56%
 15788417 410327       17.0000    10       18.0000       17.0000 1.35e+08    5.56%
 15820730 401119       17.0000    14       18.0000       17.0000 1.35e+08    5.56%
 15851672 393671       17.0000    16       18.0000       17.0000 1.36e+08    5.56%
 15882831 386088       17.0000    14       18.0000       17.0000 1.36e+08    5.56%
 15914081 378411       17.0000    14       18.0000       17.0000 1.36e+08    5.56%
 15945258 370615       17.0000    14       18.0000       17.0000 1.36e+08    5.56%
Elapsed real time = 1885.27 sec. (tree size = 184.96 MB, solutions = 13)
Nodefile size = 87.95 MB (41.89 MB after compression)
 15976579 362549       17.0417    17       18.0000       17.0000 1.37e+08    5.56%
 16007979 354408       17.0000    11       18.0000       17.0000 1.37e+08    5.56%
 16039884 345983       17.0000    13       18.0000       17.0000 1.37e+08    5.56%
 16071712 337812       17.0000     8       18.0000       17.0000 1.37e+08    5.56%
 16103126 329739       17.0000    12       18.0000       17.0000 1.37e+08    5.56%
 16134410 321886       17.0000    21       18.0000       17.0000 1.38e+08    5.56%
 16165030 314828       17.0000     9       18.0000       17.0000 1.38e+08    5.56%
 16196360 307294       17.0000    14       18.0000       17.0000 1.38e+08    5.56%
 16227136 299994       17.0000    14       18.0000       17.0000 1.38e+08    5.56%
 16258188 292339       17.0417    16       18.0000       17.0000 1.38e+08    5.56%
Elapsed real time = 1915.23 sec. (tree size = 147.73 MB, solutions = 13)
Nodefile size = 71.96 MB (34.37 MB after compression)
 16289619 284426       17.0000    16       18.0000       17.0000 1.39e+08    5.56%
 16320899 276798       17.0000    11       18.0000       17.0000 1.39e+08    5.56%
 16352264 268980    infeasible             18.0000       17.0000 1.39e+08    5.56%
 16383726 260903       17.0000    16       18.0000       17.0000 1.39e+08    5.56%
 16414765 253586       17.0000    17       18.0000       17.0000 1.39e+08    5.56%
 16446889 245001       17.0000     8       18.0000       17.0000 1.40e+08    5.56%
 16477849 237572       17.0000    11       18.0000       17.0000 1.40e+08    5.56%
 16508633 230321       17.0000    24       18.0000       17.0000 1.40e+08    5.56%
 16539596 223038       17.0000    15       18.0000       17.0000 1.40e+08    5.56%
 16570654 215576        cutoff             18.0000       17.0000 1.40e+08    5.56%
Elapsed real time = 1946.28 sec. (tree size = 111.20 MB, solutions = 13)
Nodefile size = 50.96 MB (24.48 MB after compression)
 16601653 208195       17.5000    10       18.0000       17.0000 1.41e+08    5.56%
 16632451 200615       17.0000     7       18.0000       17.0000 1.41e+08    5.56%
 16663965 192695       17.5000    13       18.0000       17.0000 1.41e+08    5.56%
 16695313 184511       17.5000    14       18.0000       17.0000 1.41e+08    5.56%
 16726791 176190       17.0000    17       18.0000       17.0000 1.41e+08    5.56%
 16757506 169005       17.5000    18       18.0000       17.0000 1.42e+08    5.56%
 16788256 161579       17.0000    12       18.0000       17.0000 1.42e+08    5.56%
 16819051 154679       17.0000    18       18.0000       17.0000 1.42e+08    5.56%
 16850081 146841       17.5000    16       18.0000       17.0000 1.42e+08    5.56%
 16881330 138680       17.0000    14       18.0000       17.0000 1.43e+08    5.56%
Elapsed real time = 1977.43 sec. (tree size = 74.72 MB, solutions = 13)
Nodefile size = 30.97 MB (14.89 MB after compression)
 16912048 131111       17.0000    24       18.0000       17.0000 1.43e+08    5.56%
 16942244 124212       17.0000    13       18.0000       17.0000 1.43e+08    5.56%
 16972494 117378       17.5000    20       18.0000       17.0000 1.43e+08    5.56%
 17003974 109140       17.5000    15       18.0000       17.0000 1.43e+08    5.56%
 17035105 100988       17.0000    14       18.0000       17.0000 1.44e+08    5.56%
 17065769 93872       17.0000    13       18.0000       17.0000 1.44e+08    5.56%
 17096728 86199       17.0000     7       18.0000       17.0000 1.44e+08    5.56%
 17127381 78816       17.0000    12       18.0000       17.0000 1.44e+08    5.56%
 17158929 70771       17.5000    17       18.0000       17.0000 1.45e+08    5.56%
 17191996 59432       17.0417     8       18.0000       17.0417 1.45e+08    5.32%
Elapsed real time = 2007.65 sec. (tree size = 37.20 MB, solutions = 13)
Nodefile size =  9.98 MB (4.79 MB after compression)
 17229521 42856       17.5000    15       18.0000       17.5000 1.45e+08    2.78%
 17263726 31642       17.5000    16       18.0000       17.5000 1.45e+08    2.78%

Cover cuts applied:  16
Implied bound cuts applied:  508
Flow cuts applied:  319
Mixed integer rounding cuts applied:  672
Gomory fractional cuts applied:  22

Root node processing (before b&c):
  Real time             =    0.12
Parallel b&c, 4 threads:
  Real time             = 2015.73
  Sync time (average)   =    4.13
  Wait time (average)   =    0.26
                          -------
Total (root+branch&cut) = 2015.85 sec.
STATUS : Optimal
Solution status = Optimal
 Number of constraints = 553
Solution value  = 18
c(0)=12 c(1)=16 c(2)=9 c(3)=2 c(4)=12 c(5)=1 c(6)=5 c(7)=18 c(8)=15 c(9)=8 c(10)=14 c(11)=11 c(12)=7 c(13)=4 c(14)=17 c(15)=3 c(16)=0 c(17)=13 c(18)=12 c(19)=6 c(20)=9 c(21)=16 c(22)=2 
