 numAddVar 276

Graph (V,E) with |V|= 24 and diameter = 7

Coordinates: 
vertex 1 : 0 0
vertex 2 : 1.73205 0
vertex 3 : -0.866025 0.5
vertex 4 : 0.866025 0.5
vertex 5 : 2.59808 0.5
vertex 6 : -0.866025 1.5
vertex 7 : 0.866025 1.5
vertex 8 : 2.59808 1.5
vertex 9 : -1.73205 2
vertex 10 : 0 2
vertex 11 : 1.73205 2
vertex 12 : 3.4641 2
vertex 13 : -1.73205 3
vertex 14 : 0 3
vertex 15 : 1.73205 3
vertex 16 : 3.4641 3
vertex 17 : -0.866025 3.5
vertex 18 : 0.866025 3.5
vertex 19 : 2.59808 3.5
vertex 20 : -0.866025 4.5
vertex 21 : 0.866025 4.5
vertex 22 : 2.59808 4.5
vertex 23 : 0 5
vertex 24 : 1.73205 5

Distances: 
  0 1.73205   1   1 2.64575 1.73205 1.73205   3 2.64575   2 2.64575   4 3.4641   3 3.4641 4.58258 3.60555 3.60555 4.3589 4.58258 4.58258 5.19615   5 5.2915 
1.73205   0 2.64575   1   1   3 1.73205 1.73205   4 2.64575   2 2.64575 4.58258 3.4641   3 3.4641 4.3589 3.60555 3.60555 5.19615 4.58258 4.58258 5.2915   5 
  1 2.64575   0 1.73205 3.4641   1   2 3.60555 1.73205 1.73205   3 4.58258 2.64575 2.64575 3.60555   5   3 3.4641 4.58258   4 4.3589 5.2915 4.58258 5.19615 
  1   1 1.73205   0 1.73205   2   1   2   3 1.73205 1.73205   3 3.60555 2.64575 2.64575 3.60555 3.4641   3 3.4641 4.3589   4 4.3589 4.58258 4.58258 
2.64575   1 3.4641 1.73205   0 3.60555   2   1 4.58258   3 1.73205 1.73205   5 3.60555 2.64575 2.64575 4.58258 3.4641   3 5.2915 4.3589   4 5.19615 4.58258 
1.73205   3   1   2 3.60555   0 1.73205 3.4641   1   1 2.64575 4.3589 1.73205 1.73205   3 4.58258   2 2.64575   4   3 3.4641 4.58258 3.60555 4.3589 
1.73205 1.73205   2   1   2 1.73205   0 1.73205 2.64575   1   1 2.64575   3 1.73205 1.73205   3 2.64575   2 2.64575 3.4641   3 3.4641 3.60555 3.60555 
  3 1.73205 3.60555   2   1 3.4641 1.73205   0 4.3589 2.64575   1   1 4.58258   3 1.73205 1.73205   4 2.64575   2 4.58258 3.4641   3 4.3589 3.60555 
2.64575   4 1.73205   3 4.58258   1 2.64575 4.3589   0 1.73205 3.4641 5.19615   1   2 3.60555 5.2915 1.73205   3 4.58258 2.64575 3.60555   5 3.4641 4.58258 
  2 2.64575 1.73205 1.73205   3   1   1 2.64575 1.73205   0 1.73205 3.4641   2   1   2 3.60555 1.73205 1.73205   3 2.64575 2.64575 3.60555   3 3.4641 
2.64575   2   3 1.73205 1.73205 2.64575   1   1 3.4641 1.73205   0 1.73205 3.60555   2   1   2   3 1.73205 1.73205 3.60555 2.64575 2.64575 3.4641   3 
  4 2.64575 4.58258   3 1.73205 4.3589 2.64575   1 5.19615 3.4641 1.73205   0 5.2915 3.60555   2   1 4.58258   3 1.73205   5 3.60555 2.64575 4.58258 3.4641 
3.4641 4.58258 2.64575 3.60555   5 1.73205   3 4.58258   1   2 3.60555 5.2915   0 1.73205 3.4641 5.19615   1 2.64575 4.3589 1.73205   3 4.58258 2.64575   4 
  3 3.4641 2.64575 2.64575 3.60555 1.73205 1.73205   3   2   1   2 3.60555 1.73205   0 1.73205 3.4641   1   1 2.64575 1.73205 1.73205   3   2 2.64575 
3.4641   3 3.60555 2.64575 2.64575   3 1.73205 1.73205 3.60555   2   1   2 3.4641 1.73205   0 1.73205 2.64575   1   1   3 1.73205 1.73205 2.64575   2 
4.58258 3.4641   5 3.60555 2.64575 4.58258   3 1.73205 5.2915 3.60555   2   1 5.19615 3.4641 1.73205   0 4.3589 2.64575   1 4.58258   3 1.73205   4 2.64575 
3.60555 4.3589   3 3.4641 4.58258   2 2.64575   4 1.73205 1.73205   3 4.58258   1   1 2.64575 4.3589   0 1.73205 3.4641   1   2 3.60555 1.73205   3 
3.60555 3.60555 3.4641   3 3.4641 2.64575   2 2.64575   3 1.73205 1.73205   3 2.64575   1   1 2.64575 1.73205   0 1.73205   2   1   2 1.73205 1.73205 
4.3589 3.60555 4.58258 3.4641   3   4 2.64575   2 4.58258   3 1.73205 1.73205 4.3589 2.64575   1   1 3.4641 1.73205   0 3.60555   2   1   3 1.73205 
4.58258 5.19615   4 4.3589 5.2915   3 3.4641 4.58258 2.64575 2.64575 3.60555   5 1.73205 1.73205   3 4.58258   1   2 3.60555   0 1.73205 3.4641   1 2.64575 
4.58258 4.58258 4.3589   4 4.3589 3.4641   3 3.4641 3.60555 2.64575 2.64575 3.60555   3 1.73205 1.73205   3   2   1   2 1.73205   0 1.73205   1   1 
5.19615 4.58258 5.2915 4.3589   4 4.58258 3.4641   3   5 3.60555 2.64575 2.64575 4.58258   3 1.73205 1.73205 3.60555   2   1 3.4641 1.73205   0 2.64575   1 
  5 5.2915 4.58258 4.58258 5.19615 3.60555 3.60555 4.3589 3.4641   3 3.4641 4.58258 2.64575   2 2.64575   4 1.73205 1.73205   3   1   1 2.64575   0 1.73205 
5.2915   5 5.19615 4.58258 4.58258 4.3589 3.60555 3.60555 4.58258 3.4641   3 3.4641   4 2.64575   2 2.64575   3 1.73205 1.73205 2.64575   1   1 1.73205   0 
d: 
  0 2.26795   3   3 1.35425 2.26795 2.26795   1 1.35425   2 1.35425   0 0.535898   1 0.535898   0 0.394449 0.394449   0   0   0   0   0   0 
2.26795   0 1.35425   3   3   1 2.26795 2.26795 4.44089e-16 1.35425   2 1.35425   0 0.535898   1 0.535898   0 0.394449 0.394449   0   0   0   0   0 
  3 1.35425   0 2.26795 0.535898   3   2 0.394449 2.26795 2.26795   1   0 1.35425 1.35425 0.394449   0   1 0.535898   0   0   0   0   0   0 
  3   3 2.26795   0 2.26795   2   3   2   1 2.26795 2.26795   1 0.394449 1.35425 1.35425 0.394449 0.535898   1 0.535898   0   0   0   0   0 
1.35425   3 0.535898 2.26795   0 0.394449   2   3   0   1 2.26795 2.26795   0 0.394449 1.35425 1.35425   0 0.535898   1   0   0   0   0   0 
2.26795   1   3   2 0.394449   0 2.26795 0.535898   3   3 1.35425   0 2.26795 2.26795   1   0   2 1.35425 4.44089e-16   1 0.535898   0 0.394449   0 
2.26795 2.26795   2   3   2 2.26795   0 2.26795 1.35425   3   3 1.35425   1 2.26795 2.26795   1 1.35425   2 1.35425 0.535898   1 0.535898 0.394449 0.394449 
  1 2.26795 0.394449   2   3 0.535898 2.26795   0   0 1.35425   3   3   0   1 2.26795 2.26795 4.44089e-16 1.35425   2   0 0.535898   1   0 0.394449 
1.35425 4.44089e-16 2.26795   1   0   3 1.35425   0   0 2.26795 0.535898   0   3   2 0.394449   0 2.26795   1   0 1.35425 0.394449   0 0.535898   0 
  2 1.35425 2.26795 2.26795   1   3   3 1.35425 2.26795   0 2.26795 0.535898   2   3   2 0.394449 2.26795 2.26795   1 1.35425 1.35425 0.394449   1 0.535898 
1.35425   2   1 2.26795 2.26795 1.35425   3   3 0.535898 2.26795   0 2.26795 0.394449   2   3   2   1 2.26795 2.26795 0.394449 1.35425 1.35425 0.535898   1 
  0 1.35425   0   1 2.26795   0 1.35425   3   0 0.535898 2.26795   0   0 0.394449   2   3   0   1 2.26795   0 0.394449 1.35425   0 0.535898 
0.535898   0 1.35425 0.394449   0 2.26795   1   0   3   2 0.394449   0   0 2.26795 0.535898   0   3 1.35425   0 2.26795   1   0 1.35425 4.44089e-16 
  1 0.535898 1.35425 1.35425 0.394449 2.26795 2.26795   1   2   3   2 0.394449 2.26795   0 2.26795 0.535898   3   3 1.35425 2.26795 2.26795   1   2 1.35425 
0.535898   1 0.394449 1.35425 1.35425   1 2.26795 2.26795 0.394449   2   3   2 0.535898 2.26795   0 2.26795 1.35425   3   3   1 2.26795 2.26795 1.35425   2 
  0 0.535898   0 0.394449 1.35425   0   1 2.26795   0 0.394449   2   3   0 0.535898 2.26795   0   0 1.35425   3   0   1 2.26795   0 1.35425 
0.394449   0   1 0.535898   0   2 1.35425 4.44089e-16 2.26795 2.26795   1   0   3   3 1.35425   0   0 2.26795 0.535898   3   2 0.394449 2.26795   1 
0.394449 0.394449 0.535898   1 0.535898 1.35425   2 1.35425   1 2.26795 2.26795   1 1.35425   3   3 1.35425 2.26795   0 2.26795   2   3   2 2.26795 2.26795 
  0 0.394449   0 0.535898   1 4.44089e-16 1.35425   2   0   1 2.26795 2.26795   0 1.35425   3   3 0.535898 2.26795   0 0.394449   2   3   1 2.26795 
  0   0   0   0   0   1 0.535898   0 1.35425 1.35425 0.394449   0 2.26795 2.26795   1   0   3   2 0.394449   0 2.26795 0.535898   3 1.35425 
  0   0   0   0   0 0.535898   1 0.535898 0.394449 1.35425 1.35425 0.394449   1 2.26795 2.26795   1   2   3   2 2.26795   0 2.26795   3   3 
  0   0   0   0   0   0 0.535898   1   0 0.394449 1.35425 1.35425   0   1 2.26795 2.26795 0.394449   2   3 0.535898 2.26795   0 1.35425   3 
  0   0   0   0   0 0.394449 0.394449   0 0.535898   1 0.535898   0 1.35425   2 1.35425   0 2.26795 2.26795   1   3   3 1.35425   0 2.26795 
  0   0   0   0   0   0 0.394449 0.394449   0 0.535898   1 0.535898 4.44089e-16 1.35425   2 1.35425   1 2.26795 2.26795 1.35425   3   3 2.26795   0 

max distance : 3
Number of variables 301
Tried aggregator 1 time.
MIP Presolve eliminated 24 rows and 1 columns.
Reduced MIP has 583 rows, 301 columns, and 1746 nonzeros.
Reduced MIP has 276 binaries, 0 generals, 0 SOSs, and 0 indicators.
Probing time =    0.00 sec.
Tried aggregator 1 time.
Presolve time =    0.00 sec.
Probing time =    0.00 sec.
MIP emphasis: balance optimality and feasibility.
MIP search method: dynamic search.
Parallel mode: deterministic, using up to 4 threads.
Root relaxation solution time =    0.00 sec.

        Nodes                                         Cuts/
   Node  Left     Objective  IInf  Best Integer    Best Bound    ItCnt     Gap

*     0+    0                           39.7846                    238     --- 
      0     0        5.2679   213       39.7846        5.2679      238   86.76%
      0     0        5.3550   213       39.7846     Cuts: 245      504   86.54%
      0     0        6.4925   159       39.7846     Cuts: 192      754   83.68%
      0     0        6.6013   175       39.7846      Cuts: 40      872   83.41%
      0     0        6.7680   154       39.7846      Cuts: 48      947   82.99%
      0     0        6.7679   169       39.7846      Cuts: 27     1011   82.99%
      0     0        6.7680   159       39.7846      Cuts: 21     1069   82.99%
      0     0        6.7679   169       39.7846      Cuts: 32     1160   82.99%
*     0+    0                           31.7106        6.7680     1160   78.66%
      0     2        6.7679   169       31.7106        6.7680     1160   78.66%
Elapsed real time =   0.13 sec. (tree size =  0.01 MB, solutions = 2)
*     9+    9                           29.9619        6.7821     1623   77.36%
*    45+   45                           28.1914        6.7821     3923   75.94%
*    45+   45                           26.5054        6.7821     3923   74.41%
*    94+   94                           26.1367        6.7821     6390   74.05%
*   132+  132                           25.2465        6.7821     7928   73.14%
*   161+  161                           25.1512        6.7821     9382   73.03%
*   174+  174                           24.8597        6.7821     9842   72.72%
*   174+  174                           24.6319        6.7821     9842   72.47%
*   176+  176                           24.1055        6.7821     9864   71.86%
*   220+  220                           23.6940        6.7821    11127   71.38%
*   251+  251                           23.5841        6.7821    11768   71.24%
*   257+  257                           23.2465        6.7821    11873   70.83%
*   365+  361                           23.1345        6.7821    13224   70.68%
*   403+  395                           22.6555        6.7821    13798   70.06%
*   403+  393                           22.4679        6.7821    13798   69.81%
*   408   396      integral     0       22.3473        6.7821    13828   69.65%
*   488+  459                           22.3179        6.7862    15892   69.59%
*   740   705      integral     0       21.9931        6.7862    22445   69.14%
*   748   709      integral     0       21.9384        6.7862    22479   69.07%
*   925   861      integral     0       21.8371        6.8046    25266   68.84%
*   929   860      integral     0       21.5290        6.8046    25343   68.39%
*  1057+  964                           21.4260        6.8116    27904   68.21%
*  1058+  961                           21.1345        6.8116    27908   67.77%
*  1258+ 1122                           21.0884        6.8264    32216   67.63%
*  1291  1146      integral     0       21.0333        6.8264    32654   67.54%
*  1294  1145      integral     0       20.9068        6.8264    32681   67.35%
*  1579  1391      integral     0       20.8687        7.3395    41077   64.83%
*  1607+ 1413                           20.7734        7.3395    41642   64.67%
*  1771  1545      integral     0       20.5986        7.3395    44237   64.37%
*  1794+ 1556                           20.5290        7.3395    44725   64.25%
*  1804  1564      integral     0       20.4191        7.3395    44852   64.06%
Elapsed real time =   0.55 sec. (tree size =  0.49 MB, solutions = 36)
*  1809+ 1557                           20.2610        7.4638    45091   63.16%
*  2047+ 1730                           20.1747        7.4638    49799   63.00%
*  2047+ 1730                           20.1512        7.4638    49799   62.96%
*  2054+ 1737                           20.1512        7.4638    50062   62.96%
*  2086  1755      integral     0       20.0901        7.5239    50765   62.55%
*  2090  1757      integral     0       20.0038        7.5239    50852   62.39%
*  2394+ 1329                           19.9470        7.5239    62772   62.28%
*  2571+  976                           19.9068        7.5239    68057   62.20%
   2913  1020        7.7124    84       19.9068        7.5239    75104   62.20%
*  2958+  833                           19.7418        7.5239    76494   61.89%
*  2958+  710                           19.7251        7.5239    76494   61.86%
*  2958+  627                           19.6094        7.5239    76494   61.63%
*  2958+  573                           19.5751        7.5239    76494   61.56%
*  2958+  537                           19.2208        7.5239    76494   60.86%
*  2963+  516                           19.1453        7.5239    76636   60.70%
*  2963+  500                           19.1196        7.5239    76636   60.65%
*  3092   569      integral     0       19.0884        7.5239    79241   60.58%
*  3199+  663                           19.0188        7.5239    81232   60.44%
*  3319   746      integral     0       18.9786        7.5532    83697   60.20%
*  3327   752      integral     0       18.9234        7.5532    83803   60.09%
*  4901+ 1925                           18.5456        7.9427   118774   57.17%
*  5743+ 2498                           18.4662        8.2799   138999   55.16%
*  6066  2718      integral     0       18.4427        8.2799   146736   55.10%
*  7878  4033      integral     0       18.3473        8.4689   189443   53.84%
*  8620  4525      integral     0       18.1581        8.5746   207036   52.78%
*  8624  4527      integral     0       18.1286        8.5746   207085   52.70%
Elapsed real time =   2.89 sec. (tree size =  1.46 MB, solutions = 73)
* 10117  5461      integral     0       18.0884        8.6795   240438   52.02%
* 10175  5495      integral     0       18.0333        8.6795   241855   51.87%
* 13646  7688      integral     0       17.9550        8.8716   318497   50.59%
* 14808  8371      integral     0       17.9470        8.9466   344809   50.15%
* 18862 10867      integral     0       17.9401        9.1093   428292   49.22%
* 22595 13230      integral     0       17.8624        9.2610   505004   48.15%
* 23824 13908      integral     0       17.8516        9.2799   530639   48.02%
* 26197 15350      integral     0       17.7016        9.3769   580413   47.03%
* 26205 15353      integral     0       17.6260        9.3769   580479   46.80%
* 26209 15349      integral     0       17.4042        9.3769   580490   46.12%
Elapsed real time =   5.22 sec. (tree size =  5.28 MB, solutions = 82)
* 30383 17304      integral     0       17.3414        9.5239   666728   45.08%
  34958 19903       14.5123    34       17.3414        9.6459   756950   44.38%
  41912 23775       13.2444    26       17.3414        9.7919   898617   43.53%
  48230 27334       15.0166    26       17.3414        9.8649  1037139   43.11%
  54719 30889       14.8038    47       17.3414        9.9648  1171023   42.54%
  60788 34331       14.1581    25       17.3414       10.0871  1298866   41.83%
  66417 37450       15.4355    22       17.3414       10.1579  1424614   41.42%
  72233 40721       10.8365    42       17.3414       10.1827  1545786   41.28%
  77675 43672       13.5986    23       17.3414       10.2679  1670242   40.79%
  82531 46397       10.4912    44       17.3414       10.2776  1789447   40.73%
Elapsed real time =  12.27 sec. (tree size = 17.53 MB, solutions = 86)
  87480 49028       14.8038    31       17.3414       10.3246  1905773   40.46%
  92415 51671       14.9619    20       17.3414       10.3812  2022451   40.14%
  97148 54177       14.6940    22       17.3414       10.4260  2137366   39.88%
 102181 56811       12.5504    31       17.3414       10.5032  2251806   39.43%
 106879 59277       17.1345    11       17.3414       10.5359  2370991   39.24%
 111367 61672       11.1699    36       17.3414       10.5359  2489629   39.24%
 116327 64221       11.6699    31       17.3414       10.5717  2607935   39.04%
*120593 66530      integral     0       17.2316       10.6132  2705315   38.41%
 120874 66233       12.0790    38       17.2316       10.6213  2712482   38.36%
 121426 66546    infeasible             17.2316       10.6222  2725702   38.36%
Elapsed real time =  19.63 sec. (tree size = 25.07 MB, solutions = 87)
 122783 67226       14.7567    20       17.2316       10.6252  2758015   38.34%
 127782 69739       15.3397    22       17.2316       10.6582  2875241   38.15%
 132763 72205       15.9529    20       17.2316       10.7109  2990623   37.84%
 137742 74611       11.8038    37       17.2316       10.7799  3107385   37.44%
 142930 77177       14.8205    23       17.2316       10.8038  3222985   37.30%
 148081 79834       14.4260    35       17.2316       10.8206  3338767   37.20%
 153354 82423       16.2846    14       17.2316       10.8692  3451905   36.92%
 158583 84994       12.9764    30       17.2316       10.8901  3565933   36.80%
 163654 87462       15.3162    21       17.2316       10.9228  3678741   36.61%
*166780 88919      integral     0       17.1747       10.9481  3749533   36.25%
Elapsed real time =  27.01 sec. (tree size = 35.45 MB, solutions = 88)
 167288 88963    infeasible             17.1747       10.9585  3761410   36.19%
 172358 91427       11.6222    31       17.1747       11.0000  3873975   35.95%
 177504 93906       13.8038    30       17.1747       11.0359  3989095   35.74%
 182647 96339       14.0718    23       17.1747       11.0718  4103995   35.53%
 187906 99096       11.0718    35       17.1747       11.0718  4217396   35.53%
 189675 99962       14.2058    29       17.1747       11.0718  4255556   35.53%
 194973 102490       15.6222    24       17.1747       11.1132  4366165   35.29%
 200027 104803       15.7508    33       17.1747       11.1581  4478713   35.03%
 205411 107208       14.2444    25       17.1747       11.1699  4592037   34.96%
 210714 109706       14.0392    21       17.1747       11.1906  4706630   34.84%
Elapsed real time =  34.48 sec. (tree size = 43.30 MB, solutions = 88)
 216003 112099       14.1581    25       17.1747       11.2444  4820216   34.53%
 221453 114651       11.4019    28       17.1747       11.2679  4932386   34.39%
 226598 117146       15.7803    21       17.1747       11.2679  5043941   34.39%
 231613 119532       14.3709    27       17.1747       11.2799  5159363   34.32%
 237129 121996       16.5986    18       17.1747       11.3111  5271578   34.14%
 242442 124272       13.2444    27       17.1747       11.3542  5378417   33.89%
 247622 126491       14.0241    36       17.1747       11.4019  5488077   33.61%
 253112 128828       14.8038    21       17.1747       11.4451  5599155   33.36%
 258258 131113       14.8038    23       17.1747       11.4873  5705489   33.12%
 263514 133476       13.5359    27       17.1747       11.5123  5810007   32.97%
Elapsed real time =  41.69 sec. (tree size = 53.88 MB, solutions = 88)
 268599 135795       12.8038    28       17.1747       11.5359  5918321   32.83%
 273886 138318       14.8666    19       17.1747       11.5359  6020555   32.83%
 279235 140871       13.8038    34       17.1747       11.5359  6126441   32.83%
 284384 143348       15.8038    18       17.1747       11.5359  6234303   32.83%
 289623 145711       14.1581    32       17.1747       11.5568  6341032   32.71%
 294945 148024       15.2679    30       17.1747       11.5974  6446770   32.47%
 300145 150361       14.6849    24       17.1747       11.6222  6551645   32.33%
 305241 152585       12.0479    30       17.1747       11.6222  6657397   32.33%
 310384 154765       13.9303    25       17.1747       11.6581  6763436   32.12%
 315623 156916       14.8901    31       17.1747       11.6940  6869237   31.91%
Elapsed real time =  48.87 sec. (tree size = 62.85 MB, solutions = 88)
 321066 159219       12.6699    28       17.1747       11.7354  6974182   31.67%
 326067 161274       12.2679    40       17.1747       11.7919  7079147   31.34%
 331248 163597       14.4260    17       17.1747       11.8038  7182612   31.27%
 336638 166064       16.5123    20       17.1747       11.8038  7285954   31.27%
 342215 168575       15.8901    13       17.1747       11.8038  7390079   31.27%
 347613 171071       11.8038    36       17.1747       11.8038  7490929   31.27%
 352959 173527       15.4662    15       17.1747       11.8038  7591516   31.27%
*355632 174750      integral     0       17.0333       11.8038  7643978   30.70%
 356058 173672    infeasible             17.0333       11.8038  7652968   30.70%
 372228 180315       15.1581    17       17.0333       11.8901  7975064   30.19%
Elapsed real time =  58.12 sec. (tree size = 73.01 MB, solutions = 89)
*390322+187491                           16.9786       11.9259  8331379   29.76%
 390722 187645       11.9303    32       16.9786       11.9259  8338672   29.76%
 406680 193703       15.8901    29       16.9786       12.0000  8618654   29.32%
 428938 202346       15.5692    20       16.9786       12.0718  9026709   28.90%
 450405 211059       14.7803    21       16.9786       12.0718  9434617   28.90%
 472759 219705       15.5986    27       16.9786       12.1581  9833661   28.39%
 495921 228045       12.8901    29       16.9786       12.2444 10227856   27.88%
 519749 237024       13.2679    23       16.9786       12.2679 10616143   27.74%
 542469 245364       14.9384    22       16.9786       12.3368 11015945   27.34%
 564897 253198       14.5123    28       16.9786       12.4260 11414620   26.81%
 588558 261736       16.5986    15       16.9786       12.4466 11808485   26.69%
Elapsed real time =  86.97 sec. (tree size = 107.78 MB, solutions = 90)
*602287 266188      integral     0       16.9636       12.5123 12021113   26.24%
 604023 266438       12.5123    38       16.9636       12.5123 12046461   26.24%
 628579 275100       14.8038    31       16.9636       12.5359 12426384   26.10%
 651584 283561       13.7803    29       16.9636       12.5359 12821448   26.10%
 674536 292224       15.1581    26       16.9636       12.5359 13220557   26.10%
 697223 300793       15.5525    23       16.9636       12.5359 13617949   26.10%
 719146 308856       16.2149    14       16.9636       12.5359 14019806   26.10%
 742661 316808       15.8666    19       16.9636       12.5986 14386706   25.73%
 767957 325154       15.3071    15       16.9636       12.6174 14744395   25.62%
 790431 333028       12.9333    33       16.9636       12.6222 15116455   25.59%
Elapsed real time = 114.87 sec. (tree size = 138.15 MB, solutions = 91)
Nodefile size = 10.93 MB (6.48 MB after compression)
 814894 340567       13.0718    22       16.9636       12.6940 15488304   25.17%
 839499 348227       15.8749    27       16.9636       12.7298 15859611   24.96%
 863586 355576       13.2679    27       16.9636       12.8038 16229214   24.52%
*885442 362601      integral     0       16.9234       12.8038 16579830   24.34%
 887398 363229       13.4378    32       16.9234       12.8038 16611734   24.34%
 903326 368320       13.6388    29       16.9234       12.8038 16868930   24.34%
 926435 375933       12.8038    32       16.9234       12.8038 17251364   24.34%
 948899 383232       16.5986    13       16.9234       12.8038 17637778   24.34%
 972438 390507       15.7803    13       16.9234       12.8243 18018113   24.22%
 997908 398185       13.8666    20       16.9234       12.8666 18372259   23.97%
Elapsed real time = 145.08 sec. (tree size = 164.66 MB, solutions = 92)
Nodefile size = 36.92 MB (21.07 MB after compression)
 1022662 405780       16.2610    17       16.9234       12.8901 18730946   23.83%
 1047222 413736       14.5359    20       16.9234       12.8901 19091907   23.83%
 1071912 421492       16.1345    20       16.9234       12.8901 19453697   23.83%
 1096908 429237       16.2208     9       16.9234       12.9018 19817619   23.76%
 1122678 436095       13.4888    29       16.9234       12.9529 20173049   23.46%
 1148420 443494       14.8790    23       16.9234       12.9764 20523618   23.32%
 1173423 451007       15.2444    23       16.9234       12.9764 20878881   23.32%
 1198151 458433       15.2796    24       16.9234       13.0000 21241681   23.18%
 1223094 465653       15.9662    22       16.9234       13.0359 21612396   22.97%
 1250275 472510       14.4978    33       16.9234       13.0718 21964660   22.76%
Elapsed real time = 174.56 sec. (tree size = 194.75 MB, solutions = 92)
Nodefile size = 66.91 MB (37.55 MB after compression)
 1275769 479929       13.0718    25       16.9234       13.0718 22324076   22.76%
 1300884 486693       14.0718    22       16.9234       13.0718 22691005   22.76%
 1325610 493617       13.0718    23       16.9234       13.0718 23065242   22.76%
 1350686 500530       14.7057    23       16.9234       13.0806 23433968   22.71%
 1377554 507156       13.1345    22       16.9234       13.1345 23791061   22.39%
 1404802 513985       15.4260    21       16.9234       13.1581 24148313   22.25%
 1430605 521357       14.8790    20       16.9234       13.1581 24507481   22.25%
 1456614 528498       15.4260    18       16.9234       13.1581 24869976   22.25%
 1482957 535765       13.1581    33       16.9234       13.1581 25231975   22.25%
 1509101 542707       14.2208    22       16.9234       13.1581 25593514   22.25%
Elapsed real time = 203.99 sec. (tree size = 223.42 MB, solutions = 92)
Nodefile size = 95.90 MB (53.12 MB after compression)
 1534781 549736       13.3470    34       16.9234       13.1581 25960802   22.25%
 1560507 556627       15.9068    17       16.9234       13.1581 26329751   22.25%
 1585960 563662       13.6940    32       16.9234       13.1581 26694141   22.25%
 1612489 570825       14.6149    32       16.9234       13.1726 27060075   22.16%
*1635708 575779      integral     0       16.8832       13.1983 27356522   21.83%
 1643702 577469       14.8666    26       16.8832       13.2208 27461334   21.69%
 1663776 581992       16.5986    16       16.8832       13.2444 27715582   21.55%
 1690590 588552       13.4215    27       16.8832       13.2444 28071576   21.55%
 1717828 595272       15.5123    19       16.8832       13.2444 28429295   21.55%
 1745291 601496       14.8867    25       16.8832       13.2645 28784043   21.43%
Elapsed real time = 233.59 sec. (tree size = 247.43 MB, solutions = 93)
Nodefile size = 119.90 MB (65.94 MB after compression)
 1770380 607898       15.2679    31       16.8832       13.2679 29158745   21.41%
 1795182 614616       14.2679    24       16.8832       13.2679 29533350   21.41%
 1818955 621027       15.9764    20       16.8832       13.2679 29918190   21.41%
 1845474 627012       13.2846    28       16.8832       13.2846 30285725   21.31%
 1872860 632956       15.2610    21       16.8832       13.3071 30637121   21.18%
 1901318 638992       15.3307    17       16.8832       13.3307 30983517   21.04%
 1929266 645314       14.1747    24       16.8832       13.3397 31322475   20.99%
 1955822 651239       15.6463    26       16.8832       13.3397 31691444   20.99%
*1967713 654023      integral     0       16.6243       13.3397 31867289   19.76%
 1979356 650628       14.4371    22       16.6243       13.3478 32017823   19.71%
Elapsed real time = 261.58 sec. (tree size = 267.46 MB, solutions = 94)
Nodefile size = 139.91 MB (76.37 MB after compression)
 2006292 655463       15.5123    19       16.6243       13.3709 32383844   19.57%
 2036453 659343       13.4170    25       16.6243       13.4170 32732647   19.29%
 2064075 664296       13.4260    23       16.6243       13.4260 33089335   19.24%
 2091415 669018       13.7371    26       16.6243       13.4260 33449615   19.24%
 2118638 673878       13.4260    26       16.6243       13.4260 33809835   19.24%
 2145914 678656       13.4260    26       16.6243       13.4260 34171136   19.24%
 2173251 683252       13.4405    36       16.6243       13.4405 34520514   19.15%
 2202697 687058       15.4260    21       16.6243       13.4810 34856093   18.91%
 2232556 691319       15.9068    19       16.6243       13.5123 35195896   18.72%
 2262394 695998       16.5841    12       16.6243       13.5123 35537005   18.72%
Elapsed real time = 290.83 sec. (tree size = 285.92 MB, solutions = 94)
Nodefile size = 157.91 MB (86.20 MB after compression)
 2292023 700796       15.7012    19       16.6243       13.5123 35877986   18.72%
 2321603 705141       14.5240    22       16.6243       13.5240 36219869   18.65%
 2349517 709895       15.7803    16       16.6243       13.5359 36571001   18.58%
 2376432 715033       13.5910    47       16.6243       13.5359 36932808   18.58%
 2404244 720143       15.2444    14       16.6243       13.5359 37292658   18.58%
 2431144 725016       14.1581    30       16.6243       13.5359 37655329   18.58%
 2458014 729778       13.5359    28       16.6243       13.5359 38021705   18.58%
 2484188 734935       14.0790    35       16.6243       13.5359 38389992   18.58%
 2510218 739933       14.6940    35       16.6243       13.5359 38762362   18.58%
 2535314 745026       13.5790    37       16.6243       13.5359 39140184   18.58%
Elapsed real time = 320.33 sec. (tree size = 305.84 MB, solutions = 94)
Nodefile size = 177.90 MB (96.87 MB after compression)
 2561092 749735       13.5476    35       16.6243       13.5476 39518839   18.51%
 2591486 753343       15.9965    17       16.6243       13.5564 39858496   18.45%
 2621112 757192       14.6222    18       16.6243       13.5790 40207798   18.32%
 2651418 760928       15.2208    21       16.6243       13.5986 40545497   18.20%
 2681017 765217    infeasible             16.6243       13.5986 40883420   18.20%
 2711319 769315       14.4617    20       16.6243       13.5986 41224956   18.20%
 2740549 772848       14.7417    42       16.6243       13.6077 41571928   18.15%
 2769828 776719       13.6222    29       16.6243       13.6222 41925304   18.06%
 2798002 781526       15.8901    26       16.6243       13.6222 42280173   18.06%
 2826275 786012       14.6104    26       16.6243       13.6222 42634312   18.06%
Elapsed real time = 349.69 sec. (tree size = 322.66 MB, solutions = 94)
Nodefile size = 194.90 MB (105.88 MB after compression)
 2853791 790627       13.6222    34       16.6243       13.6222 42996667   18.06%
 2881216 795270       14.1233    28       16.6243       13.6222 43361215   18.06%
 2913290 798180       15.2846    18       16.6243       13.6388 43694084   17.96%
 2943823 800909       14.6187    23       16.6243       13.6664 44041826   17.79%
 2974922 803624       13.6849    28       16.6243       13.6849 44383357   17.68%
 3005299 806600       15.4427    20       16.6243       13.6940 44723240   17.63%
 3035501 809725       14.8205    20       16.6243       13.6940 45072223   17.63%
 3066092 812601       14.2444    26       16.6243       13.7085 45418211   17.54%
 3097160 815069       13.7342    28       16.6243       13.7342 45759919   17.39%
 3129227 817228       15.4427    15       16.6243       13.7803 46093045   17.11%
Elapsed real time = 378.90 sec. (tree size = 335.50 MB, solutions = 94)
Nodefile size = 207.90 MB (112.83 MB after compression)
 3159072 820960       15.4025    17       16.6243       13.7803 46437645   17.11%
 3189352 824344       15.1463    20       16.6243       13.7803 46777058   17.11%
 3219374 827791       15.0437    25       16.6243       13.7803 47124466   17.11%
 3250186 831106       13.7993    30       16.6243       13.7969 47456874   17.01%
 3278925 835366       15.0718    22       16.6243       13.8038 47809734   16.97%
 3307582 839360       13.8671    23       16.6243       13.8038 48165718   16.97%
 3336596 843127       13.8038    21       16.6243       13.8038 48516923   16.97%
 3365778 847034       13.8038    28       16.6243       13.8038 48871845   16.97%
 3393998 851109       15.9068    17       16.6243       13.8038 49225564   16.97%
 3422190 855008       14.8205    17       16.6243       13.8038 49586612   16.97%
Elapsed real time = 408.15 sec. (tree size = 351.08 MB, solutions = 94)
Nodefile size = 223.89 MB (121.25 MB after compression)
 3450752 858959       16.5290    24       16.6243       13.8038 49950451   16.97%
 3478219 862959       14.8038    29       16.6243       13.8038 50314072   16.97%
 3510051 866073       14.6243    18       16.6243       13.8205 50647735   16.87%
 3542056 868331       14.2803    25       16.6243       13.8397 50978245   16.75%
 3573258 871049       14.1345    27       16.6243       13.8666 51317969   16.59%
 3604476 874183       13.8666    19       16.6243       13.8666 51647459   16.59%
 3636103 876994       14.8666    19       16.6243       13.8666 51983920   16.59%
 3667642 879396       14.4215    30       16.6243       13.8784 52322622   16.52%
 3698215 882687       14.3985    21       16.6243       13.8901 52663225   16.45%
 3726790 886596       14.9470    17       16.6243       13.8901 53009821   16.45%
Elapsed real time = 437.41 sec. (tree size = 364.15 MB, solutions = 94)
Nodefile size = 236.89 MB (128.16 MB after compression)
 3755924 890274       15.1581    18       16.6243       13.8901 53363904   16.45%
 3784978 893729       15.1581    17       16.6243       13.8901 53712160   16.45%
 3814360 897003       15.8901    17       16.6243       13.8901 54058393   16.45%
 3843108 900300       14.9764    24       16.6243       13.8901 54409616   16.45%
 3871844 903726       13.8901    23       16.6243       13.8901 54761401   16.45%
 3900878 907205       14.5241    23       16.6243       13.8901 55116345   16.45%
 3929447 910903       13.8901    28       16.6243       13.8901 55469464   16.45%
 3958237 914523       14.0673    26       16.6243       13.8901 55826161   16.45%
 3985952 918023       13.8901    26       16.6243       13.8901 56189761   16.45%
 4016425 920971       15.0333    17       16.6243       13.9068 56527476   16.35%
Elapsed real time = 466.57 sec. (tree size = 378.57 MB, solutions = 94)
Nodefile size = 250.89 MB (135.57 MB after compression)
 4049375 923002       15.0241    19       16.6243       13.9097 56842362   16.33%
 4081134 925038       14.9508    16       16.6243       13.9303 57178998   16.21%
 4112965 926413       13.9470    22       16.6243       13.9470 57523166   16.10%
 4145304 928711       15.1345    26       16.6243       13.9529 57851937   16.07%
 4177505 930226       15.6077    16       16.6243       13.9619 58188066   16.02%
 4209524 931868       14.5123    24       16.6243       13.9764 58523603   15.93%
 4240124 934313       14.5986    21       16.6243       13.9764 58865735   15.93%
 4270774 937014       14.7875    22       16.6243       13.9764 59205119   15.93%
 4300907 939803       15.2846    23       16.6243       13.9764 59553094   15.93%
 4334132 941346       14.1619    24       16.6243       13.9931 59874583   15.83%
Elapsed real time = 495.80 sec. (tree size = 387.11 MB, solutions = 94)
Nodefile size = 259.88 MB (140.59 MB after compression)
 4364639 943899       15.2679    22       16.6243       14.0000 60217683   15.79%
 4394965 946104       15.1536    14       16.6243       14.0166 60564481   15.69%
 4427836 946904       15.6581    27       16.6243       14.0359 60897233   15.57%
 4460185 948586       14.3711    25       16.6243       14.0482 61230847   15.50%
 4492465 950375       14.0482    22       16.6243       14.0482 61572038   15.50%
 4524424 951596       14.1967    21       16.6243       14.0627 61912120   15.41%
 4554390 953911       15.6388    19       16.6243       14.0718 62256653   15.35%
 4583974 956113       15.1581    17       16.6243       14.0718 62602434   15.35%
 4614155 958687       15.6077    22       16.6243       14.0718 62954630   15.35%
 4644131 961285       16.2610    22       16.6243       14.0718 63303295   15.35%
Elapsed real time = 524.92 sec. (tree size = 395.45 MB, solutions = 94)
Nodefile size = 267.88 MB (145.06 MB after compression)
 4673388 964340       16.5456    10       16.6243       14.0718 63658965   15.35%
 4702617 967096       14.0718    23       16.6243       14.0718 64015694   15.35%
 4730853 970008       15.0718    23       16.6243       14.0718 64376632   15.35%
 4764052 971827       14.9068    20       16.6243       14.0884 64701349   15.25%
 4797549 972652       14.1115    25       16.6243       14.1115 65022475   15.12%
 4831858 973087       14.1345    27       16.6243       14.1345 65346281   14.98%
 4865802 973795       14.6421    17       16.6243       14.1418 65670274   14.93%
 4897996 975509       14.1581    28       16.6243       14.1581 66003693   14.84%
 4928814 978176       15.2444    18       16.6243       14.1581 66347188   14.84%
 4959592 980540       14.6940    24       16.6243       14.1581 66691050   14.84%
Elapsed real time = 554.01 sec. (tree size = 403.51 MB, solutions = 94)
Nodefile size = 275.88 MB (149.52 MB after compression)
 4990223 982847       14.7921    27       16.6243       14.1581 67037810   14.84%
 5020821 985116       15.2444    28       16.6243       14.1581 67385430   14.84%
 5051813 987107       14.1581    25       16.6243       14.1581 67726548   14.84%
 5082071 989311       15.0718    21       16.6243       14.1581 68074327   14.84%
 5112889 991542       14.9692    19       16.6243       14.1581 68418501   14.84%
 5143122 994110       15.2444    25       16.6243       14.1581 68767540   14.84%
 5173300 996699       14.6940    19       16.6243       14.1581 69116643   14.84%
 5203790 999087       15.2208    15       16.6243       14.1581 69462471   14.84%
 5233752 1001527       15.1581    22       16.6243       14.1581 69816936   14.84%
 5263829 1003964       14.1581    23       16.6243       14.1581 70169117   14.84%
Elapsed real time = 583.08 sec. (tree size = 413.28 MB, solutions = 94)
Nodefile size = 285.88 MB (154.99 MB after compression)
 5294153 1006748       14.1581    22       16.6243       14.1581 70518682   14.84%
 5324099 1009420       15.4260    18       16.6243       14.1581 70869267   14.84%
 5353604 1012194       15.2846    22       16.6243       14.1581 71223036   14.84%
 5383722 1014494       14.1747    30       16.6243       14.1657 71571261   14.79%
 5417369 1015742       14.1747    23       16.6243       14.1747 71893779   14.74%
 5451619 1016525       14.1895    23       16.6243       14.1895 72216333   14.65%
 5485096 1016985       14.6350    32       16.6243       14.1983 72547008   14.59%
 5518951 1017397       15.4025    17       16.6243       14.2208 72872830   14.46%
 5552987 1018481       15.3548    20       16.6243       14.2208 73189899   14.46%
 5587012 1018950       15.7803    16       16.6243       14.2310 73513304   14.40%
Elapsed real time = 612.10 sec. (tree size = 419.63 MB, solutions = 94)
Nodefile size = 291.88 MB (158.27 MB after compression)
 5620268 1020248       14.4215    19       16.6243       14.2444 73836454   14.32%
 5652162 1022440       14.2444    26       16.6243       14.2444 74171533   14.32%
 5684606 1024377       14.2444    21       16.6243       14.2444 74511487   14.32%
 5716654 1026274       15.2208    17       16.6243       14.2444 74846585   14.32%
 5748793 1028221       15.3709    17       16.6243       14.2444 75184774   14.32%
 5780300 1030352       15.4260    17       16.6243       14.2444 75521736   14.32%
 5811494 1032355       14.2444    24       16.6243       14.2444 75858392   14.32%
 5842735 1034458       15.5525    13       16.6243       14.2444 76198767   14.32%
 5874716 1036399       14.2444    32       16.6243       14.2444 76539721   14.32%
 5907386 1037670       15.2610    18       16.6243       14.2581 76868516   14.23%
Elapsed real time = 641.22 sec. (tree size = 427.43 MB, solutions = 94)
Nodefile size = 299.88 MB (162.73 MB after compression)
 5942813 1037772       14.6187    18       16.6243       14.2645 77174666   14.20%
 5973157 1039751       15.2679    22       16.6243       14.2679 77524754   14.17%
 6003475 1042023       14.2679    31       16.6243       14.2679 77873960   14.17%
 6032558 1044584       14.4882    36       16.6243       14.2679 78228965   14.17%
 6060504 1047222       14.6624    28       16.6243       14.2679 78594230   14.17%
 6092453 1048031       15.3553    21       16.6243       14.2846 78939489   14.07%
 6127001 1048438       14.2846    15       16.6243       14.2846 79256953   14.07%
 6160943 1048796       15.0324    20       16.6243       14.2846 79576153   14.07%
 6194906 1048787       14.3012    21       16.6243       14.3012 79903906   13.97%
 6229397 1048622       15.2555    29       16.6243       14.3162 80227675   13.88%
Elapsed real time = 670.28 sec. (tree size = 432.09 MB, solutions = 94)
Nodefile size = 304.88 MB (165.54 MB after compression)
 6263186 1048819       14.3205    22       16.6243       14.3198 80552249   13.86%
 6296997 1049160       14.3307    24       16.6243       14.3307 80884537   13.80%
 6329850 1049785       14.9764    17       16.6243       14.3307 81224333   13.80%
 6362451 1050584       14.3397    29       16.6243       14.3397 81562444   13.74%
 6393003 1052312       15.3397    22       16.6243       14.3397 81910022   13.74%
 6423898 1053919       15.3397    27       16.6243       14.3397 82258245   13.74%
 6453936 1055553       14.6940    19       16.6243       14.3397 82607564   13.74%
 6483409 1057444       14.3397    28       16.6243       14.3397 82968850   13.74%
 6515448 1058594       14.3473    23       16.6243       14.3473 83302046   13.70%
 6549426 1059224       15.1536    18       16.6243       14.3542 83622460   13.66%
Elapsed real time = 699.23 sec. (tree size = 436.58 MB, solutions = 94)
Nodefile size = 308.88 MB (167.85 MB after compression)
 6579793 1060748       14.9882    29       16.6243       14.3542 83971652   13.66%
 6614833 1060007       15.0166    19       16.6243       14.3709 84289873   13.56%
 6649955 1059354       15.0166    22       16.6243       14.3901 84609241   13.44%
 6684951 1057648       15.2326    17       16.6243       14.4097 84935229   13.32%
 6719390 1057417       14.4260    22       16.6243       14.4260 85263316   13.22%
 6752367 1058595       15.4260    26       16.6243       14.4260 85599469   13.22%
 6784709 1059940       15.5123    18       16.6243       14.4260 85942681   13.22%
 6816919 1061071       14.4260    33       16.6243       14.4260 86288967   13.22%
 6848809 1062140       14.7803    21       16.6243       14.4260 86633038   13.22%
 6880682 1063478       14.4260    22       16.6243       14.4260 86980133   13.22%
Elapsed real time = 728.36 sec. (tree size = 438.57 MB, solutions = 94)
Nodefile size = 310.87 MB (169.00 MB after compression)
 6911743 1064644       14.9619    21       16.6243       14.4260 87330273   13.22%
 6943119 1066136       14.4260    24       16.6243       14.4260 87683218   13.22%
 6978477 1066113       15.4191    16       16.6243       14.4427 87993742   13.12%
 7014211 1065423       15.0166    14       16.6243       14.4582 88305687   13.03%
 7048706 1064316       14.4695    22       16.6243       14.4692 88637670   12.96%
 7084187 1063011       15.7803    23       16.6243       14.4888 88958184   12.85%
 7119145 1062030       14.5123    26       16.6243       14.5123 89285121   12.70%
 7152820 1062446       14.7326    19       16.6243       14.5123 89623347   12.70%
 7185968 1062796       15.2326    16       16.6243       14.5123 89963840   12.70%
 7219284 1063268       14.5123    21       16.6243       14.5123 90299833   12.70%
Elapsed real time = 757.57 sec. (tree size = 438.74 MB, solutions = 94)
Nodefile size = 311.87 MB (169.57 MB after compression)
 7252107 1063985       15.5123    18       16.6243       14.5123 90639971   12.70%
 7285164 1064720       14.9931    19       16.6243       14.5123 90980233   12.70%
 7317750 1065367       16.5123    13       16.6243       14.5123 91323751   12.70%
 7350554 1065938       15.5123    25       16.6243       14.5123 91668898   12.70%
 7382727 1066832       14.8901    25       16.6243       14.5123 92011972   12.70%
 7414741 1067717       15.0482    21       16.6243       14.5131 92363050   12.70%
 7451077 1066343    infeasible             16.6243       14.5324 92671967   12.58%
 7483570 1067135       15.5991    25       16.6243       14.5359 93015249   12.56%
 7514723 1068428       14.7130    15       16.6243       14.5359 93360370   12.56%
 7546838 1069289       15.1983    24       16.6243       14.5359 93707787   12.56%
Elapsed real time = 786.67 sec. (tree size = 441.46 MB, solutions = 94)
Nodefile size = 313.87 MB (170.73 MB after compression)
 7578747 1070383       15.4260    21       16.6243       14.5359 94055740   12.56%
 7610272 1071679       15.1581    19       16.6243       14.5359 94400671   12.56%
 7640814 1073141       15.6222    27       16.6243       14.5359 94753453   12.56%
 7671276 1074763       15.8205    21       16.6243       14.5359 95113241   12.56%
 7703451 1075015       14.5525    14       16.6243       14.5525 95457010   12.46%
 7739104 1074028       15.5525    17       16.6243       14.5525 95776213   12.46%
 7774191 1072887       14.6842    25       16.6243       14.5564 96103869   12.44%
 7810738 1070500       15.2444    18       16.6243       14.5790 96414749   12.30%
 7847112 1068614       14.5986    19       16.6243       14.5986 96729674   12.19%
 7882111 1068338       14.5986    17       16.6243       14.5986 97054988   12.19%
Elapsed real time = 815.98 sec. (tree size = 441.41 MB, solutions = 94)
Nodefile size = 316.87 MB (172.45 MB after compression)
 7916504 1067866       14.5986    18       16.6243       14.5986 97386138   12.19%
 7951157 1067536       15.5986    28       16.6243       14.5986 97715618   12.19%
 7984895 1067506       14.9931    18       16.6243       14.5986 98053764   12.19%
 8018764 1066733       15.1508    20       16.6243       14.6077 98385250   12.13%
 8052861 1064450       14.6222    23       16.6243       14.6222 98685617   12.04%
 8084102 1065045       14.6222    20       16.6243       14.6222 99009763   12.04%
 8114471 1065578       14.9965    21       16.6243       14.6222 99329568   12.04%
 8145992 1066355        cutoff             16.6243       14.6222 99655881   12.04%
 8177289 1067258    infeasible             16.6243       14.6222 99983752   12.04%
 8209187 1068208       14.6222    23       16.6243       14.6222 1.00e+08   12.04%
Elapsed real time = 846.00 sec. (tree size = 441.49 MB, solutions = 94)
Nodefile size = 313.81 MB (171.78 MB after compression)
 8239385 1069273       15.8901    18       16.6243       14.6222 1.01e+08   12.04%
 8269399 1069784       15.4567    21       16.6243       14.6339 1.01e+08   11.97%
 8306924 1067639       14.8591    15       16.6243       14.6388 1.01e+08   11.94%
 8343482 1065624       14.6388    21       16.6243       14.6388 1.02e+08   11.94%
 8379525 1062977       14.6581    30       16.6243       14.6581 1.02e+08   11.83%
 8416284 1059489       15.5692    16       16.6243       14.6790 1.02e+08   11.70%
 8452042 1057343       15.9730    21       16.6243       14.6849 1.03e+08   11.67%
 8486991 1055920       14.7371    16       16.6243       14.6940 1.03e+08   11.61%
 8521748 1054574       15.3564    16       16.6243       14.6940 1.03e+08   11.61%
 8554698 1053516       14.8205    24       16.6243       14.6940 1.04e+08   11.61%
Elapsed real time = 876.19 sec. (tree size = 435.65 MB, solutions = 94)
Nodefile size = 307.76 MB (169.14 MB after compression)
 8587044 1051967       14.7016    24       16.6243       14.7016 1.04e+08   11.57%
 8622156 1050357       14.7085    17       16.6243       14.7085 1.04e+08   11.52%
 8658462 1048229       15.3875    14       16.6243       14.7251 1.04e+08   11.42%
 8694838 1045971       15.0869    24       16.6243       14.7326 1.05e+08   11.38%
 8730768 1041866       14.7969    17       16.6243       14.7567 1.05e+08   11.23%
 8767328 1039205       14.7803    19       16.6243       14.7803 1.05e+08   11.09%
 8801987 1038253       15.1345    22       16.6243       14.7803 1.06e+08   11.09%
 8835436 1037369       15.3162    17       16.6243       14.7803 1.06e+08   11.09%
 8869931 1036587       15.6581    24       16.6243       14.7803 1.06e+08   11.09%
 8904097 1035643       15.4025    21       16.6243       14.7803 1.07e+08   11.09%
Elapsed real time = 906.97 sec. (tree size = 428.42 MB, solutions = 94)
Nodefile size = 300.71 MB (166.39 MB after compression)
 8938164 1034619       14.7803    19       16.6243       14.7803 1.07e+08   11.09%
 8971961 1033695       14.7803    23       16.6243       14.7803 1.07e+08   11.09%
 9006490 1032185       15.0600    20       16.6243       14.7921 1.07e+08   11.02%
 9042948 1029950       14.8038    20       16.6243       14.8038 1.08e+08   10.95%
 9075209 1029556       14.8038    24       16.6243       14.8038 1.08e+08   10.95%
 9108299 1029068       14.8038    23       16.6243       14.8038 1.08e+08   10.95%
 9142209 1028753       16.0718    21       16.6243       14.8038 1.09e+08   10.95%
 9174876 1028456       15.8205    19       16.6243       14.8038 1.09e+08   10.95%
 9206840 1028736       15.3038    27       16.6243       14.8038 1.09e+08   10.95%
 9238087 1028838       15.3038    34       16.6243       14.8038 1.10e+08   10.95%
Elapsed real time = 936.84 sec. (tree size = 425.85 MB, solutions = 94)
Nodefile size = 298.69 MB (165.71 MB after compression)
 9268812 1029222       15.2444    22       16.6243       14.8038 1.10e+08   10.95%
 9299224 1029752       15.7297    21       16.6243       14.8038 1.10e+08   10.95%
 9334353 1027668    infeasible             16.6243       14.8205 1.11e+08   10.85%
 9370712 1024343    infeasible             16.6243       14.8205 1.11e+08   10.85%
 9407797 1020128    infeasible             16.6243       14.8433 1.11e+08   10.71%
 9444433 1016728       14.8666    23       16.6243       14.8666 1.12e+08   10.57%
 9480062 1014492       16.4888     9       16.6243       14.8666 1.12e+08   10.57%
 9516131 1012632       15.4025    14       16.6243       14.8666 1.12e+08   10.57%
 9551863 1010617       15.4025    16       16.6243       14.8666 1.13e+08   10.57%
 9588557 1007603       14.8832    21       16.6243       14.8832 1.13e+08   10.47%
Elapsed real time = 967.20 sec. (tree size = 417.35 MB, solutions = 94)
Nodefile size = 289.68 MB (161.39 MB after compression)
 9624952 1005070       15.0673    25       16.6243       14.8901 1.13e+08   10.43%
 9659999 1003584       14.8901    16       16.6243       14.8901 1.14e+08   10.43%
 9694477 1002189       14.8901    20       16.6243       14.8901 1.14e+08   10.43%
 9728665 1001042       15.8901    18       16.6243       14.8901 1.14e+08   10.43%
 9762824 999717       16.0123    16       16.6243       14.8901 1.15e+08   10.43%
 9797075 998682       15.1305    20       16.6243       14.8901 1.15e+08   10.43%
 9830537 997600       15.5123    20       16.6243       14.8901 1.15e+08   10.43%
 9863877 996998       14.8901    24       16.6243       14.8901 1.16e+08   10.43%
 9896917 996248       15.8901    34       16.6243       14.8901 1.16e+08   10.43%
 9929773 996062       14.8901    26       16.6243       14.8901 1.16e+08   10.43%
Elapsed real time = 996.50 sec. (tree size = 412.67 MB, solutions = 94)
Nodefile size = 284.67 MB (158.79 MB after compression)
 9961347 995944       15.4333    17       16.6243       14.8901 1.17e+08   10.43%
 9999194 992240       15.9931    14       16.6243       14.9068 1.17e+08   10.33%
 10037817 988544       15.5290    18       16.6243       14.9068 1.17e+08   10.33%
 10075575 985491       15.4427    24       16.6243       14.9068 1.17e+08   10.33%
 10113923 981452       14.9303    17       16.6243       14.9303 1.18e+08   10.19%
 10152269 976029       14.9470    14       16.6243       14.9470 1.18e+08   10.09%
 10190712 972396       15.4738    17       16.6243       14.9529 1.18e+08   10.05%
 10228026 969341       14.9529    19       16.6243       14.9529 1.19e+08   10.05%
 10265467 966492       15.5841    17       16.6243       14.9619 1.19e+08   10.00%
 10301345 964965       15.4025    13       16.6243       14.9619 1.19e+08   10.00%
Elapsed real time = 1026.30 sec. (tree size = 400.16 MB, solutions = 94)
Nodefile size = 275.66 MB (154.03 MB after compression)
 10338021 961655       14.9764    20       16.6243       14.9764 1.20e+08    9.91%
 10374822 959174       15.1029    18       16.6243       14.9764 1.20e+08    9.91%
 10411309 956956       14.9965    20       16.6243       14.9764 1.20e+08    9.91%
 10447662 954740       14.9764    18       16.6243       14.9764 1.21e+08    9.91%
 10483583 952451       15.1536    21       16.6243       14.9764 1.21e+08    9.91%
 10519681 949844       15.9529    13       16.6243       14.9881 1.21e+08    9.84%
 10559360 944446       15.5132    17       16.6243       14.9931 1.22e+08    9.81%
 10596981 940902       15.2679    17       16.6243       15.0000 1.22e+08    9.77%
 10633224 937286       15.2846    21       16.6243       15.0166 1.22e+08    9.67%
 10672992 930201       15.5986    12       16.6243       15.0392 1.22e+08    9.54%
Elapsed real time = 1055.96 sec. (tree size = 386.07 MB, solutions = 94)
Nodefile size = 264.67 MB (148.13 MB after compression)
 10711406 925740       16.0884    16       16.6243       15.0482 1.23e+08    9.48%
 10749476 921717       15.2803    22       16.6243       15.0482 1.23e+08    9.48%
 10788385 916083       15.2921    20       16.6243       15.0718 1.23e+08    9.34%
 10823405 913518       15.4461    15       16.6243       15.0718 1.24e+08    9.34%
 10859165 911087       15.6032    17       16.6243       15.0718 1.24e+08    9.34%
 10894390 908707       16.5841    12       16.6243       15.0718 1.24e+08    9.34%
 10928702 906736       15.0718    24       16.6243       15.0718 1.25e+08    9.34%
 10960125 905544       15.0718    27       16.6243       15.0718 1.25e+08    9.34%
 10999311 899784       15.4427    11       16.6243       15.0884 1.25e+08    9.24%
 11039511 893169       15.7251    12       16.6243       15.1029 1.26e+08    9.15%
Elapsed real time = 1085.72 sec. (tree size = 371.04 MB, solutions = 94)
Nodefile size = 247.67 MB (138.84 MB after compression)
 11080150 886169       15.6777    19       16.6243       15.1345 1.26e+08    8.96%
 11119170 880710       15.7610    19       16.6243       15.1345 1.26e+08    8.96%
 11158635 874583       15.7803    19       16.6243       15.1581 1.27e+08    8.82%
 11196620 870421       15.1581    19       16.6243       15.1581 1.27e+08    8.82%
 11233689 866632       15.5123    19       16.6243       15.1581 1.27e+08    8.82%
 11270879 862516       15.4260    22       16.6243       15.1581 1.27e+08    8.82%
 11308028 858524       15.1581    14       16.6243       15.1581 1.28e+08    8.82%
 11344930 854690       16.0718    25       16.6243       15.1581 1.28e+08    8.82%
 11381383 851338       15.1983    20       16.6243       15.1581 1.28e+08    8.82%
 11418135 847916       15.1581    19       16.6243       15.1581 1.29e+08    8.82%
Elapsed real time = 1115.58 sec. (tree size = 352.70 MB, solutions = 94)
Nodefile size = 227.67 MB (128.03 MB after compression)
 11454371 844873       15.1581    20       16.6243       15.1581 1.29e+08    8.82%
 11489695 841913       15.5123    15       16.6243       15.1581 1.29e+08    8.82%
 11526644 837473       15.1726    25       16.6243       15.1699 1.30e+08    8.75%
 11567886 830689       15.6747    16       16.6243       15.1747 1.30e+08    8.72%
 11609419 823117       15.3754    20       16.6243       15.1983 1.30e+08    8.58%
 11650827 814651       15.2149    20       16.6243       15.2149 1.31e+08    8.48%
 11691628 807634       15.6614    16       16.6243       15.2208 1.31e+08    8.44%
 11732615 800268       15.2959    26       16.6243       15.2444 1.31e+08    8.30%
 11771970 794665       15.3076    23       16.6243       15.2444 1.32e+08    8.30%
 11810210 789630       15.2444    30       16.6243       15.2444 1.32e+08    8.30%
Elapsed real time = 1145.83 sec. (tree size = 329.19 MB, solutions = 94)
Nodefile size = 210.68 MB (118.78 MB after compression)
 11848674 784432       15.2444    22       16.6243       15.2444 1.32e+08    8.30%
 11887380 779026       16.2208    12       16.6243       15.2444 1.32e+08    8.30%
 11925381 774135       15.8473    16       16.6243       15.2444 1.33e+08    8.30%
 11962737 769999       15.2444    24       16.6243       15.2444 1.33e+08    8.30%
 11999561 765877       15.2444    20       16.6243       15.2444 1.33e+08    8.30%
 12036465 761040       15.8901    21       16.6243       15.2561 1.34e+08    8.23%
 12078573 752615       15.2610     8       16.6243       15.2610 1.34e+08    8.20%
 12118862 745483       15.6222    25       16.6243       15.2679 1.34e+08    8.16%
 12155693 741529       15.2763    15       16.6243       15.2679 1.35e+08    8.16%
 12190937 737565       15.2802    24       16.6243       15.2796 1.35e+08    8.09%
Elapsed real time = 1175.95 sec. (tree size = 308.34 MB, solutions = 94)
Nodefile size = 200.68 MB (113.25 MB after compression)
 12234168 727512    infeasible             16.6243       15.2846 1.35e+08    8.06%
 12276680 717473       15.3012    17       16.6243       15.3012 1.36e+08    7.96%
 12319846 707691       15.3162    13       16.6243       15.3162 1.36e+08    7.87%
 12362333 698308       15.3307    15       16.6243       15.3307 1.36e+08    7.78%
 12402843 689977       15.5123    15       16.6243       15.3352 1.36e+08    7.75%
 12440547 685008       15.3397    19       16.6243       15.3397 1.37e+08    7.73%
*12444855+684425                           16.6243       15.3397 1.37e+08    7.73%
 12463306 682064        cutoff             16.6243       15.3397 1.37e+08    7.73%
 12496167 678175       15.3397    27       16.6243       15.3397 1.37e+08    7.73%
 12538331 668695       15.9764    25       16.6243       15.3508 1.37e+08    7.66%
 12579773 659717       15.3709    11       16.6243       15.3709 1.38e+08    7.54%
Elapsed real time = 1206.89 sec. (tree size = 276.43 MB, solutions = 94)
Nodefile size = 154.71 MB (87.77 MB after compression)
 12624641 646702       15.4025    22       16.6243       15.4025 1.38e+08    7.35%
 12667687 636857       15.4186    20       16.6243       15.4170 1.38e+08    7.26%
 12707644 629391       15.4260    18       16.6243       15.4260 1.39e+08    7.21%
 12746202 622570       15.4260    15       16.6243       15.4260 1.39e+08    7.21%
 12784950 615800       16.0718    15       16.6243       15.4260 1.39e+08    7.21%
 12823317 609280       15.7803    17       16.6243       15.4260 1.40e+08    7.21%
 12860501 603184       15.4260    20       16.6243       15.4260 1.40e+08    7.21%
 12895724 598110       15.8038    15       16.6243       15.4260 1.40e+08    7.21%
 12941203 585834       15.4451    26       16.6243       15.4451 1.41e+08    7.09%
 12986482 572222    infeasible             16.6243       15.4825 1.41e+08    6.87%
Elapsed real time = 1238.02 sec. (tree size = 240.81 MB, solutions = 94)
Nodefile size = 118.75 MB (67.57 MB after compression)
 13031238 559684       15.9068    15       16.6243       15.5123 1.41e+08    6.69%
 13073145 549803       16.0123    20       16.6243       15.5123 1.41e+08    6.69%
 13114141 540395       15.5123    13       16.6243       15.5123 1.42e+08    6.69%
 13154605 531586       15.5123    23       16.6243       15.5123 1.42e+08    6.69%
 13194395 522682    infeasible             16.6243       15.5123 1.42e+08    6.69%
 13234514 513232       15.5290    15       16.6243       15.5268 1.43e+08    6.60%
 13279307 500330       16.0718    17       16.6243       15.5359 1.43e+08    6.55%
 13317304 492172       15.5359    21       16.6243       15.5359 1.43e+08    6.55%
 13354233 485118       15.5359    17       16.6243       15.5359 1.44e+08    6.55%
 13395563 473414       15.7297    17       16.6243       15.5525 1.44e+08    6.45%
Elapsed real time = 1269.22 sec. (tree size = 200.57 MB, solutions = 94)
Nodefile size = 78.84 MB (45.07 MB after compression)
 13443007 455967       15.5841    16       16.6243       15.5841 1.44e+08    6.26%
 13490386 438502       16.0986    16       16.6243       15.5986 1.45e+08    6.17%
 13533593 425370       15.6077    24       16.6243       15.6077 1.45e+08    6.12%
 13577201 411646       15.7487    18       16.6243       15.6222 1.45e+08    6.03%
 13617864 400858       15.6222    28       16.6243       15.6222 1.45e+08    6.03%
 13672486 370272       15.6940    20       16.6243       15.6940 1.46e+08    5.60%
 13731588 332255       15.7803    18       16.6243       15.7803 1.46e+08    5.08%
 13787713 297834       16.1345    13       16.6243       15.8666 1.46e+08    4.56%
 13844540 263465       16.0166    13       16.6243       15.8901 1.47e+08    4.42%
 13901512 228381       15.9619    13       16.6243       15.9619 1.47e+08    3.98%
Elapsed real time = 1304.17 sec. (tree size = 102.17 MB, solutions = 94)
Nodefile size = 22.93 MB (13.31 MB after compression)
 13958736 192132       16.0482    11       16.6243       16.0482 1.47e+08    3.47%
 14001309 172761        cutoff             16.6243       16.1196 1.47e+08    3.04%
 14035975 166440       16.1345    14       16.6243       16.1345 1.47e+08    2.95%
 14068281 164408       16.3784    18       16.6243       16.1581 1.48e+08    2.80%
 14100590 161764       16.1581    17       16.6243       16.1581 1.48e+08    2.80%
 14133548 157757       16.1581    20       16.6243       16.1581 1.48e+08    2.80%
 14165672 153566        cutoff             16.6243       16.1581 1.48e+08    2.80%
 14199137 149394       16.4260    15       16.6243       16.1747 1.49e+08    2.70%
 14230914 147447       16.1983    22       16.6243       16.1983 1.49e+08    2.56%
 14262757 145851       16.2208    21       16.6243       16.2208 1.49e+08    2.43%
Elapsed real time = 1334.67 sec. (tree size = 69.17 MB, solutions = 94)
Nodefile size = 11.95 MB (6.98 MB after compression)
 14294625 144654       16.2208    19       16.6243       16.2208 1.49e+08    2.43%
 14326764 142764       16.2444    10       16.6243       16.2444 1.50e+08    2.29%
 14358498 141965       16.2444    18       16.6243       16.2444 1.50e+08    2.29%
 14389581 141441        cutoff             16.6243       16.2444 1.50e+08    2.29%
 14420231 140812       16.5986    12       16.6243       16.2444 1.50e+08    2.29%
 14451079 140588       16.2444    19       16.6243       16.2444 1.51e+08    2.29%
 14482131 139960    infeasible             16.6243       16.2444 1.51e+08    2.29%
 14513205 139068       16.2444    17       16.6243       16.2444 1.51e+08    2.29%
 14543980 138266       16.5986    14       16.6243       16.2444 1.52e+08    2.29%
 14574630 137704       16.2444    18       16.6243       16.2444 1.52e+08    2.29%
Elapsed real time = 1361.71 sec. (tree size = 65.91 MB, solutions = 94)
Nodefile size = 10.95 MB (6.40 MB after compression)
 14605256 136652       16.2489    20       16.6243       16.2444 1.52e+08    2.29%
 14638445 133389       16.5986    15       16.6243       16.2610 1.52e+08    2.19%
 14668099 131985       16.2679    17       16.6243       16.2679 1.53e+08    2.14%
 14697927 131416       16.5359    20       16.6243       16.2679 1.53e+08    2.14%
 14726239 131950       16.2679    12       16.6243       16.2679 1.53e+08    2.14%
 14758053 129474       16.2846    21       16.6243       16.2846 1.53e+08    2.04%
 14789871 126618       16.3071    14       16.6243       16.3071 1.54e+08    1.91%
 14821841 123989       16.3162    23       16.6243       16.3162 1.54e+08    1.85%
 14852837 122279       16.3307    16       16.6243       16.3307 1.54e+08    1.77%
 14883666 120980       16.3307    14       16.6243       16.3307 1.54e+08    1.77%
Elapsed real time = 1388.85 sec. (tree size = 59.27 MB, solutions = 94)
Nodefile size =  8.95 MB (5.24 MB after compression)
 14914366 119540       16.3307    22       16.6243       16.3307 1.55e+08    1.77%
 14944818 118660       16.3397    16       16.6243       16.3397 1.55e+08    1.71%
 14974293 118500       16.5363    17       16.6243       16.3397 1.55e+08    1.71%
 15004502 117621       16.3397    19       16.6243       16.3397 1.55e+08    1.71%
 15035583 115482       16.3473    12       16.6243       16.3473 1.56e+08    1.67%
 15066381 113864       16.3542    17       16.6243       16.3542 1.56e+08    1.62%
 15094922 113875       16.5123    17       16.6243       16.3542 1.56e+08    1.62%
 15126785 110694       16.3709    19       16.6243       16.3709 1.56e+08    1.52%
 15158600 107444       16.4025    12       16.6243       16.4025 1.57e+08    1.33%
 15190246 105282        cutoff             16.6243       16.4025 1.57e+08    1.33%
Elapsed real time = 1415.54 sec. (tree size = 53.01 MB, solutions = 94)
Nodefile size =  6.97 MB (4.07 MB after compression)
 15221317 103331       16.4260    13       16.6243       16.4260 1.57e+08    1.19%
 15252334 102192       16.4260    13       16.6243       16.4260 1.57e+08    1.19%
 15282664 101723        cutoff             16.6243       16.4260 1.58e+08    1.19%
 15312651 101079       16.4260    20       16.6243       16.4260 1.58e+08    1.19%
 15343452 99981       16.4260    21       16.6243       16.4260 1.58e+08    1.19%
 15373842 99165       16.4260    15       16.6243       16.4260 1.58e+08    1.19%
 15403167 98708       16.4260    25       16.6243       16.4260 1.59e+08    1.19%
 15433582 97810       16.4260    15       16.6243       16.4260 1.59e+08    1.19%
 15463649 96933       16.6149    20       16.6243       16.4260 1.59e+08    1.19%
 15494147 95627       16.4260    15       16.6243       16.4260 1.60e+08    1.19%
Elapsed real time = 1441.92 sec. (tree size = 49.11 MB, solutions = 94)
Nodefile size =  4.97 MB (2.92 MB after compression)
 15524204 94738       16.4260    21       16.6243       16.4260 1.60e+08    1.19%
 15554445 93709        cutoff             16.6243       16.4260 1.60e+08    1.19%
 15584641 92380       16.4260    26       16.6243       16.4260 1.60e+08    1.19%
 15615597 90289       16.4427    15       16.6243       16.4427 1.61e+08    1.09%
 15647300 87273       16.4572    14       16.6243       16.4540 1.61e+08    1.02%
 15678780 84256        cutoff             16.6243       16.4662 1.61e+08    0.95%
 15710346 81658        cutoff             16.6243       16.4888 1.61e+08    0.82%
 15741555 79756       16.4974    11       16.6243       16.4974 1.62e+08    0.76%
 15773156 77445       16.5123    14       16.6243       16.5123 1.62e+08    0.67%
 15804154 75778       16.5123    19       16.6243       16.5123 1.62e+08    0.67%
Elapsed real time = 1468.28 sec. (tree size = 41.24 MB, solutions = 94)
Nodefile size =  3.98 MB (2.32 MB after compression)
 15835035 74273       16.5123    20       16.6243       16.5123 1.62e+08    0.67%
 15866056 73126       16.5123    15       16.6243       16.5123 1.63e+08    0.67%
 15897334 71585        cutoff             16.6243       16.5123 1.63e+08    0.67%
 15928564 70139       16.5123    15       16.6243       16.5123 1.63e+08    0.67%
 15959803 68298       16.5123    14       16.6243       16.5123 1.63e+08    0.67%
 15990322 67100       16.5123    19       16.6243       16.5123 1.64e+08    0.67%
 16021355 65300    infeasible             16.6243       16.5123 1.64e+08    0.67%
 16052300 63753        cutoff             16.6243       16.5123 1.64e+08    0.67%
 16083237 62090       16.5123    18       16.6243       16.5123 1.64e+08    0.67%
 16113869 60916        cutoff             16.6243       16.5123 1.65e+08    0.67%
Elapsed real time = 1494.47 sec. (tree size = 35.36 MB, solutions = 94)
Nodefile size =  3.98 MB (2.32 MB after compression)
 16145721 57503       16.5290    22       16.6243       16.5290 1.65e+08    0.57%
 16177674 54391       16.5359    13       16.6243       16.5359 1.65e+08    0.53%
 16207776 53434       16.5359    14       16.6243       16.5359 1.65e+08    0.53%
 16237122 52972       16.5359    16       16.6243       16.5359 1.66e+08    0.53%
 16267166 52349       16.5359    15       16.6243       16.5359 1.66e+08    0.53%
 16296707 51777       16.5359    14       16.6243       16.5359 1.66e+08    0.53%
 16324708 51496       16.5359    22       16.6243       16.5359 1.66e+08    0.53%
 16353378 51025       16.5359    22       16.6243       16.5359 1.67e+08    0.53%
 16382439 50394       16.5359    29       16.6243       16.5359 1.67e+08    0.53%
 16411527 49512       16.5475    15       16.6243       16.5456 1.67e+08    0.47%
Elapsed real time = 1520.67 sec. (tree size = 30.82 MB, solutions = 94)
Nodefile size =  3.98 MB (2.32 MB after compression)
 16443471 46321        cutoff             16.6243       16.5525 1.68e+08    0.43%
 16474761 43442       16.5525    22       16.6243       16.5525 1.68e+08    0.43%
 16506054 40523       16.6003    10       16.6243       16.5600 1.68e+08    0.39%
 16537567 37605       16.5751    14       16.6243       16.5751 1.68e+08    0.30%
 16569081 35256        cutoff             16.6243       16.5841 1.69e+08    0.24%
 16600312 32752        cutoff             16.6243       16.5986 1.69e+08    0.15%
 16631716 30329       16.5986    14       16.6243       16.5986 1.69e+08    0.15%
 16662982 28472       16.5986    21       16.6243       16.5986 1.69e+08    0.15%
 16693961 26846       16.5986    16       16.6243       16.5986 1.69e+08    0.15%
 16725128 24891       16.5986    10       16.6243       16.5986 1.70e+08    0.15%
Elapsed real time = 1546.78 sec. (tree size = 20.97 MB, solutions = 94)
Nodefile size =  1.00 MB (0.57 MB after compression)
 16756154 23066        cutoff             16.6243       16.5986 1.70e+08    0.15%
 16786941 21564       16.5986    16       16.6243       16.5986 1.70e+08    0.15%
 16817385 20254        cutoff             16.6243       16.5986 1.71e+08    0.15%
 16847752 19140       16.5986    17       16.6243       16.5986 1.71e+08    0.15%
 16877884 17403       16.6077    23       16.6243       16.6070 1.71e+08    0.10%
 16907998 16086       16.6077    16       16.6243       16.6077 1.71e+08    0.10%
 16938584 14377       16.6077    12       16.6243       16.6077 1.72e+08    0.10%
 16969191 12356       16.6153     9       16.6243       16.6153 1.72e+08    0.05%
 17001197  9508       16.6153     9       16.6243       16.6153 1.72e+08    0.05%
 17031977  7685        cutoff             16.6243       16.6222 1.72e+08    0.01%
Elapsed real time = 1572.71 sec. (tree size = 14.12 MB, solutions = 94)
 17061646  7040       16.6222    18       16.6243       16.6222 1.73e+08    0.01%
 17091987  5688       16.6222    15       16.6243       16.6222 1.73e+08    0.01%
 17122628  4403       16.6222    16       16.6243       16.6222 1.73e+08    0.01%
 17152769  3127       16.6222    13       16.6243       16.6222 1.73e+08    0.01%
 17183082  1431       16.6222    25       16.6243       16.6222 1.74e+08    0.01%
 17213060   367       16.6222    20       16.6243       16.6222 1.74e+08    0.01%

Implied bound cuts applied:  510
Flow cuts applied:  104
Mixed integer rounding cuts applied:  148
Gomory fractional cuts applied:  82

Root node processing (before b&c):
  Real time             =    0.12
Parallel b&c, 4 threads:
  Real time             = 1588.82
  Sync time (average)   =    0.85
  Wait time (average)   =    0.01
                          -------
Total (root+branch&cut) = 1588.94 sec.
STATUS : Optimal
Solution status = Optimal
 Number of constraints = 607
Solution value  = 16.6243
c(0)=16.0884 c(1)=12.0884 c(2)=7.33975 c(3)=4.5359 c(4)=6.80385 c(5)=13.0884 c(6)=9.33975 c(7)=14.3564 c(8)=2.80385 c(9)=1.03376e-08 c(10)=2.26795 c(11)=10.694 c(12)=10.3397 c(13)=5.89015 c(14)=16.6243 c(15)=4.93035 c(16)=15.2701 c(17)=11.694 c(18)=7.93035 c(19)=1.35425 c(20)=3.6222 c(21)=0.394449 c(22)=8.93035 c(23)=13.9619 
