55
 numAddVar 253

Graph (V,E) with |V|= 23 and diameter = 6

Coordinates: 
vertex 1 : 0 0
vertex 2 : 1 0
vertex 3 : 2 0
vertex 4 : 3 0
vertex 5 : 4 0
vertex 6 : 0.5 0.866025
vertex 7 : 1.5 0.866025
vertex 8 : 2.5 0.866025
vertex 9 : 3.5 0.866025
vertex 10 : 0 1.73205
vertex 11 : 1 1.73205
vertex 12 : 2 1.73205
vertex 13 : 3 1.73205
vertex 14 : 4 1.73205
vertex 15 : 0.5 2.59808
vertex 16 : 1.5 2.59808
vertex 17 : 2.5 2.59808
vertex 18 : 3.5 2.59808
vertex 19 : 0 3.4641
vertex 20 : 1 3.4641
vertex 21 : 2 3.4641
vertex 22 : 3 3.4641
vertex 23 : 4 3.4641

Distances: 
  0   1   2   3   4   1 1.73205 2.64575 3.60555 1.73205   2 2.64575 3.4641 4.3589 2.64575   3 3.60555 4.3589 3.4641 3.60555   4 4.58258 5.2915 
  1   0   1   2   3   1   1 1.73205 2.64575   2 1.73205   2 2.64575 3.4641 2.64575 2.64575   3 3.60555 3.60555 3.4641 3.60555   4 4.58258 
  2   1   0   1   2 1.73205   1   1 1.73205 2.64575   2 1.73205   2 2.64575   3 2.64575 2.64575   3   4 3.60555 3.4641 3.60555   4 
  3   2   1   0   1 2.64575 1.73205   1   1 3.4641 2.64575   2 1.73205   2 3.60555   3 2.64575 2.64575 4.58258   4 3.60555 3.4641 3.60555 
  4   3   2   1   0 3.60555 2.64575 1.73205   1 4.3589 3.4641 2.64575   2 1.73205 4.3589 3.60555   3 2.64575 5.2915 4.58258   4 3.60555 3.4641 
  1   1 1.73205 2.64575 3.60555   0   1   2   3   1   1 1.73205 2.64575 3.60555 1.73205   2 2.64575 3.4641 2.64575 2.64575   3 3.60555 4.3589 
1.73205   1   1 1.73205 2.64575   1   0   1   2 1.73205   1   1 1.73205 2.64575   2 1.73205   2 2.64575   3 2.64575 2.64575   3 3.60555 
2.64575 1.73205   1   1 1.73205   2   1   0   1 2.64575 1.73205   1   1 1.73205 2.64575   2 1.73205   2 3.60555   3 2.64575 2.64575   3 
3.60555 2.64575 1.73205   1   1   3   2   1   0 3.60555 2.64575 1.73205   1   1 3.4641 2.64575   2 1.73205 4.3589 3.60555   3 2.64575 2.64575 
1.73205   2 2.64575 3.4641 4.3589   1 1.73205 2.64575 3.60555   0   1   2   3   4   1 1.73205 2.64575 3.60555 1.73205   2 2.64575 3.4641 4.3589 
  2 1.73205   2 2.64575 3.4641   1   1 1.73205 2.64575   1   0   1   2   3   1   1 1.73205 2.64575   2 1.73205   2 2.64575 3.4641 
2.64575   2 1.73205   2 2.64575 1.73205   1   1 1.73205   2   1   0   1   2 1.73205   1   1 1.73205 2.64575   2 1.73205   2 2.64575 
3.4641 2.64575   2 1.73205   2 2.64575 1.73205   1   1   3   2   1   0   1 2.64575 1.73205   1   1 3.4641 2.64575   2 1.73205   2 
4.3589 3.4641 2.64575   2 1.73205 3.60555 2.64575 1.73205   1   4   3   2   1   0 3.60555 2.64575 1.73205   1 4.3589 3.4641 2.64575   2 1.73205 
2.64575 2.64575   3 3.60555 4.3589 1.73205   2 2.64575 3.4641   1   1 1.73205 2.64575 3.60555   0   1   2   3   1   1 1.73205 2.64575 3.60555 
  3 2.64575 2.64575   3 3.60555   2 1.73205   2 2.64575 1.73205   1   1 1.73205 2.64575   1   0   1   2 1.73205   1   1 1.73205 2.64575 
3.60555   3 2.64575 2.64575   3 2.64575   2 1.73205   2 2.64575 1.73205   1   1 1.73205   2   1   0   1 2.64575 1.73205   1   1 1.73205 
4.3589 3.60555   3 2.64575 2.64575 3.4641 2.64575   2 1.73205 3.60555 2.64575 1.73205   1   1   3   2   1   0 3.60555 2.64575 1.73205   1   1 
3.4641 3.60555   4 4.58258 5.2915 2.64575   3 3.60555 4.3589 1.73205   2 2.64575 3.4641 4.3589   1 1.73205 2.64575 3.60555   0   1   2   3   4 
3.60555 3.4641 3.60555   4 4.58258 2.64575 2.64575   3 3.60555   2 1.73205   2 2.64575 3.4641   1   1 1.73205 2.64575   1   0   1   2   3 
  4 3.60555 3.4641 3.60555   4   3 2.64575 2.64575   3 2.64575   2 1.73205   2 2.64575 1.73205   1   1 1.73205   2   1   0   1   2 
4.58258   4 3.60555 3.4641 3.60555 3.60555   3 2.64575 2.64575 3.4641 2.64575   2 1.73205   2 2.64575 1.73205   1   1   3   2   1   0   1 
5.2915 4.58258   4 3.60555 3.4641 4.3589 3.60555   3 2.64575 4.3589 3.4641 2.64575   2 1.73205 3.60555 2.64575 1.73205   1   4   3   2   1   0 
d: 
  0   2   1   0   0   2 1.26795 0.354249   0 1.26795   1 0.354249   0   0 0.354249   0   0   0   0   0   0   0   0 
  2   0   2   1   0   2   2 1.26795 0.354249   1 1.26795   1 0.354249   0 0.354249 0.354249   0   0   0   0   0   0   0 
  1   2   0   2   1 1.26795   2   2 1.26795 0.354249   1 1.26795   1 0.354249   0 0.354249 0.354249   0   0   0   0   0   0 
  0   1   2   0   2 0.354249 1.26795   2   2   0 0.354249   1 1.26795   1   0   0 0.354249 0.354249   0   0   0   0   0 
  0   0   1   2   0   0 0.354249 1.26795   2   0   0 0.354249   1 1.26795   0   0   0 0.354249   0   0   0   0   0 
  2   2 1.26795 0.354249   0   0   2   1   0   2   2 1.26795 0.354249   0 1.26795   1 0.354249   0 0.354249 0.354249   0   0   0 
1.26795   2   2 1.26795 0.354249   2   0   2   1 1.26795   2   2 1.26795 0.354249   1 1.26795   1 0.354249   0 0.354249 0.354249   0   0 
0.354249 1.26795   2   2 1.26795   1   2   0   2 0.354249 1.26795   2   2 1.26795 0.354249   1 1.26795   1   0   0 0.354249 0.354249   0 
  0 0.354249 1.26795   2   2   0   1   2   0   0 0.354249 1.26795   2   2   0 0.354249   1 1.26795   0   0   0 0.354249 0.354249 
1.26795   1 0.354249   0   0   2 1.26795 0.354249   0   0   2   1   0   0   2 1.26795 0.354249   0 1.26795   1 0.354249   0   0 
  1 1.26795   1 0.354249   0   2   2 1.26795 0.354249   2   0   2   1   0   2   2 1.26795 0.354249   1 1.26795   1 0.354249   0 
0.354249   1 1.26795   1 0.354249 1.26795   2   2 1.26795   1   2   0   2   1 1.26795   2   2 1.26795 0.354249   1 1.26795   1 0.354249 
  0 0.354249   1 1.26795   1 0.354249 1.26795   2   2   0   1   2   0   2 0.354249 1.26795   2   2   0 0.354249   1 1.26795   1 
  0   0 0.354249   1 1.26795   0 0.354249 1.26795   2   0   0   1   2   0   0 0.354249 1.26795   2   0   0 0.354249   1 1.26795 
0.354249 0.354249   0   0   0 1.26795   1 0.354249   0   2   2 1.26795 0.354249   0   0   2   1   0   2   2 1.26795 0.354249   0 
  0 0.354249 0.354249   0   0   1 1.26795   1 0.354249 1.26795   2   2 1.26795 0.354249   2   0   2   1 1.26795   2   2 1.26795 0.354249 
  0   0 0.354249 0.354249   0 0.354249   1 1.26795   1 0.354249 1.26795   2   2 1.26795   1   2   0   2 0.354249 1.26795   2   2 1.26795 
  0   0   0 0.354249 0.354249   0 0.354249   1 1.26795   0 0.354249 1.26795   2   2   0   1   2   0   0 0.354249 1.26795   2   2 
  0   0   0   0   0 0.354249   0   0   0 1.26795   1 0.354249   0   0   2 1.26795 0.354249   0   0   2   1   0   0 
  0   0   0   0   0 0.354249 0.354249   0   0   1 1.26795   1 0.354249   0   2   2 1.26795 0.354249   2   0   2   1   0 
  0   0   0   0   0   0 0.354249 0.354249   0 0.354249   1 1.26795   1 0.354249 1.26795   2   2 1.26795   1   2   0   2   1 
  0   0   0   0   0   0   0 0.354249 0.354249   0 0.354249   1 1.26795   1 0.354249 1.26795   2   2   0   1   2   0   2 
  0   0   0   0   0   0   0   0 0.354249   0   0 0.354249   1 1.26795   0 0.354249 1.26795   2   0   0   1   2   0 

max distance : 2
Number of variables 277
Tried aggregator 1 time.
MIP Presolve eliminated 23 rows and 1 columns.
Reduced MIP has 557 rows, 277 columns, and 1648 nonzeros.
Reduced MIP has 253 binaries, 0 generals, 0 SOSs, and 0 indicators.
Probing time =    0.00 sec.
Tried aggregator 1 time.
Presolve time =    0.00 sec.
Probing time =    0.00 sec.
MIP emphasis: balance optimality and feasibility.
MIP search method: dynamic search.
Parallel mode: deterministic, using up to 4 threads.
Root relaxation solution time =    0.00 sec.

        Nodes                                         Cuts/
   Node  Left     Objective  IInf  Best Integer    Best Bound    ItCnt     Gap

*     0+    0                           36.0000                    200     --- 
      0     0        2.0000   171       36.0000        2.0000      200   94.44%
      0     0        2.0657   171       36.0000     Cuts: 239      469   94.26%
      0     0        2.4701   158       36.0000     Cuts: 227      623   93.14%
      0     0        3.2113   160       36.0000     Cuts: 188      781   91.08%
      0     0        3.2113   158       36.0000      Cuts: 81      861   91.08%
      0     0        3.2113   175       36.0000      Cuts: 98      943   91.08%
*     0+    0                           16.9384        3.2113      943   81.04%
      0     2        3.2113   175       16.9384        3.2113      943   81.04%
Elapsed real time =   0.10 sec. (tree size =  0.01 MB, solutions = 2)
*    67+   67                           16.2299        3.7560     4987   76.86%
*    77+   77                           15.0247        3.7560     5311   75.00%
*   101+  101                           14.8666        3.7560     6053   74.74%
*   150+  150                           14.2444        3.7560     7358   73.63%
*   174+  174                           13.8666        3.7560     7767   72.91%
*   256   254      integral     0       13.7803        3.7560     9156   72.74%
*   378   366      integral     0       13.6940        3.7560    11421   72.57%
*   398+  371                           13.2299        3.7560    11515   71.61%
*   564+  521                           13.0627        3.7637    15837   71.19%
*   653   599      integral     0       13.0482        3.7637    16965   71.16%
*   753+  674                           12.7803        3.7637    18061   70.55%
*   793   704      integral     0       11.7567        3.7637    18600   67.99%
*   797   703      integral     0       11.5123        3.7637    18624   67.31%
*  1357  1086      integral     0       11.4260        4.0000    32142   64.99%
*  1361  1085      integral     0       11.2444        4.0000    32184   64.43%
   1565  1212        6.0000    40       11.2444        4.0000    37524   64.43%
*  1573+ 1218                           11.2208        4.0000    37755   64.35%
*  1573+ 1218                           11.1581        4.0000    37755   64.15%
   2462  1855        3.4920   139       11.1581        4.0917    60850   63.33%
   3541  1506        6.6222    35       11.1581        4.1786    81761   62.55%
Elapsed real time =   1.91 sec. (tree size =  0.51 MB, solutions = 22)
*  3850  1366      integral     0       11.1345        4.4226    88513   60.28%
*  4027  1296      integral     0       11.1255        4.4226    91867   60.25%
*  4159+ 1271                           10.9529        4.4226    94418   59.62%
*  4167  1246      integral     0       10.8666        4.4226    94577   59.30%
*  4552  1436      integral     0       10.7803        4.5447   103289   57.84%
*  4815+ 1590                           10.7712        4.6057   108922   57.24%
*  4823  1595      integral     0       10.6849        4.6057   109108   56.90%
*  4944  1661      integral     0       10.5986        4.6667   111671   55.97%
*  5999  2262      integral     0       10.4260        4.8453   133494   53.53%
*  6687  2590      integral     0       10.2444        4.9648   148752   51.54%
  12256  5161        8.0000    26       10.2444        5.4514   264811   46.79%
* 13111  5538      integral     0        9.9764        5.6300   282265   43.57%
Elapsed real time =   3.22 sec. (tree size =  1.93 MB, solutions = 34)
* 15747  6450      integral     0        9.8666        5.9019   331462   40.18%
  21522  8405        8.1340    21        9.8666        6.1132   439064   38.04%
* 23393  8948      integral     0        9.7803        6.2679   473534   35.91%
  29260  9901    infeasible              9.7803        6.5359   573824   33.17%
  36015 10775        8.5359    26        9.7803        6.8438   681388   30.02%
  43670 11295        8.9673    20        9.7803        7.1699   785603   26.69%
  51702 11588        8.5359    19        9.7803        7.2679   891971   25.69%
  60192 11726        8.4019    39        9.7803        7.5359   985587   22.95%
  70242 10793        7.8038    29        9.7803        7.8038  1069848   20.21%
  80552  9638        8.0270    29        9.7803        8.0000  1156037   18.20%
Elapsed real time =  10.32 sec. (tree size =  3.75 MB, solutions = 37)
  91674  7878        8.2679    26        9.7803        8.2679  1234666   15.46%
 104492  3889        8.5431    17        9.7803        8.5359  1311313   12.72%

Cover cuts applied:  3
Implied bound cuts applied:  269
Flow cuts applied:  104
Mixed integer rounding cuts applied:  211
Gomory fractional cuts applied:  33

Root node processing (before b&c):
  Real time             =    0.10
Parallel b&c, 4 threads:
  Real time             =   12.49
  Sync time (average)   =    0.01
  Wait time (average)   =    0.00
                          -------
Total (root+branch&cut) =   12.59 sec.
STATUS : Optimal
Solution status = Optimal
 Number of constraints = 580
Solution value  = 9.78029
c(0)=4.80385 c(1)=2.5359 c(2)=0 c(3)=8.78029 c(4)=6.51234 c(5)=8.42605 c(6)=6.1581 c(7)=3.89015 c(8)=1.6222 c(9)=3.5359 c(10)=1.26795 c(11)=9.78029 c(12)=7.51234 c(13)=5.2444 c(14)=7.1581 c(15)=4.89015 c(16)=2.6222 c(17)=0.354249 c(18)=2.26795 c(19)=0 c(20)=8.51234 c(21)=6.2444 c(22)=3.97645 
