 numAddVar 300

Graph (V,E) with |V|= 25 and diameter = 8

Coordinates: 
vertex 1 : 0 0
vertex 2 : 1 0
vertex 3 : 2 0
vertex 4 : 3 0
vertex 5 : 4 0
vertex 6 : 0 1
vertex 7 : 1 1
vertex 8 : 2 1
vertex 9 : 3 1
vertex 10 : 4 1
vertex 11 : 0 2
vertex 12 : 1 2
vertex 13 : 2 2
vertex 14 : 3 2
vertex 15 : 4 2
vertex 16 : 0 3
vertex 17 : 1 3
vertex 18 : 2 3
vertex 19 : 3 3
vertex 20 : 4 3
vertex 21 : 0 4
vertex 22 : 1 4
vertex 23 : 2 4
vertex 24 : 3 4
vertex 25 : 4 4

Distances: 
  0   1   2   3   4   1 1.41421 2.23607 3.16228 4.12311   2 2.23607 2.82843 3.60555 4.47214   3 3.16228 3.60555 4.24264   5   4 4.12311 4.47214   5 5.65685 
  1   0   1   2   3 1.41421   1 1.41421 2.23607 3.16228 2.23607   2 2.23607 2.82843 3.60555 3.16228   3 3.16228 3.60555 4.24264 4.12311   4 4.12311 4.47214   5 
  2   1   0   1   2 2.23607 1.41421   1 1.41421 2.23607 2.82843 2.23607   2 2.23607 2.82843 3.60555 3.16228   3 3.16228 3.60555 4.47214 4.12311   4 4.12311 4.47214 
  3   2   1   0   1 3.16228 2.23607 1.41421   1 1.41421 3.60555 2.82843 2.23607   2 2.23607 4.24264 3.60555 3.16228   3 3.16228   5 4.47214 4.12311   4 4.12311 
  4   3   2   1   0 4.12311 3.16228 2.23607 1.41421   1 4.47214 3.60555 2.82843 2.23607   2   5 4.24264 3.60555 3.16228   3 5.65685   5 4.47214 4.12311   4 
  1 1.41421 2.23607 3.16228 4.12311   0   1   2   3   4   1 1.41421 2.23607 3.16228 4.12311   2 2.23607 2.82843 3.60555 4.47214   3 3.16228 3.60555 4.24264   5 
1.41421   1 1.41421 2.23607 3.16228   1   0   1   2   3 1.41421   1 1.41421 2.23607 3.16228 2.23607   2 2.23607 2.82843 3.60555 3.16228   3 3.16228 3.60555 4.24264 
2.23607 1.41421   1 1.41421 2.23607   2   1   0   1   2 2.23607 1.41421   1 1.41421 2.23607 2.82843 2.23607   2 2.23607 2.82843 3.60555 3.16228   3 3.16228 3.60555 
3.16228 2.23607 1.41421   1 1.41421   3   2   1   0   1 3.16228 2.23607 1.41421   1 1.41421 3.60555 2.82843 2.23607   2 2.23607 4.24264 3.60555 3.16228   3 3.16228 
4.12311 3.16228 2.23607 1.41421   1   4   3   2   1   0 4.12311 3.16228 2.23607 1.41421   1 4.47214 3.60555 2.82843 2.23607   2   5 4.24264 3.60555 3.16228   3 
  2 2.23607 2.82843 3.60555 4.47214   1 1.41421 2.23607 3.16228 4.12311   0   1   2   3   4   1 1.41421 2.23607 3.16228 4.12311   2 2.23607 2.82843 3.60555 4.47214 
2.23607   2 2.23607 2.82843 3.60555 1.41421   1 1.41421 2.23607 3.16228   1   0   1   2   3 1.41421   1 1.41421 2.23607 3.16228 2.23607   2 2.23607 2.82843 3.60555 
2.82843 2.23607   2 2.23607 2.82843 2.23607 1.41421   1 1.41421 2.23607   2   1   0   1   2 2.23607 1.41421   1 1.41421 2.23607 2.82843 2.23607   2 2.23607 2.82843 
3.60555 2.82843 2.23607   2 2.23607 3.16228 2.23607 1.41421   1 1.41421   3   2   1   0   1 3.16228 2.23607 1.41421   1 1.41421 3.60555 2.82843 2.23607   2 2.23607 
4.47214 3.60555 2.82843 2.23607   2 4.12311 3.16228 2.23607 1.41421   1   4   3   2   1   0 4.12311 3.16228 2.23607 1.41421   1 4.47214 3.60555 2.82843 2.23607   2 
  3 3.16228 3.60555 4.24264   5   2 2.23607 2.82843 3.60555 4.47214   1 1.41421 2.23607 3.16228 4.12311   0   1   2   3   4   1 1.41421 2.23607 3.16228 4.12311 
3.16228   3 3.16228 3.60555 4.24264 2.23607   2 2.23607 2.82843 3.60555 1.41421   1 1.41421 2.23607 3.16228   1   0   1   2   3 1.41421   1 1.41421 2.23607 3.16228 
3.60555 3.16228   3 3.16228 3.60555 2.82843 2.23607   2 2.23607 2.82843 2.23607 1.41421   1 1.41421 2.23607   2   1   0   1   2 2.23607 1.41421   1 1.41421 2.23607 
4.24264 3.60555 3.16228   3 3.16228 3.60555 2.82843 2.23607   2 2.23607 3.16228 2.23607 1.41421   1 1.41421   3   2   1   0   1 3.16228 2.23607 1.41421   1 1.41421 
  5 4.24264 3.60555 3.16228   3 4.47214 3.60555 2.82843 2.23607   2 4.12311 3.16228 2.23607 1.41421   1   4   3   2   1   0 4.12311 3.16228 2.23607 1.41421   1 
  4 4.12311 4.47214   5 5.65685   3 3.16228 3.60555 4.24264   5   2 2.23607 2.82843 3.60555 4.47214   1 1.41421 2.23607 3.16228 4.12311   0   1   2   3   4 
4.12311   4 4.12311 4.47214   5 3.16228   3 3.16228 3.60555 4.24264 2.23607   2 2.23607 2.82843 3.60555 1.41421   1 1.41421 2.23607 3.16228   1   0   1   2   3 
4.47214 4.12311   4 4.12311 4.47214 3.60555 3.16228   3 3.16228 3.60555 2.82843 2.23607   2 2.23607 2.82843 2.23607 1.41421   1 1.41421 2.23607   2   1   0   1   2 
  5 4.47214 4.12311   4 4.12311 4.24264 3.60555 3.16228   3 3.16228 3.60555 2.82843 2.23607   2 2.23607 3.16228 2.23607 1.41421   1 1.41421   3   2   1   0   1 
5.65685   5 4.47214 4.12311   4   5 4.24264 3.60555 3.16228   3 4.47214 3.60555 2.82843 2.23607   2 4.12311 3.16228 2.23607 1.41421   1   4   3   2   1   0 
d: 
  0   0   0   0   0   0   0   0   0   0   0   0   0   0   0   0   0   0   0   0   0   0   0   0   0 
  2   0   0   0   0   0   0   0   0   0   0   0   0   0   0   0   0   0   0   0   0   0   0   0   0 
  1   2   0   0   0   0   0   0   0   0   0   0   0   0   0   0   0   0   0   0   0   0   0   0   0 
  0   1   2   0   0   0   0   0   0   0   0   0   0   0   0   0   0   0   0   0   0   0   0   0   0 
  0   0   1   2   0   0   0   0   0   0   0   0   0   0   0   0   0   0   0   0   0   0   0   0   0 
  2 1.58579 0.763932   0   0   0   0   0   0   0   0   0   0   0   0   0   0   0   0   0   0   0   0   0   0 
1.58579   2 1.58579 0.763932   0   2   0   0   0   0   0   0   0   0   0   0   0   0   0   0   0   0   0   0   0 
0.763932 1.58579   2 1.58579 0.763932   1   2   0   0   0   0   0   0   0   0   0   0   0   0   0   0   0   0   0   0 
  0 0.763932 1.58579   2 1.58579   0   1   2   0   0   0   0   0   0   0   0   0   0   0   0   0   0   0   0   0 
  0   0 0.763932 1.58579   2   0   0   1   2   0   0   0   0   0   0   0   0   0   0   0   0   0   0   0   0 
  1 0.763932 0.171573   0   0   2 1.58579 0.763932   0   0   0   0   0   0   0   0   0   0   0   0   0   0   0   0   0 
0.763932   1 0.763932 0.171573   0 1.58579   2 1.58579 0.763932   0   2   0   0   0   0   0   0   0   0   0   0   0   0   0   0 
0.171573 0.763932   1 0.763932 0.171573 0.763932 1.58579   2 1.58579 0.763932   1   2   0   0   0   0   0   0   0   0   0   0   0   0   0 
  0 0.171573 0.763932   1 0.763932   0 0.763932 1.58579   2 1.58579   0   1   2   0   0   0   0   0   0   0   0   0   0   0   0 
  0   0 0.171573 0.763932   1   0   0 0.763932 1.58579   2   0   0   1   2   0   0   0   0   0   0   0   0   0   0   0 
  0   0   0   0   0   1 0.763932 0.171573   0   0   2 1.58579 0.763932   0   0   0   0   0   0   0   0   0   0   0   0 
  0   0   0   0   0 0.763932   1 0.763932 0.171573   0 1.58579   2 1.58579 0.763932   0   2   0   0   0   0   0   0   0   0   0 
  0   0   0   0   0 0.171573 0.763932   1 0.763932 0.171573 0.763932 1.58579   2 1.58579 0.763932   1   2   0   0   0   0   0   0   0   0 
  0   0   0   0   0   0 0.171573 0.763932   1 0.763932   0 0.763932 1.58579   2 1.58579   0   1   2   0   0   0   0   0   0   0 
  0   0   0   0   0   0   0 0.171573 0.763932   1   0   0 0.763932 1.58579   2   0   0   1   2   0   0   0   0   0   0 
  0   0   0   0   0   0   0   0   0   0   1 0.763932 0.171573   0   0   2 1.58579 0.763932   0   0   0   0   0   0   0 
  0   0   0   0   0   0   0   0   0   0 0.763932   1 0.763932 0.171573   0 1.58579   2 1.58579 0.763932   0   2   0   0   0   0 
  0   0   0   0   0   0   0   0   0   0 0.171573 0.763932   1 0.763932 0.171573 0.763932 1.58579   2 1.58579 0.763932   1   2   0   0   0 
  0   0   0   0   0   0   0   0   0   0   0 0.171573 0.763932   1 0.763932   0 0.763932 1.58579   2 1.58579   0   1   2   0   0 
  0   0   0   0   0   0   0   0   0   0   0   0 0.171573 0.763932   1   0   0 0.763932 1.58579   2   0   0   1   2   0 

max distance : 2
Tighted Bounds for Lambda:   old LB=6  old UB = 12
    Versuch 1  :Tried aggregator 1 time.
MIP Presolve eliminated 52 rows and 2 columns.
MIP Presolve modified 900 coefficients.
Reduced MIP has 600 rows, 325 columns, and 1800 nonzeros.
Reduced MIP has 300 binaries, 0 generals, 0 SOSs, and 0 indicators.
Probing time =    0.00 sec.
Tried aggregator 1 time.
Presolve time =    0.00 sec.
Probing time =    0.00 sec.
MIP emphasis: balance optimality and feasibility.
MIP search method: dynamic search.
Parallel mode: deterministic, using up to 4 threads.
Root relaxation solution time =    0.00 sec.

        Nodes                                         Cuts/
   Node  Left     Objective  IInf  Best Integer    Best Bound    ItCnt     Gap

      0     0        0.0000   101                      0.0000      135         
      0     0        0.0000    53                    Cuts: 18      180         
      0     0        0.0000    66                   Cuts: 165      279         
      0     0        0.0000    53                    Cuts: 27      340         
      0     0        0.0000    44                    Cuts: 28      382         
      0     0        0.0000    54                    Cuts: 12      421         
      0     2        0.0000    35                      0.0000      421         
Elapsed real time =   0.12 sec. (tree size =  0.01 MB, solutions = 0)
   2238   382        0.0000    21                      0.0000    26106         
   4897   463        0.0000    15                      0.0000    52565         
   5103   456        0.0000    27                      0.0000    54958         
   6946   340        0.0000    18                      0.0000    75457         
   7510   406        0.0000    34                      0.0000    81256         
   8025    72        0.0000    33                      0.0000   100466         
   9040   160        0.0000    18                      0.0000   134734         
  10039   121        0.0000    26                      0.0000   170192         
* 10162    87      integral     0        0.0000        0.0000   174126    0.00%

Root node processing (before b&c):
  Real time             =    0.11
Parallel b&c, 4 threads:
  Real time             =    2.34
  Sync time (average)   =    0.01
  Wait time (average)   =    0.00
                          -------
Total (root+branch&cut) =    2.45 sec.
  new LB=6  new UB = 9
    Versuch 2  :Tried aggregator 1 time.
MIP Presolve eliminated 52 rows and 2 columns.
MIP Presolve modified 900 coefficients.
Reduced MIP has 600 rows, 325 columns, and 1800 nonzeros.
Reduced MIP has 300 binaries, 0 generals, 0 SOSs, and 0 indicators.
Probing time =    0.00 sec.
Tried aggregator 1 time.
Presolve time =    0.00 sec.
Probing time =    0.00 sec.
MIP emphasis: balance optimality and feasibility.
MIP search method: dynamic search.
Parallel mode: deterministic, using up to 4 threads.
Root relaxation solution time =    0.00 sec.

        Nodes                                         Cuts/
   Node  Left     Objective  IInf  Best Integer    Best Bound    ItCnt     Gap

      0     0        0.0000   158                      0.0000      169         
      0     0        0.0000    59                    Cuts: 21      203         
      0     0        0.0000    87                   Cuts: 250      326         
      0     0        0.0000    49                    Cuts: 42      353         
      0     0        0.0000    56                   Cuts: 163      417         
      0     2        0.0000    39                      0.0000      417         
Elapsed real time =   0.11 sec. (tree size =  0.01 MB, solutions = 0)
   1830   108        0.0000    23                      0.0000    29590         
   3804    79        0.0000    26                      0.0000    60410         
   5852   115        0.0000    21                      0.0000    92102         
   6131   100        0.0000    33                      0.0000    96924         
   7380   233        0.0000    28                      0.0000   112748         
   8495   220        0.0000    50                      0.0000   125510         
Elapsed real time =   1.97 sec. (tree size =  0.17 MB, solutions = 0)
   8788    79        0.0000    25                      0.0000   142188         
   9552    77        0.0000    65                      0.0000   189675         
  10206    87        0.0000    23                      0.0000   234953         
  10829    64        0.0000    52                      0.0000   281504         
  11505    59        0.0001    58                      0.0000   329157         
  12179    39        0.0000    30                      0.0000   376647         
  12875    52        0.0000    44                      0.0000   425050         
  13470    43        0.0000    49                      0.0000   473895         
  14211    49        0.0000    37                      0.0000   523668         
  17053    18        0.0000    37                      0.0000   697644         
Elapsed real time =   4.98 sec. (tree size =  0.02 MB, solutions = 0)

Root node processing (before b&c):
  Real time             =    0.11
Parallel b&c, 4 threads:
  Real time             =    5.25
  Sync time (average)   =    0.01
  Wait time (average)   =    0.00
                          -------
Total (root+branch&cut) =    5.36 sec.
  new LB=7.5  new UB = 9
    Versuch 3  :Tried aggregator 1 time.
MIP Presolve eliminated 52 rows and 2 columns.
MIP Presolve modified 900 coefficients.
Reduced MIP has 600 rows, 325 columns, and 1800 nonzeros.
Reduced MIP has 300 binaries, 0 generals, 0 SOSs, and 0 indicators.
Probing time =    0.00 sec.
Tried aggregator 1 time.
Presolve time =    0.00 sec.
Probing time =    0.00 sec.
MIP emphasis: balance optimality and feasibility.
MIP search method: dynamic search.
Parallel mode: deterministic, using up to 4 threads.
Root relaxation solution time =    0.00 sec.

        Nodes                                         Cuts/
   Node  Left     Objective  IInf  Best Integer    Best Bound    ItCnt     Gap

      0     0        0.0000    99                      0.0000      129         
      0     0        0.0000    42                    Cuts: 13      157         
      0     0        0.0000    62                   Cuts: 220      268         
      0     0        0.0000    46                    Cuts: 36      332         
      0     0        0.0000    49                   Cuts: 127      380         
      0     2        0.0000    49                      0.0000      380         
Elapsed real time =   0.14 sec. (tree size =  0.01 MB, solutions = 0)
   1970   190        0.0000    23                      0.0000    27729         
   3982   197        0.0000    21                      0.0000    56933         
   4969   303        0.0000    31                      0.0000    72933         
   6742   266        0.0000    22                      0.0000    90962         
   7327   345        0.0000    42                      0.0000    96743         
   7806   101        0.0000    32                      0.0000   115596         
   8814   119        0.0000    22                      0.0000   154925         
   9833   124        0.0000    29                      0.0000   192481         
  10882   156        0.0000    37                      0.0000   233372         
  15526   228        0.0000    32                      0.0000   400463         
Elapsed real time =   3.65 sec. (tree size =  0.03 MB, solutions = 0)
  20439    73    infeasible                            0.0000   576179         

Root node processing (before b&c):
  Real time             =    0.13
Parallel b&c, 4 threads:
  Real time             =    4.64
  Sync time (average)   =    0.01
  Wait time (average)   =    0.00
                          -------
Total (root+branch&cut) =    4.77 sec.
  new LB=8.25  new UB = 9
    Versuch 4  :Tried aggregator 1 time.
MIP Presolve eliminated 52 rows and 2 columns.
MIP Presolve modified 900 coefficients.
Reduced MIP has 600 rows, 325 columns, and 1800 nonzeros.
Reduced MIP has 300 binaries, 0 generals, 0 SOSs, and 0 indicators.
Probing time =    0.00 sec.
Tried aggregator 1 time.
Presolve time =    0.00 sec.
Probing time =    0.00 sec.
MIP emphasis: balance optimality and feasibility.
MIP search method: dynamic search.
Parallel mode: deterministic, using up to 4 threads.
Root relaxation solution time =    0.00 sec.

        Nodes                                         Cuts/
   Node  Left     Objective  IInf  Best Integer    Best Bound    ItCnt     Gap

      0     0        0.0000   102                      0.0000      133         
      0     0        0.0000    49                    Cuts: 13      159         
      0     0        0.0000    65                   Cuts: 241      279         
      0     0        0.0000    44                    Cuts: 25      299         
      0     0        0.0000    56                   Cuts: 113      377         
      0     2        0.0000    36                      0.0000      377         
Elapsed real time =   0.12 sec. (tree size =  0.01 MB, solutions = 0)
   2272   147        0.0000    16                      0.0000    27657         
   4589   230        0.0000    18                      0.0000    57851         
   4927   248        0.0000    27                      0.0000    62733         
   6178   359        0.0000    21                      0.0000    78296         
   7293   434        0.0000    45                      0.0000    89632         
   7743   133        0.0000    20                      0.0000   105835         
   8697   110        0.0000    28                      0.0000   142564         
   9726   129        0.0000    24                      0.0000   178496         
  10784   104        0.0000    26                      0.0000   216076         
  15165   118        0.0000    19                      0.0000   375939         
Elapsed real time =   3.67 sec. (tree size =  0.02 MB, solutions = 0)
  19658   107        0.0000    25                      0.0000   544620         
  24222   124        0.0000    23                      0.0000   716468         
  29209   151        0.0000    29                      0.0000   885408         
  33946   174        0.0000    29                      0.0000  1056291         
  38604   150        0.0000    33                      0.0000  1229622         
  43461   197        0.0000    30                      0.0000  1402377         
  48120   174        0.0000    27                      0.0000  1576462         
  53029   145        0.0000    33                      0.0000  1750445         
  57973   164        0.0000    25                      0.0000  1921345         
  62680   157        0.0000    24                      0.0000  2092896         
Elapsed real time =  12.67 sec. (tree size =  0.02 MB, solutions = 0)
  67517   246        0.0000    28                      0.0000  2265723         
  72327   164        0.0000    22                      0.0000  2438874         
  77129   167        0.0000    27                      0.0000  2616242         
  81844   137        0.0000    22                      0.0000  2791267         
  86793   116        0.0000    19                      0.0000  2964863         
  91744   107        0.0000    30                      0.0000  3137975         
  96779    98        0.0000    30                      0.0000  3313409         
 101666    94        0.0000    43                      0.0000  3488378         
 106640    73        0.0000    39                      0.0000  3663050         

Root node processing (before b&c):
  Real time             =    0.12
Parallel b&c, 4 threads:
  Real time             =   21.49
  Sync time (average)   =    0.02
  Wait time (average)   =    0.00
                          -------
Total (root+branch&cut) =   21.61 sec.
  new LB=8.625  new UB = 9
Tried aggregator 1 time.
MIP Presolve eliminated 27 rows and 1 columns.
MIP Presolve modified 900 coefficients.
Reduced MIP has 625 rows, 326 columns, and 1850 nonzeros.
Reduced MIP has 300 binaries, 0 generals, 0 SOSs, and 0 indicators.
Probing time =    0.00 sec.
Tried aggregator 1 time.
Presolve time =    0.00 sec.
Probing time =    0.00 sec.
MIP emphasis: balance optimality and feasibility.
MIP search method: dynamic search.
Parallel mode: deterministic, using up to 4 threads.
Root relaxation solution time =    0.00 sec.

        Nodes                                         Cuts/
   Node  Left     Objective  IInf  Best Integer    Best Bound    ItCnt     Gap

      0     0        8.6250   158                      8.6250      169         
      0     0        8.6250    55                    Cuts: 15      197         
      0     0        8.6250    76                   Cuts: 183      309         
      0     0        8.6250    48                     Cuts: 5      314         
      0     0        8.6250    60                   Cuts: 172      380         
      0     2        8.6250    49                      8.6250      380         
Elapsed real time =   0.13 sec. (tree size =  0.01 MB, solutions = 0)
   2049   263        8.6250    22                      8.6250    25621         
   4344   364        8.6250    17                      8.6250    51694         
   5054   404        8.6250    25                      8.6250    61267         
   6533   507        8.6250    23                      8.6250    78344         
   7448   686        8.6250    46                      8.6250    87866         
   7764   196        8.7574    21                      8.6250   100020         
   8806    95        8.9355    20                      8.6250   135056         
   9858   121        8.6250    27                      8.6250   169609         
  10855   139        8.6250    24                      8.6250   206175         
* 12565   163      integral     0        8.6929        8.6250   266132    0.78%
Elapsed real time =   3.15 sec. (tree size =  0.03 MB, solutions = 0)
* 13655   186      integral     0        8.6349        8.6250   307535    0.12%
  17735   164        8.6250    36        8.6349        8.6250   457327    0.12%
  21824   186        8.6250    25        8.6349        8.6250   612806    0.12%
  25889   160        8.6250    40        8.6349        8.6250   767167    0.12%
  29789   221        8.6250    32        8.6349        8.6250   926964    0.12%
  33947   215        8.6250    29        8.6349        8.6250  1083222    0.12%
  38104   220        8.6250    39        8.6349        8.6250  1240207    0.12%
  42357   221       11.8199    28        8.6349        8.6250  1394976    0.12%
  46562   192        8.6250    38        8.6349        8.6250  1555010    0.12%
  50826   174        8.6250    34        8.6349        8.6250  1709347    0.12%
Elapsed real time =  11.83 sec. (tree size =  0.03 MB, solutions = 2)
  55070   148        8.6250    27        8.6349        8.6250  1868116    0.12%
  59457   182        8.6250    31        8.6349        8.6250  2024247    0.12%
  63746   133        8.6250    27        8.6349        8.6250  2182001    0.12%
  68064   140        8.6250    38        8.6349        8.6250  2340183    0.12%
  72298   126        8.6250    28        8.6349        8.6250  2500539    0.12%
  76595   105        8.6250    32        8.6349        8.6250  2658736    0.12%
  81030   113        8.6250    32        8.6349        8.6250  2810128    0.12%
  85609    76        8.6250    28        8.6349        8.6250  2963115    0.12%
  90173    57        8.6250    24        8.6349        8.6250  3119259    0.12%
  94517    39        8.6250    35        8.6349        8.6250  3281299    0.12%
Elapsed real time =  21.18 sec. (tree size =  0.01 MB, solutions = 2)

Root node processing (before b&c):
  Real time             =    0.12
Parallel b&c, 4 threads:
  Real time             =   21.32
  Sync time (average)   =    0.03
  Wait time (average)   =    0.00
                          -------
Total (root+branch&cut) =   21.44 sec.
Solution status = Optimal
 Number of constraints = 652
Solution value  = 8.63494
c(0)=5.46337 c(1)=0 c(2)=7.04916 c(3)=3.11365 c(4)=8.63494 c(5)=3.11365 c(6)=8.63494 c(7)=4.69944 c(8)=0.763932 c(9)=6.28522 c(10)=0.763932 c(11)=6.28522 c(12)=2.34972 c(13)=7.87101 c(14)=3.87758 c(15)=7.87101 c(16)=3.9355 c(17)=0 c(18)=5.46337 c(19)=1.52786 c(20)=5.52129 c(21)=1.58579 c(22)=7.10708 c(23)=3.11365 c(24)=8.63494 

198.14user 0.16system 0:56.33elapsed 352%CPU (0avgtext+0avgdata 77260maxresident)k
0inputs+11440outputs (0major+19787minor)pagefaults 0swaps
