55
 numAddVar 253

Graph (V,E) with |V|= 23 and diameter = 6

Coordinates: 
vertex 1 : 0 0
vertex 2 : 1 0
vertex 3 : 2 0
vertex 4 : 3 0
vertex 5 : 4 0
vertex 6 : 0.5 0.866025
vertex 7 : 1.5 0.866025
vertex 8 : 2.5 0.866025
vertex 9 : 3.5 0.866025
vertex 10 : 0 1.73205
vertex 11 : 1 1.73205
vertex 12 : 2 1.73205
vertex 13 : 3 1.73205
vertex 14 : 4 1.73205
vertex 15 : 0.5 2.59808
vertex 16 : 1.5 2.59808
vertex 17 : 2.5 2.59808
vertex 18 : 3.5 2.59808
vertex 19 : 0 3.4641
vertex 20 : 1 3.4641
vertex 21 : 2 3.4641
vertex 22 : 3 3.4641
vertex 23 : 4 3.4641

Distances: 
  0   1   2   3   4   1 1.73205 2.64575 3.60555 1.73205   2 2.64575 3.4641 4.3589 2.64575   3 3.60555 4.3589 3.4641 3.60555   4 4.58258 5.2915 
  1   0   1   2   3   1   1 1.73205 2.64575   2 1.73205   2 2.64575 3.4641 2.64575 2.64575   3 3.60555 3.60555 3.4641 3.60555   4 4.58258 
  2   1   0   1   2 1.73205   1   1 1.73205 2.64575   2 1.73205   2 2.64575   3 2.64575 2.64575   3   4 3.60555 3.4641 3.60555   4 
  3   2   1   0   1 2.64575 1.73205   1   1 3.4641 2.64575   2 1.73205   2 3.60555   3 2.64575 2.64575 4.58258   4 3.60555 3.4641 3.60555 
  4   3   2   1   0 3.60555 2.64575 1.73205   1 4.3589 3.4641 2.64575   2 1.73205 4.3589 3.60555   3 2.64575 5.2915 4.58258   4 3.60555 3.4641 
  1   1 1.73205 2.64575 3.60555   0   1   2   3   1   1 1.73205 2.64575 3.60555 1.73205   2 2.64575 3.4641 2.64575 2.64575   3 3.60555 4.3589 
1.73205   1   1 1.73205 2.64575   1   0   1   2 1.73205   1   1 1.73205 2.64575   2 1.73205   2 2.64575   3 2.64575 2.64575   3 3.60555 
2.64575 1.73205   1   1 1.73205   2   1   0   1 2.64575 1.73205   1   1 1.73205 2.64575   2 1.73205   2 3.60555   3 2.64575 2.64575   3 
3.60555 2.64575 1.73205   1   1   3   2   1   0 3.60555 2.64575 1.73205   1   1 3.4641 2.64575   2 1.73205 4.3589 3.60555   3 2.64575 2.64575 
1.73205   2 2.64575 3.4641 4.3589   1 1.73205 2.64575 3.60555   0   1   2   3   4   1 1.73205 2.64575 3.60555 1.73205   2 2.64575 3.4641 4.3589 
  2 1.73205   2 2.64575 3.4641   1   1 1.73205 2.64575   1   0   1   2   3   1   1 1.73205 2.64575   2 1.73205   2 2.64575 3.4641 
2.64575   2 1.73205   2 2.64575 1.73205   1   1 1.73205   2   1   0   1   2 1.73205   1   1 1.73205 2.64575   2 1.73205   2 2.64575 
3.4641 2.64575   2 1.73205   2 2.64575 1.73205   1   1   3   2   1   0   1 2.64575 1.73205   1   1 3.4641 2.64575   2 1.73205   2 
4.3589 3.4641 2.64575   2 1.73205 3.60555 2.64575 1.73205   1   4   3   2   1   0 3.60555 2.64575 1.73205   1 4.3589 3.4641 2.64575   2 1.73205 
2.64575 2.64575   3 3.60555 4.3589 1.73205   2 2.64575 3.4641   1   1 1.73205 2.64575 3.60555   0   1   2   3   1   1 1.73205 2.64575 3.60555 
  3 2.64575 2.64575   3 3.60555   2 1.73205   2 2.64575 1.73205   1   1 1.73205 2.64575   1   0   1   2 1.73205   1   1 1.73205 2.64575 
3.60555   3 2.64575 2.64575   3 2.64575   2 1.73205   2 2.64575 1.73205   1   1 1.73205   2   1   0   1 2.64575 1.73205   1   1 1.73205 
4.3589 3.60555   3 2.64575 2.64575 3.4641 2.64575   2 1.73205 3.60555 2.64575 1.73205   1   1   3   2   1   0 3.60555 2.64575 1.73205   1   1 
3.4641 3.60555   4 4.58258 5.2915 2.64575   3 3.60555 4.3589 1.73205   2 2.64575 3.4641 4.3589   1 1.73205 2.64575 3.60555   0   1   2   3   4 
3.60555 3.4641 3.60555   4 4.58258 2.64575 2.64575   3 3.60555   2 1.73205   2 2.64575 3.4641   1   1 1.73205 2.64575   1   0   1   2   3 
  4 3.60555 3.4641 3.60555   4   3 2.64575 2.64575   3 2.64575   2 1.73205   2 2.64575 1.73205   1   1 1.73205   2   1   0   1   2 
4.58258   4 3.60555 3.4641 3.60555 3.60555   3 2.64575 2.64575 3.4641 2.64575   2 1.73205   2 2.64575 1.73205   1   1   3   2   1   0   1 
5.2915 4.58258   4 3.60555 3.4641 4.3589 3.60555   3 2.64575 4.3589 3.4641 2.64575   2 1.73205 3.60555 2.64575 1.73205   1   4   3   2   1   0 
d: 
  0   2   1   0   0   2 1.26795 0.354249   0 1.26795   1 0.354249   0   0 0.354249   0   0   0   0   0   0   0   0 
  2   0   2   1   0   2   2 1.26795 0.354249   1 1.26795   1 0.354249   0 0.354249 0.354249   0   0   0   0   0   0   0 
  1   2   0   2   1 1.26795   2   2 1.26795 0.354249   1 1.26795   1 0.354249   0 0.354249 0.354249   0   0   0   0   0   0 
  0   1   2   0   2 0.354249 1.26795   2   2   0 0.354249   1 1.26795   1   0   0 0.354249 0.354249   0   0   0   0   0 
  0   0   1   2   0   0 0.354249 1.26795   2   0   0 0.354249   1 1.26795   0   0   0 0.354249   0   0   0   0   0 
  2   2 1.26795 0.354249   0   0   2   1   0   2   2 1.26795 0.354249   0 1.26795   1 0.354249   0 0.354249 0.354249   0   0   0 
1.26795   2   2 1.26795 0.354249   2   0   2   1 1.26795   2   2 1.26795 0.354249   1 1.26795   1 0.354249   0 0.354249 0.354249   0   0 
0.354249 1.26795   2   2 1.26795   1   2   0   2 0.354249 1.26795   2   2 1.26795 0.354249   1 1.26795   1   0   0 0.354249 0.354249   0 
  0 0.354249 1.26795   2   2   0   1   2   0   0 0.354249 1.26795   2   2   0 0.354249   1 1.26795   0   0   0 0.354249 0.354249 
1.26795   1 0.354249   0   0   2 1.26795 0.354249   0   0   2   1   0   0   2 1.26795 0.354249   0 1.26795   1 0.354249   0   0 
  1 1.26795   1 0.354249   0   2   2 1.26795 0.354249   2   0   2   1   0   2   2 1.26795 0.354249   1 1.26795   1 0.354249   0 
0.354249   1 1.26795   1 0.354249 1.26795   2   2 1.26795   1   2   0   2   1 1.26795   2   2 1.26795 0.354249   1 1.26795   1 0.354249 
  0 0.354249   1 1.26795   1 0.354249 1.26795   2   2   0   1   2   0   2 0.354249 1.26795   2   2   0 0.354249   1 1.26795   1 
  0   0 0.354249   1 1.26795   0 0.354249 1.26795   2   0   0   1   2   0   0 0.354249 1.26795   2   0   0 0.354249   1 1.26795 
0.354249 0.354249   0   0   0 1.26795   1 0.354249   0   2   2 1.26795 0.354249   0   0   2   1   0   2   2 1.26795 0.354249   0 
  0 0.354249 0.354249   0   0   1 1.26795   1 0.354249 1.26795   2   2 1.26795 0.354249   2   0   2   1 1.26795   2   2 1.26795 0.354249 
  0   0 0.354249 0.354249   0 0.354249   1 1.26795   1 0.354249 1.26795   2   2 1.26795   1   2   0   2 0.354249 1.26795   2   2 1.26795 
  0   0   0 0.354249 0.354249   0 0.354249   1 1.26795   0 0.354249 1.26795   2   2   0   1   2   0   0 0.354249 1.26795   2   2 
  0   0   0   0   0 0.354249   0   0   0 1.26795   1 0.354249   0   0   2 1.26795 0.354249   0   0   2   1   0   0 
  0   0   0   0   0 0.354249 0.354249   0   0   1 1.26795   1 0.354249   0   2   2 1.26795 0.354249   2   0   2   1   0 
  0   0   0   0   0   0 0.354249 0.354249   0 0.354249   1 1.26795   1 0.354249 1.26795   2   2 1.26795   1   2   0   2   1 
  0   0   0   0   0   0   0 0.354249 0.354249   0 0.354249   1 1.26795   1 0.354249 1.26795   2   2   0   1   2   0   2 
  0   0   0   0   0   0   0   0 0.354249   0   0 0.354249   1 1.26795   0 0.354249 1.26795   2   0   0   1   2   0 

max distance : 2
Number of variables 277
Tried aggregator 1 time.
MIP Presolve eliminated 24 rows and 1 columns.
Reduced MIP has 536 rows, 277 columns, and 1606 nonzeros.
Reduced MIP has 253 binaries, 0 generals, 0 SOSs, and 0 indicators.
Probing time =    0.00 sec.
Tried aggregator 1 time.
Presolve time =    0.00 sec.
Probing time =    0.00 sec.
MIP emphasis: balance optimality and feasibility.
MIP search method: dynamic search.
Parallel mode: deterministic, using up to 4 threads.
Root relaxation solution time =    0.00 sec.

        Nodes                                         Cuts/
   Node  Left     Objective  IInf  Best Integer    Best Bound    ItCnt     Gap

*     0+    0                           36.0000                    195     --- 
      0     0        2.7679   135       36.0000        2.7679      195   92.31%
*     0+    0                           30.7085        2.7679      195   90.99%
      0     0        2.8258   135       30.7085     Cuts: 218      375   90.80%
      0     0        2.8482   146       30.7085     Cuts: 100      496   90.72%
      0     0        3.3595   111       30.7085     Cuts: 113      665   89.06%
      0     0        3.6459   112       30.7085      Cuts: 52      749   88.13%
      0     0        3.7374   115       30.7085      Cuts: 47      834   87.83%
      0     0        3.7680   124       30.7085      Cuts: 30      911   87.73%
      0     0        3.7680   143       30.7085      Cuts: 28      955   87.73%
      0     0        3.7680    95       30.7085       Cuts: 7      963   87.73%
      0     0        3.7679   138       30.7085      Cuts: 75     1040   87.73%
*     0+    0                           15.7567        3.7680     1040   76.09%
      0     2        3.7680    98       15.7567        3.7680     1040   76.09%
Elapsed real time =   0.11 sec. (tree size =  0.01 MB, solutions = 3)
*    78+   78                           15.5123        3.8813     4002   74.98%
*   107+  107                           15.3307        3.8813     4792   74.68%
*   246+  246                           14.3307        3.8813     6807   72.92%
*   290+  290                           14.2444        3.8813     7038   72.75%
*   330+  325                           13.2444        3.8813     7247   70.70%
*   383   360      integral     0       13.0718        3.8813     7975   70.31%
*   386   360      integral     0       12.9764        3.8813     8026   70.09%
*   629+  583                           12.8666        4.0638    12534   68.42%
*   629+  583                           12.6940        4.0638    12534   67.99%
*   629+  583                           12.5986        4.0638    12534   67.74%
*   629+  583                           12.2444        4.0638    12534   66.81%
    629   585        9.6222    12       12.2444        4.0638    12534   66.81%
*   887   787      integral     0       12.1581        4.1013    16344   66.27%
*   918+  807                           11.7803        4.1013    16739   65.19%
*  1630  1321      integral     0       11.7085        4.3126    29237   63.17%
*  2135  1720      integral     0       11.6940        4.4346    40405   62.08%
*  2141  1719      integral     0       11.4260        4.4346    40510   61.19%
*  2265  1798      integral     0       11.3542        4.4346    43435   60.94%
*  2293+ 1814                           11.2679        4.4346    43835   60.64%
*  2310+ 1202                           11.2444        4.4386    45643   60.53%
   2310  1204        4.0848    72       11.2444        4.4386    45643   60.53%
*  2961   880      integral     0       11.0392        4.4662    56823   59.54%
Elapsed real time =   1.25 sec. (tree size =  0.29 MB, solutions = 23)
*  2965   746      integral     0       10.9764        4.4662    56910   59.31%
*  3533   824      integral     0       10.8901        4.9346    67127   54.69%
*  3889  1025      integral     0       10.8666        5.0000    74016   53.99%
*  3890  1023      integral     0       10.6849        5.0000    74021   53.21%
*  4151  1163      integral     0       10.5986        5.1013    80219   51.87%
*  5481+ 1905                           10.4170        5.5414   109097   46.80%
*  6075  2174      integral     0       10.3307        5.6459   120108   45.35%
* 10387  4170      integral     0       10.2444        6.0000   199945   41.43%
* 11626  4621      integral     0        9.8666        6.0000   225241   39.19%
  18371  6855        6.6564    33        9.8666        6.4346   355612   34.78%
* 23889  8473      integral     0        9.7803        6.6047   450783   32.47%
Elapsed real time =   3.99 sec. (tree size =  2.84 MB, solutions = 34)
  29495  9305        6.9019    32        9.7803        6.8901   540745   29.55%
  36688 10319        8.0000    30        9.7803        7.0688   659507   27.72%
  44671 10975        7.2679    30        9.7803        7.2679   775173   25.69%
  52464 11598        8.2679    31        9.7803        7.2764   894859   25.60%
  61634 11563        7.5359    21        9.7803        7.5359  1011376   22.95%
  71597 10574        8.0718    28        9.7803        7.8038  1119674   20.21%
  82178  9563        8.0000    25        9.7803        8.0000  1234716   18.20%
  93507  7849    infeasible              9.7803        8.2679  1338362   15.46%
 106036  4472        8.5359    28        9.7803        8.5359  1441451   12.72%
 118376   192        9.6222    21        9.7803        9.5674  1515578    2.18%
Elapsed real time =  11.83 sec. (tree size =  0.48 MB, solutions = 34)

Cover cuts applied:  3
Implied bound cuts applied:  248
Flow cuts applied:  60
Mixed integer rounding cuts applied:  141
Gomory fractional cuts applied:  67

Root node processing (before b&c):
  Real time             =    0.10
Parallel b&c, 4 threads:
  Real time             =   11.80
  Sync time (average)   =    0.01
  Wait time (average)   =    0.00
                          -------
Total (root+branch&cut) =   11.90 sec.
STATUS : Optimal
Solution status = Optimal
 Number of constraints = 560
Solution value  = 9.78029
c(0)=4.5359 c(1)=9.42605 c(2)=3.5359 c(3)=8.42605 c(4)=0 c(5)=2.26795 c(6)=7.1581 c(7)=1.26795 c(8)=6.1581 c(9)=5.89015 c(10)=0 c(11)=4.89015 c(12)=9.78029 c(13)=3.89015 c(14)=3.6222 c(15)=8.51234 c(16)=2.6222 c(17)=7.51234 c(18)=7.2444 c(19)=1.35425 c(20)=6.2444 c(21)=0.354249 c(22)=5.2444 
