 numAddVar 276

Graph (V,E) with |V|= 24 and diameter = 7

Coordinates: 
vertex 1 : 0 0
vertex 2 : 1.73205 0
vertex 3 : -0.866025 0.5
vertex 4 : 0.866025 0.5
vertex 5 : 2.59808 0.5
vertex 6 : -0.866025 1.5
vertex 7 : 0.866025 1.5
vertex 8 : 2.59808 1.5
vertex 9 : -1.73205 2
vertex 10 : 0 2
vertex 11 : 1.73205 2
vertex 12 : 3.4641 2
vertex 13 : -1.73205 3
vertex 14 : 0 3
vertex 15 : 1.73205 3
vertex 16 : 3.4641 3
vertex 17 : -0.866025 3.5
vertex 18 : 0.866025 3.5
vertex 19 : 2.59808 3.5
vertex 20 : -0.866025 4.5
vertex 21 : 0.866025 4.5
vertex 22 : 2.59808 4.5
vertex 23 : 0 5
vertex 24 : 1.73205 5

Distances: 
  0 1.73205   1   1 2.64575 1.73205 1.73205   3 2.64575   2 2.64575   4 3.4641   3 3.4641 4.58258 3.60555 3.60555 4.3589 4.58258 4.58258 5.19615   5 5.2915 
1.73205   0 2.64575   1   1   3 1.73205 1.73205   4 2.64575   2 2.64575 4.58258 3.4641   3 3.4641 4.3589 3.60555 3.60555 5.19615 4.58258 4.58258 5.2915   5 
  1 2.64575   0 1.73205 3.4641   1   2 3.60555 1.73205 1.73205   3 4.58258 2.64575 2.64575 3.60555   5   3 3.4641 4.58258   4 4.3589 5.2915 4.58258 5.19615 
  1   1 1.73205   0 1.73205   2   1   2   3 1.73205 1.73205   3 3.60555 2.64575 2.64575 3.60555 3.4641   3 3.4641 4.3589   4 4.3589 4.58258 4.58258 
2.64575   1 3.4641 1.73205   0 3.60555   2   1 4.58258   3 1.73205 1.73205   5 3.60555 2.64575 2.64575 4.58258 3.4641   3 5.2915 4.3589   4 5.19615 4.58258 
1.73205   3   1   2 3.60555   0 1.73205 3.4641   1   1 2.64575 4.3589 1.73205 1.73205   3 4.58258   2 2.64575   4   3 3.4641 4.58258 3.60555 4.3589 
1.73205 1.73205   2   1   2 1.73205   0 1.73205 2.64575   1   1 2.64575   3 1.73205 1.73205   3 2.64575   2 2.64575 3.4641   3 3.4641 3.60555 3.60555 
  3 1.73205 3.60555   2   1 3.4641 1.73205   0 4.3589 2.64575   1   1 4.58258   3 1.73205 1.73205   4 2.64575   2 4.58258 3.4641   3 4.3589 3.60555 
2.64575   4 1.73205   3 4.58258   1 2.64575 4.3589   0 1.73205 3.4641 5.19615   1   2 3.60555 5.2915 1.73205   3 4.58258 2.64575 3.60555   5 3.4641 4.58258 
  2 2.64575 1.73205 1.73205   3   1   1 2.64575 1.73205   0 1.73205 3.4641   2   1   2 3.60555 1.73205 1.73205   3 2.64575 2.64575 3.60555   3 3.4641 
2.64575   2   3 1.73205 1.73205 2.64575   1   1 3.4641 1.73205   0 1.73205 3.60555   2   1   2   3 1.73205 1.73205 3.60555 2.64575 2.64575 3.4641   3 
  4 2.64575 4.58258   3 1.73205 4.3589 2.64575   1 5.19615 3.4641 1.73205   0 5.2915 3.60555   2   1 4.58258   3 1.73205   5 3.60555 2.64575 4.58258 3.4641 
3.4641 4.58258 2.64575 3.60555   5 1.73205   3 4.58258   1   2 3.60555 5.2915   0 1.73205 3.4641 5.19615   1 2.64575 4.3589 1.73205   3 4.58258 2.64575   4 
  3 3.4641 2.64575 2.64575 3.60555 1.73205 1.73205   3   2   1   2 3.60555 1.73205   0 1.73205 3.4641   1   1 2.64575 1.73205 1.73205   3   2 2.64575 
3.4641   3 3.60555 2.64575 2.64575   3 1.73205 1.73205 3.60555   2   1   2 3.4641 1.73205   0 1.73205 2.64575   1   1   3 1.73205 1.73205 2.64575   2 
4.58258 3.4641   5 3.60555 2.64575 4.58258   3 1.73205 5.2915 3.60555   2   1 5.19615 3.4641 1.73205   0 4.3589 2.64575   1 4.58258   3 1.73205   4 2.64575 
3.60555 4.3589   3 3.4641 4.58258   2 2.64575   4 1.73205 1.73205   3 4.58258   1   1 2.64575 4.3589   0 1.73205 3.4641   1   2 3.60555 1.73205   3 
3.60555 3.60555 3.4641   3 3.4641 2.64575   2 2.64575   3 1.73205 1.73205   3 2.64575   1   1 2.64575 1.73205   0 1.73205   2   1   2 1.73205 1.73205 
4.3589 3.60555 4.58258 3.4641   3   4 2.64575   2 4.58258   3 1.73205 1.73205 4.3589 2.64575   1   1 3.4641 1.73205   0 3.60555   2   1   3 1.73205 
4.58258 5.19615   4 4.3589 5.2915   3 3.4641 4.58258 2.64575 2.64575 3.60555   5 1.73205 1.73205   3 4.58258   1   2 3.60555   0 1.73205 3.4641   1 2.64575 
4.58258 4.58258 4.3589   4 4.3589 3.4641   3 3.4641 3.60555 2.64575 2.64575 3.60555   3 1.73205 1.73205   3   2   1   2 1.73205   0 1.73205   1   1 
5.19615 4.58258 5.2915 4.3589   4 4.58258 3.4641   3   5 3.60555 2.64575 2.64575 4.58258   3 1.73205 1.73205 3.60555   2   1 3.4641 1.73205   0 2.64575   1 
  5 5.2915 4.58258 4.58258 5.19615 3.60555 3.60555 4.3589 3.4641   3 3.4641 4.58258 2.64575   2 2.64575   4 1.73205 1.73205   3   1   1 2.64575   0 1.73205 
5.2915   5 5.19615 4.58258 4.58258 4.3589 3.60555 3.60555 4.58258 3.4641   3 3.4641   4 2.64575   2 2.64575   3 1.73205 1.73205 2.64575   1   1 1.73205   0 
d: 
  0 1.26795   2   2 0.354249 1.26795 1.26795   0 0.354249   1 0.354249   0   0   0   0   0   0   0   0   0   0   0   0   0 
1.26795   0 0.354249   2   2   0 1.26795 1.26795   0 0.354249   1 0.354249   0   0   0   0   0   0   0   0   0   0   0   0 
  2 0.354249   0 1.26795   0   2   1   0 1.26795 1.26795   0   0 0.354249 0.354249   0   0   0   0   0   0   0   0   0   0 
  2   2 1.26795   0 1.26795   1   2   1   0 1.26795 1.26795   0   0 0.354249 0.354249   0   0   0   0   0   0   0   0   0 
0.354249   2   0 1.26795   0   0   1   2   0   0 1.26795 1.26795   0   0 0.354249 0.354249   0   0   0   0   0   0   0   0 
1.26795   0   2   1   0   0 1.26795   0   2   2 0.354249   0 1.26795 1.26795   0   0   1 0.354249   0   0   0   0   0   0 
1.26795 1.26795   1   2   1 1.26795   0 1.26795 0.354249   2   2 0.354249   0 1.26795 1.26795   0 0.354249   1 0.354249   0   0   0   0   0 
  0 1.26795   0   1   2   0 1.26795   0   0 0.354249   2   2   0   0 1.26795 1.26795   0 0.354249   1   0   0   0   0   0 
0.354249   0 1.26795   0   0   2 0.354249   0   0 1.26795   0   0   2   1   0   0 1.26795   0   0 0.354249   0   0   0   0 
  1 0.354249 1.26795 1.26795   0   2   2 0.354249 1.26795   0 1.26795   0   1   2   1   0 1.26795 1.26795   0 0.354249 0.354249   0   0   0 
0.354249   1   0 1.26795 1.26795 0.354249   2   2   0 1.26795   0 1.26795   0   1   2   1   0 1.26795 1.26795   0 0.354249 0.354249   0   0 
  0 0.354249   0   0 1.26795   0 0.354249   2   0   0 1.26795   0   0   0   1   2   0   0 1.26795   0   0 0.354249   0   0 
  0   0 0.354249   0   0 1.26795   0   0   2   1   0   0   0 1.26795   0   0   2 0.354249   0 1.26795   0   0 0.354249   0 
  0   0 0.354249 0.354249   0 1.26795 1.26795   0   1   2   1   0 1.26795   0 1.26795   0   2   2 0.354249 1.26795 1.26795   0   1 0.354249 
  0   0   0 0.354249 0.354249   0 1.26795 1.26795   0   1   2   1   0 1.26795   0 1.26795 0.354249   2   2   0 1.26795 1.26795 0.354249   1 
  0   0   0   0 0.354249   0   0 1.26795   0   0   1   2   0   0 1.26795   0   0 0.354249   2   0   0 1.26795   0 0.354249 
  0   0   0   0   0   1 0.354249   0 1.26795 1.26795   0   0   2   2 0.354249   0   0 1.26795   0   2   1   0 1.26795   0 
  0   0   0   0   0 0.354249   1 0.354249   0 1.26795 1.26795   0 0.354249   2   2 0.354249 1.26795   0 1.26795   1   2   1 1.26795 1.26795 
  0   0   0   0   0   0 0.354249   1   0   0 1.26795 1.26795   0 0.354249   2   2   0 1.26795   0   0   1   2   0 1.26795 
  0   0   0   0   0   0   0   0 0.354249 0.354249   0   0 1.26795 1.26795   0   0   2   1   0   0 1.26795   0   2 0.354249 
  0   0   0   0   0   0   0   0   0 0.354249 0.354249   0   0 1.26795 1.26795   0   1   2   1 1.26795   0 1.26795   2   2 
  0   0   0   0   0   0   0   0   0   0 0.354249 0.354249   0   0 1.26795 1.26795   0   1   2   0 1.26795   0 0.354249   2 
  0   0   0   0   0   0   0   0   0   0   0   0 0.354249   1 0.354249   0 1.26795 1.26795   0   2   2 0.354249   0 1.26795 
  0   0   0   0   0   0   0   0   0   0   0   0   0 0.354249   1 0.354249   0 1.26795 1.26795 0.354249   2   2 1.26795   0 

max distance : 2
Number of variables 301
Tried aggregator 1 time.
MIP Presolve eliminated 24 rows and 1 columns.
Reduced MIP has 590 rows, 301 columns, and 1760 nonzeros.
Reduced MIP has 276 binaries, 0 generals, 0 SOSs, and 0 indicators.
Probing time =    0.00 sec.
Tried aggregator 1 time.
Presolve time =    0.00 sec.
Probing time =    0.00 sec.
MIP emphasis: balance optimality and feasibility.
MIP search method: dynamic search.
Parallel mode: deterministic, using up to 4 threads.
Root relaxation solution time =    0.00 sec.

        Nodes                                         Cuts/
   Node  Left     Objective  IInf  Best Integer    Best Bound    ItCnt     Gap

*     0+    0                           21.7513                    161     --- 
      0     0        1.7679   135       21.7513        1.7679      161   91.87%
      0     0        1.8153   135       21.7513     Cuts: 247      396   91.65%
      0     0        2.4270   100       21.7513     Cuts: 216      603   88.84%
      0     0        2.5179   101       21.7513      Cuts: 63      715   88.42%
      0     0        2.7679    90       21.7513      Cuts: 66      845   87.27%
      0     0        2.7679    89       21.7513      Cuts: 62      938   87.27%
      0     0        2.7679   108       21.7513     Cuts: 101     1030   87.27%
*     0+    0                           12.4115        2.7679     1030   77.70%
      0     2        2.7679   108       12.4115        2.7679     1030   77.70%
Elapsed real time =   0.11 sec. (tree size =  0.01 MB, solutions = 2)
*     3+    3                           12.3162        2.7679     1237   77.53%
*     9+    9                           12.2444        2.7679     1473   77.39%
*    86+   85                           11.5841        2.7679     4309   76.11%
*   193+  192                           11.5359        2.7679     6307   76.01%
*   230+  229                           10.8901        2.7679     6751   74.58%
*   282+  281                           10.8666        2.7679     7291   74.53%
*   303+  300                           10.2444        2.7680     7522   72.98%
*   319   314      integral     0       10.0482        2.7680     7724   72.45%
*   363+  344                            9.8901        2.7680     8711   72.01%
*   381   354      integral     0        9.7803        2.7680     9493   71.70%
*   406+  373                            9.6940        2.7680    10620   71.45%
*   488+  455                            9.5359        2.7680    13322   70.97%
*   568+  522                            9.4260        2.7680    14585   70.64%
*   630+  569                            9.3397        2.7680    15484   70.36%
*   648   579      integral     0        9.2208        2.7680    15886   69.98%
*   754+  657                            9.1581        2.7680    18550   69.78%
*   870   729      integral     0        9.0718        2.7680    21435   69.49%
*   969   800      integral     0        8.8038        2.8349    24074   67.80%
*  1172   959      integral     0        8.6222        2.8355    28868   67.11%
*  1348  1068      integral     0        8.4260        2.8355    32935   66.35%
*  1352  1070      integral     0        8.1581        2.8355    33073   65.24%
*  1788  1354      integral     0        7.9764        2.9708    45648   62.75%
*  1868+ 1386                            7.8901        2.9793    47789   62.24%
*  2332  1703      integral     0        7.8038        3.0849    58869   60.47%
Elapsed real time =   0.82 sec. (tree size =  0.64 MB, solutions = 30)
*  2800+ 1005                            7.7712        3.0849    72577   60.30%
*  2828   737      integral     0        7.6849        3.0849    73208   59.86%
*  2832   561      integral     0        7.5986        3.0849    73329   59.40%
*  3182   537      integral     0        7.5123        3.0849    82082   58.94%
*  3191   513      integral     0        7.4260        3.0849    82394   58.46%
*  3487   601      integral     0        7.3307        3.2945    91055   55.06%
*  3689+  701                            7.2444        3.4019    96019   53.04%
*  4022+  866                            7.2208        3.4204   105171   52.63%
*  4093   885      integral     0        7.1581        3.5359   107135   50.60%
*  4350+  962                            7.0718        3.7189   113540   47.41%
*  4409+  978                            7.0392        3.7189   115037   47.17%
*  4409+  978                            6.6849        3.7189   115037   44.37%
*  5118  1033      integral     0        6.4170        4.0000   133292   37.67%

Cover cuts applied:  6
Implied bound cuts applied:  127
Flow cuts applied:  61
Mixed integer rounding cuts applied:  134
Gomory fractional cuts applied:  32

Root node processing (before b&c):
  Real time             =    0.10
Parallel b&c, 4 threads:
  Real time             =    2.37
  Sync time (average)   =    0.01
  Wait time (average)   =    0.00
                          -------
Total (root+branch&cut) =    2.47 sec.
STATUS : Optimal
Solution status = Optimal
 Number of constraints = 614
Solution value  = 6.41699
c(0)=3.6222 c(1)=6.41699 c(2)=6.06275 c(3)=1.35425 c(4)=4.06275 c(5)=2.35425 c(6)=5.06275 c(7)=0.354249 c(8)=4.7085 c(9)=0 c(10)=2.7085 c(11)=5.41699 c(12)=1 c(13)=3.7085 c(14)=6.41699 c(15)=1.7085 c(16)=6.06275 c(17)=1.35425 c(18)=4.06275 c(19)=2.35425 c(20)=5.06275 c(21)=0.354249 c(22)=0 c(23)=2.7085 