
Graph (V,E) with |V|= 24 and diameter = 7

Coordinates: 
vertex 1 : 0 0
vertex 2 : 1.73205 0
vertex 3 : -0.866025 0.5
vertex 4 : 0.866025 0.5
vertex 5 : 2.59808 0.5
vertex 6 : -0.866025 1.5
vertex 7 : 0.866025 1.5
vertex 8 : 2.59808 1.5
vertex 9 : -1.73205 2
vertex 10 : 0 2
vertex 11 : 1.73205 2
vertex 12 : 3.4641 2
vertex 13 : -1.73205 3
vertex 14 : 0 3
vertex 15 : 1.73205 3
vertex 16 : 3.4641 3
vertex 17 : -0.866025 3.5
vertex 18 : 0.866025 3.5
vertex 19 : 2.59808 3.5
vertex 20 : -0.866025 4.5
vertex 21 : 0.866025 4.5
vertex 22 : 2.59808 4.5
vertex 23 : 0 5
vertex 24 : 1.73205 5

Distances: 
  0 1.73205   1   1 2.64575 1.73205 1.73205   3 2.64575   2 2.64575   4 3.4641   3 3.4641 4.58258 3.60555 3.60555 4.3589 4.58258 4.58258 5.19615   5 5.2915 
1.73205   0 2.64575   1   1   3 1.73205 1.73205   4 2.64575   2 2.64575 4.58258 3.4641   3 3.4641 4.3589 3.60555 3.60555 5.19615 4.58258 4.58258 5.2915   5 
  1 2.64575   0 1.73205 3.4641   1   2 3.60555 1.73205 1.73205   3 4.58258 2.64575 2.64575 3.60555   5   3 3.4641 4.58258   4 4.3589 5.2915 4.58258 5.19615 
  1   1 1.73205   0 1.73205   2   1   2   3 1.73205 1.73205   3 3.60555 2.64575 2.64575 3.60555 3.4641   3 3.4641 4.3589   4 4.3589 4.58258 4.58258 
2.64575   1 3.4641 1.73205   0 3.60555   2   1 4.58258   3 1.73205 1.73205   5 3.60555 2.64575 2.64575 4.58258 3.4641   3 5.2915 4.3589   4 5.19615 4.58258 
1.73205   3   1   2 3.60555   0 1.73205 3.4641   1   1 2.64575 4.3589 1.73205 1.73205   3 4.58258   2 2.64575   4   3 3.4641 4.58258 3.60555 4.3589 
1.73205 1.73205   2   1   2 1.73205   0 1.73205 2.64575   1   1 2.64575   3 1.73205 1.73205   3 2.64575   2 2.64575 3.4641   3 3.4641 3.60555 3.60555 
  3 1.73205 3.60555   2   1 3.4641 1.73205   0 4.3589 2.64575   1   1 4.58258   3 1.73205 1.73205   4 2.64575   2 4.58258 3.4641   3 4.3589 3.60555 
2.64575   4 1.73205   3 4.58258   1 2.64575 4.3589   0 1.73205 3.4641 5.19615   1   2 3.60555 5.2915 1.73205   3 4.58258 2.64575 3.60555   5 3.4641 4.58258 
  2 2.64575 1.73205 1.73205   3   1   1 2.64575 1.73205   0 1.73205 3.4641   2   1   2 3.60555 1.73205 1.73205   3 2.64575 2.64575 3.60555   3 3.4641 
2.64575   2   3 1.73205 1.73205 2.64575   1   1 3.4641 1.73205   0 1.73205 3.60555   2   1   2   3 1.73205 1.73205 3.60555 2.64575 2.64575 3.4641   3 
  4 2.64575 4.58258   3 1.73205 4.3589 2.64575   1 5.19615 3.4641 1.73205   0 5.2915 3.60555   2   1 4.58258   3 1.73205   5 3.60555 2.64575 4.58258 3.4641 
3.4641 4.58258 2.64575 3.60555   5 1.73205   3 4.58258   1   2 3.60555 5.2915   0 1.73205 3.4641 5.19615   1 2.64575 4.3589 1.73205   3 4.58258 2.64575   4 
  3 3.4641 2.64575 2.64575 3.60555 1.73205 1.73205   3   2   1   2 3.60555 1.73205   0 1.73205 3.4641   1   1 2.64575 1.73205 1.73205   3   2 2.64575 
3.4641   3 3.60555 2.64575 2.64575   3 1.73205 1.73205 3.60555   2   1   2 3.4641 1.73205   0 1.73205 2.64575   1   1   3 1.73205 1.73205 2.64575   2 
4.58258 3.4641   5 3.60555 2.64575 4.58258   3 1.73205 5.2915 3.60555   2   1 5.19615 3.4641 1.73205   0 4.3589 2.64575   1 4.58258   3 1.73205   4 2.64575 
3.60555 4.3589   3 3.4641 4.58258   2 2.64575   4 1.73205 1.73205   3 4.58258   1   1 2.64575 4.3589   0 1.73205 3.4641   1   2 3.60555 1.73205   3 
3.60555 3.60555 3.4641   3 3.4641 2.64575   2 2.64575   3 1.73205 1.73205   3 2.64575   1   1 2.64575 1.73205   0 1.73205   2   1   2 1.73205 1.73205 
4.3589 3.60555 4.58258 3.4641   3   4 2.64575   2 4.58258   3 1.73205 1.73205 4.3589 2.64575   1   1 3.4641 1.73205   0 3.60555   2   1   3 1.73205 
4.58258 5.19615   4 4.3589 5.2915   3 3.4641 4.58258 2.64575 2.64575 3.60555   5 1.73205 1.73205   3 4.58258   1   2 3.60555   0 1.73205 3.4641   1 2.64575 
4.58258 4.58258 4.3589   4 4.3589 3.4641   3 3.4641 3.60555 2.64575 2.64575 3.60555   3 1.73205 1.73205   3   2   1   2 1.73205   0 1.73205   1   1 
5.19615 4.58258 5.2915 4.3589   4 4.58258 3.4641   3   5 3.60555 2.64575 2.64575 4.58258   3 1.73205 1.73205 3.60555   2   1 3.4641 1.73205   0 2.64575   1 
  5 5.2915 4.58258 4.58258 5.19615 3.60555 3.60555 4.3589 3.4641   3 3.4641 4.58258 2.64575   2 2.64575   4 1.73205 1.73205   3   1   1 2.64575   0 1.73205 
5.2915   5 5.19615 4.58258 4.58258 4.3589 3.60555 3.60555 4.58258 3.4641   3 3.4641   4 2.64575   2 2.64575   3 1.73205 1.73205 2.64575   1   1 1.73205   0 
d: 
  4 2.26795   3   3 1.35425 2.26795 2.26795   1 1.35425   2 1.35425   0 0.535898   1 0.535898   0 0.394449 0.394449   0   0   0   0   0   0 
2.26795   4 1.35425   3   3   1 2.26795 2.26795 4.44089e-16 1.35425   2 1.35425   0 0.535898   1 0.535898   0 0.394449 0.394449   0   0   0   0   0 
  3 1.35425   4 2.26795 0.535898   3   2 0.394449 2.26795 2.26795   1   0 1.35425 1.35425 0.394449   0   1 0.535898   0   0   0   0   0   0 
  3   3 2.26795   4 2.26795   2   3   2   1 2.26795 2.26795   1 0.394449 1.35425 1.35425 0.394449 0.535898   1 0.535898   0   0   0   0   0 
1.35425   3 0.535898 2.26795   4 0.394449   2   3   0   1 2.26795 2.26795   0 0.394449 1.35425 1.35425   0 0.535898   1   0   0   0   0   0 
2.26795   1   3   2 0.394449   4 2.26795 0.535898   3   3 1.35425   0 2.26795 2.26795   1   0   2 1.35425 4.44089e-16   1 0.535898   0 0.394449   0 
2.26795 2.26795   2   3   2 2.26795   4 2.26795 1.35425   3   3 1.35425   1 2.26795 2.26795   1 1.35425   2 1.35425 0.535898   1 0.535898 0.394449 0.394449 
  1 2.26795 0.394449   2   3 0.535898 2.26795   4   0 1.35425   3   3   0   1 2.26795 2.26795 4.44089e-16 1.35425   2   0 0.535898   1   0 0.394449 
1.35425 4.44089e-16 2.26795   1   0   3 1.35425   0   4 2.26795 0.535898   0   3   2 0.394449   0 2.26795   1   0 1.35425 0.394449   0 0.535898   0 
  2 1.35425 2.26795 2.26795   1   3   3 1.35425 2.26795   4 2.26795 0.535898   2   3   2 0.394449 2.26795 2.26795   1 1.35425 1.35425 0.394449   1 0.535898 
1.35425   2   1 2.26795 2.26795 1.35425   3   3 0.535898 2.26795   4 2.26795 0.394449   2   3   2   1 2.26795 2.26795 0.394449 1.35425 1.35425 0.535898   1 
  0 1.35425   0   1 2.26795   0 1.35425   3   0 0.535898 2.26795   4   0 0.394449   2   3   0   1 2.26795   0 0.394449 1.35425   0 0.535898 
0.535898   0 1.35425 0.394449   0 2.26795   1   0   3   2 0.394449   0   4 2.26795 0.535898   0   3 1.35425   0 2.26795   1   0 1.35425 4.44089e-16 
  1 0.535898 1.35425 1.35425 0.394449 2.26795 2.26795   1   2   3   2 0.394449 2.26795   4 2.26795 0.535898   3   3 1.35425 2.26795 2.26795   1   2 1.35425 
0.535898   1 0.394449 1.35425 1.35425   1 2.26795 2.26795 0.394449   2   3   2 0.535898 2.26795   4 2.26795 1.35425   3   3   1 2.26795 2.26795 1.35425   2 
  0 0.535898   0 0.394449 1.35425   0   1 2.26795   0 0.394449   2   3   0 0.535898 2.26795   4   0 1.35425   3   0   1 2.26795   0 1.35425 
0.394449   0   1 0.535898   0   2 1.35425 4.44089e-16 2.26795 2.26795   1   0   3   3 1.35425   0   4 2.26795 0.535898   3   2 0.394449 2.26795   1 
0.394449 0.394449 0.535898   1 0.535898 1.35425   2 1.35425   1 2.26795 2.26795   1 1.35425   3   3 1.35425 2.26795   4 2.26795   2   3   2 2.26795 2.26795 
  0 0.394449   0 0.535898   1 4.44089e-16 1.35425   2   0   1 2.26795 2.26795   0 1.35425   3   3 0.535898 2.26795   4 0.394449   2   3   1 2.26795 
  0   0   0   0   0   1 0.535898   0 1.35425 1.35425 0.394449   0 2.26795 2.26795   1   0   3   2 0.394449   4 2.26795 0.535898   3 1.35425 
  0   0   0   0   0 0.535898   1 0.535898 0.394449 1.35425 1.35425 0.394449   1 2.26795 2.26795   1   2   3   2 2.26795   4 2.26795   3   3 
  0   0   0   0   0   0 0.535898   1   0 0.394449 1.35425 1.35425   0   1 2.26795 2.26795 0.394449   2   3 0.535898 2.26795   4 1.35425   3 
  0   0   0   0   0 0.394449 0.394449   0 0.535898   1 0.535898   0 1.35425   2 1.35425   0 2.26795 2.26795   1   3   3 1.35425   4 2.26795 
  0   0   0   0   0   0 0.394449 0.394449   0 0.535898   1 0.535898 4.44089e-16 1.35425   2 1.35425   1 2.26795 2.26795 1.35425   3   3 2.26795   4 

max distance : 3
Lattice 1
UB for lambda 27
Number of variables 301
Tried aggregator 1 time.
MIP Presolve eliminated 25 rows and 1 columns.
Reduced MIP has 576 rows, 301 columns, and 1704 nonzeros.
Reduced MIP has 276 binaries, 0 generals, 0 SOSs, and 0 indicators.
Probing fixed 0 vars, tightened 2 bounds.
Probing time =    0.00 sec.
Tried aggregator 1 time.
Presolve time =    0.01 sec.
Probing time =    0.00 sec.
MIP emphasis: balance optimality and feasibility.
MIP search method: dynamic search.
Parallel mode: deterministic, using up to 4 threads.
Root relaxation solution time =    0.00 sec.

        Nodes                                         Cuts/
   Node  Left     Objective  IInf  Best Integer    Best Bound    ItCnt     Gap

      0     0        3.0000   209                      3.0000      211         
      0     0        3.0000   167                   Cuts: 113      323         
      0     0        3.0000   152                   Cuts: 244      529         
      0     0        3.0000   178                   Cuts: 244      717         
      0     0        3.0000   137                   Cuts: 244      901         
      0     0        3.0000   174                   Cuts: 244     1062         
*     0+    0                           26.8999        3.0000     1062   88.85%
*     0+    0                           24.5525        3.0000     1062   87.78%
      0     2        3.0000   174       24.5525        3.0000     1062   87.78%
Elapsed real time =   0.15 sec. (tree size =  0.01 MB, solutions = 2)
*    68+   68                           24.4743        3.0000     3984   87.74%
*   131+  131                           24.4191        3.0000     5117   87.71%
*   207+  207                           23.1747        3.0000     5822   87.05%
*   440+  434                           22.3071        3.0000     7346   86.55%
*   489   464      integral     0       22.2701        3.0000     7809   86.53%
*   492   464      integral     0       22.0884        3.0000     7820   86.42%
*   493+  458                           21.8832        3.0000     7821   86.29%
*   493+  458                           21.6555        3.0000     7821   86.15%
*   853+  783                           21.5858        3.0000    14957   86.10%
*  1087   973      integral     0       21.0247        3.1116    17888   85.20%
*  1155+ 1031                           20.9068        3.1116    18842   85.12%
*  1155+ 1031                           20.6957        3.1116    18842   84.96%
*  1155+ 1031                           20.5772        3.1116    18842   84.88%
*  1155+ 1031                           20.5606        3.1116    18842   84.87%
*  1155+ 1031                           20.5123        3.1116    18842   84.83%
*  1155+ 1031                           20.3473        3.1116    18842   84.71%
   1155  1033       18.1581    18       20.3473        3.1116    18842   84.71%
*  1330  1165      integral     0       20.2444        3.2403    21848   83.99%
*  1748+ 1528                           20.2299        3.3727    27198   83.33%
*  1862  1606      integral     0       20.1747        3.3727    28466   83.28%
*  1865  1605      integral     0       20.1581        3.3727    28471   83.27%
*  1881  1614      integral     0       20.1345        3.3727    28762   83.25%
*  2266  1920      integral     0       20.0884        3.6491    33232   81.83%
   2356  1994        4.3450   113       20.0884        4.3450    36975   78.37%
Elapsed real time =   1.97 sec. (tree size =  0.71 MB, solutions = 28)
*  2362+ 1333                           19.8832        4.3450    37370   78.15%
*  2363+  891                           19.6555        4.3450    37462   77.89%
*  2363+  596                           19.3875        4.3450    37462   77.59%
*  3071   707      integral     0       19.2846        5.2679    45290   72.68%
*  3312   752      integral     0       19.2004        5.2679    47728   72.56%
*  4488  1601      integral     0       19.1747        5.8901    62555   69.28%
*  4674+ 1743                           19.1217        6.0000    64775   68.62%
*  4690  1756      integral     0       18.7675        6.0000    64953   68.03%
*  4992  1940      integral     0       18.7192        6.0000    69357   67.95%
*  5009  1948      integral     0       18.6243        6.0000    69562   67.78%
*  5142+ 2016                           18.5841        6.0000    71213   67.71%
*  5158  2026      integral     0       18.1747        6.0000    71526   66.99%
*  7038  3183      integral     0       18.1137        6.6222    97876   63.44%
*  8011  3767      integral     0       17.8923        6.9072   110711   61.40%
* 10989  5586      integral     0       17.8773        7.5359   152582   57.85%
Elapsed real time =   3.34 sec. (tree size =  2.71 MB, solutions = 46)
* 11612  5967      integral     0       17.8704        7.5359   162336   57.83%
  17948  9624       17.4260    16       17.8704        8.1581   258902   54.35%
* 19877 10775      integral     0       17.7251        8.2679   288321   53.35%
* 21515+11627                           17.7123        8.2679   310724   53.32%
  25659 14030       16.1581    21       17.7123        8.5359   367357   51.81%
* 28807 15804      integral     0       17.6957        8.6222   412276   51.28%
  35332 19328       11.1581    37       17.6957        8.8901   498030   49.76%
  38083 20827       15.1747    22       17.6957        9.0000   534603   49.14%
* 44354 24109      integral     0       17.6555        9.3542   615595   47.02%
  50584 27384       16.8038    16       17.6555        9.5359   695143   45.99%
  56965 30736       16.0884    20       17.6555        9.6222   778013   45.50%
Elapsed real time =   9.75 sec. (tree size = 13.07 MB, solutions = 51)
* 62219 33424      integral     0       17.5456        9.7892   847505   44.21%
* 62458 33367      integral     0       17.4995        9.8038   850956   43.98%
  69003 36568       16.5525    16       17.4995        9.8038   933463   43.98%
  75176 39798       11.3111    43       17.4995        9.8038  1012991   43.98%
  81479 42940       14.9068    19       17.4995        9.9628  1093136   43.07%
  88024 46186       13.4378    31       17.4995       10.0884  1172063   42.35%
* 91054 47621      integral     0       17.3581       10.1581  1207582   41.48%
  97517 50318       13.5359    31       17.3581       10.2679  1286061   40.85%
*102580 52775      integral     0       17.2867       10.2679  1344432   40.60%
 109066 55706       13.8901    27       17.2867       10.2679  1424401   40.60%
Elapsed real time =  15.27 sec. (tree size = 24.18 MB, solutions = 55)
 112963 57559       16.4025    15       17.2867       10.3397  1467875   40.19%
 119250 60318       11.9529    33       17.2867       10.4260  1543647   39.69%
 126201 63480       10.5359    37       17.2867       10.5359  1624763   39.05%
 132745 66459       14.4515    21       17.2867       10.5359  1703858   39.05%
 139239 69360       15.8205    15       17.2867       10.5359  1782037   39.05%
 145571 72183       11.0000    32       17.2867       10.6222  1859351   38.55%
 152218 75223       15.2444    18       17.2867       10.7085  1932892   38.05%
 159009 78266       12.0359    35       17.2867       10.8038  2007198   37.50%
 165753 81232       10.8470    31       17.2867       10.8306  2083406   37.35%
 172424 84104       14.8205    20       17.2867       10.8901  2159726   37.00%
Elapsed real time =  22.70 sec. (tree size = 37.76 MB, solutions = 55)
*175219 85369      integral     0       17.2004       10.8901  2190147   36.69%
 182110 87924       14.0333    24       17.2004       10.8901  2267626   36.69%
 189171 91008       12.8901    25       17.2004       10.9378  2344763   36.41%
 195987 93894       15.5359    19       17.2004       11.0000  2425430   36.05%
 202971 96831       14.9529    20       17.2004       11.0718  2500949   35.63%
*206194 98199      integral     0       17.0590       11.0718  2533953   35.10%
 213271 99919       11.1581    30       17.0590       11.1581  2610989   34.59%
 220243 102632       16.2444    21       17.0590       11.1581  2688617   34.59%
 227080 105316       14.4260    24       17.0590       11.1581  2769098   34.59%
 234377 108152       13.2444    26       17.0590       11.2444  2845070   34.09%
Elapsed real time =  28.75 sec. (tree size = 47.74 MB, solutions = 57)
 236618 109055       14.5359    24       17.0590       11.2679  2870406   33.95%
 243792 111968       11.2679    29       17.0590       11.2679  2946187   33.95%
 250698 114764       11.2679    33       17.0590       11.2679  3024142   33.95%
 257575 117393       12.4260    29       17.0590       11.3307  3102629   33.58%
 264674 120014       11.8901    27       17.0590       11.4030  3177925   33.16%
 272000 122631       11.5123    36       17.0590       11.5123  3255358   32.51%
 279550 125519       15.8307    19       17.0590       11.5359  3329414   32.38%
 286491 128355       13.8038    23       17.0590       11.5359  3407210   32.38%
 293837 131253       14.8901    22       17.0590       11.5359  3485191   32.38%
 300872 134132       16.6222    18       17.0590       11.5359  3558819   32.38%
Elapsed real time =  35.72 sec. (tree size = 60.15 MB, solutions = 57)
*301112+134220                           17.0333       11.5359  3561598   32.27%
 308002 136390       15.8666    16       17.0333       11.5790  3632257   32.02%
 315270 138905       16.1983    22       17.0333       11.6222  3705643   31.77%
 322303 141474       15.9764    25       17.0333       11.6222  3783180   31.77%
 329454 144299       16.4260    15       17.0333       11.6222  3859384   31.77%
 330465 144647       16.0097    12       17.0333       11.6388  3869601   31.67%
 337795 147078       15.2562    23       17.0333       11.7085  3942916   31.26%
 345066 149658       15.5123    19       17.0333       11.7803  4020925   30.84%
 352307 152452       13.8901    27       17.0333       11.8038  4095939   30.70%
 359385 155245       14.5123    20       17.0333       11.8038  4170193   30.70%
 366536 158097       16.0718    20       17.0333       11.8038  4244065   30.70%
Elapsed real time =  42.83 sec. (tree size = 70.07 MB, solutions = 58)
 373598 160840       15.8205    19       17.0333       11.8038  4318757   30.70%
 380737 163582       11.8038    42       17.0333       11.8038  4392636   30.70%
 387419 166086       14.1581    21       17.0333       11.8111  4466602   30.66%
 394527 168570       15.5986    17       17.0333       11.8901  4535456   30.19%
 401684 171135       15.8636    25       17.0333       11.8901  4609127   30.19%
 408715 173575       12.5123    29       17.0333       11.8901  4683135   30.19%
 415731 176064       14.5986    23       17.0333       11.8901  4758748   30.19%
 422833 178579       16.6388    17       17.0333       11.8901  4836472   30.19%
 429761 181147       15.7803    22       17.0333       11.8901  4912824   30.19%
 436945 183525       14.9764    23       17.0333       11.9333  4987960   29.94%
Elapsed real time =  49.74 sec. (tree size = 81.77 MB, solutions = 58)
 444483 186193       15.1104    21       17.0333       11.9764  5060961   29.69%
 451844 188841       15.5359    23       17.0333       12.0000  5134757   29.55%
 459160 191450       12.0314    28       17.0333       12.0188  5207983   29.44%
 466633 193843       14.6849    21       17.0333       12.0718  5279465   29.13%
 474111 196665       15.4260    19       17.0333       12.0718  5352870   29.13%
 481452 199459       17.0097     9       17.0333       12.0718  5426680   29.13%
 488852 202089       15.4260    27       17.0333       12.0718  5500526   29.13%
 496179 204830       15.4260    19       17.0333       12.0718  5573870   29.13%
*501409 206719      integral     0       17.0188       12.0718  5626152   29.07%
*501413 206717      integral     0       16.9952       12.0718  5626190   28.97%
Elapsed real time =  55.69 sec. (tree size = 92.75 MB, solutions = 58)
 519184 213005       15.8901    15       16.9952       12.0718  5805604   28.97%
 548682 223322       16.1747    14       16.9952       12.1581  6100755   28.46%
 578310 233319       15.5986    17       16.9952       12.2444  6393277   27.95%
*590992 237703      integral     0       16.9636       12.2444  6524060   27.82%
 617916 246579       15.8205    16       16.9636       12.2679  6801208   27.68%
 646686 255597    infeasible             16.9636       12.3542  7085201   27.17%
 675772 264764       14.8901    23       16.9636       12.4260  7374717   26.75%
 704569 273718       15.2149    15       16.9636       12.4662  7654059   26.51%
 733584 282469       12.5123    34       16.9636       12.5123  7947475   26.24%
 761300 291627       15.8038    16       16.9636       12.5359  8227028   26.10%
Elapsed real time =  82.20 sec. (tree size = 132.01 MB, solutions = 61)
Nodefile size =  3.97 MB (2.24 MB after compression)
 788802 301085       14.7803    18       16.9636       12.5359  8506339   26.10%
*792815 302445      integral     0       16.9175       12.5359  8545881   25.90%
 804527 306235       16.4260    19       16.9175       12.5359  8665736   25.90%
 832436 315261       14.8038    27       16.9175       12.5359  8948862   25.90%
 859963 324173       12.5525    36       16.9175       12.5512  9238432   25.81%
 888860 332566       15.6077    21       16.9175       12.6032  9512019   25.50%
 917191 340648       16.2444    22       16.9175       12.6222  9794491   25.39%
 945745 348407       16.2489    15       16.9175       12.6855 10078496   25.02%
 974782 356877       15.5049    19       16.9175       12.7085 10362244   24.88%
 1003505 364910       16.3901    19       16.9175       12.8038 10642738   24.32%
Elapsed real time = 109.15 sec. (tree size = 163.51 MB, solutions = 62)
Nodefile size = 35.94 MB (19.27 MB after compression)
 1031831 373144       13.8901    24       16.9175       12.8038 10928516   24.32%
 1060260 381530       15.5359    26       16.9175       12.8038 11211853   24.32%
 1087766 389751       15.1404    26       16.9175       12.8038 11499740   24.32%
*1092786 391190      integral     0       16.7606       12.8038 11553063   23.61%
 1105264 392198       15.1581    32       16.7606       12.8038 11685731   23.61%
 1133898 399010       12.8666    35       16.7606       12.8666 11972473   23.23%
 1162720 406739       16.4818    16       16.7606       12.8901 12261320   23.09%
 1191346 414423       12.8901    30       16.7606       12.8901 12556459   23.09%
 1220229 421480       14.9303    22       16.7606       12.9303 12842644   22.85%
 1250403 428059       16.0718    18       16.7606       12.9692 13126212   22.62%
Elapsed real time = 136.10 sec. (tree size = 190.90 MB, solutions = 63)
Nodefile size = 62.94 MB (33.23 MB after compression)
 1279377 435425    infeasible             16.7606       12.9764 13415211   22.58%
 1308415 442621       15.6222    18       16.7606       13.0000 13701180   22.44%
 1338544 448694       13.0627    27       16.7606       13.0627 13983691   22.06%
 1368188 455900       15.3397    21       16.7606       13.0718 14266636   22.01%
 1397420 462852       16.1345    20       16.7606       13.0718 14548518   22.01%
 1426122 469540       13.7058    27       16.7606       13.0718 14836601   22.01%
 1455824 475493       15.3162    23       16.7606       13.1345 15115964   21.63%
 1485367 481715       15.4662    14       16.7606       13.1581 15398200   21.49%
 1514210 488505    infeasible             16.7606       13.1581 15685061   21.49%
 1543174 495463       13.7803    27       16.7606       13.1581 15970729   21.49%
Elapsed real time = 165.17 sec. (tree size = 220.16 MB, solutions = 63)
Nodefile size = 92.94 MB (48.52 MB after compression)
 1572087 502324       14.7326    24       16.7606       13.1581 16258584   21.49%
 1601191 509017    infeasible             16.7606       13.1581 16553108   21.49%
 1630275 515985       15.7418    15       16.7606       13.1581 16846394   21.49%
 1660246 521809       15.4662    16       16.7606       13.1983 17133514   21.25%
 1690453 527592       15.5525    18       16.7606       13.2444 17411924   20.98%
 1720338 534008       13.2444    25       16.7606       13.2444 17695817   20.98%
 1749540 540133       15.5692    18       16.7606       13.2610 17983249   20.88%
 1778454 546944       15.5123    22       16.7606       13.2679 18269236   20.84%
 1806916 553832       15.6222    19       16.7606       13.2679 18559174   20.84%
 1836303 559839       13.4764    30       16.7606       13.2921 18844623   20.69%
Elapsed real time = 194.17 sec. (tree size = 248.09 MB, solutions = 63)
Nodefile size = 120.93 MB (62.51 MB after compression)
 1866656 565677       13.3307    24       16.7606       13.3307 19125677   20.46%
 1896603 571382       13.3397    25       16.7606       13.3397 19406128   20.41%
 1926657 577385       15.4260    22       16.7606       13.3397 19691170   20.41%
 1956179 582998       14.3636    23       16.7606       13.3602 19977225   20.29%
 1986421 587533       13.4097    31       16.7606       13.4097 20250603   19.99%
 2015683 593212       15.2846    21       16.7606       13.4260 20537723   19.90%
 2044966 598712       16.0482    12       16.7606       13.4260 20823296   19.90%
 2074360 604271       15.6940    22       16.7606       13.4260 21104978   19.90%
 2103421 610131       14.9619    28       16.7606       13.4260 21395192   19.90%
 2132693 615737       14.2500    26       16.7606       13.4378 21679719   19.82%
Elapsed real time = 223.11 sec. (tree size = 272.38 MB, solutions = 63)
Nodefile size = 144.93 MB (74.43 MB after compression)
 2162233 619952       13.4810    26       16.7606       13.4810 21952822   19.57%
 2192048 624986       13.5123    20       16.7606       13.5123 22230996   19.38%
 2220998 630419       16.3473    10       16.7606       13.5123 22514385   19.38%
 2250304 635834       13.5123    32       16.7606       13.5123 22794366   19.38%
 2280277 640897       15.9068    13       16.7606       13.5359 23077555   19.24%
 2309208 646678       14.4378    22       16.7606       13.5359 23365972   19.24%
 2337043 652252       15.1581    24       16.7606       13.5359 23648090   19.24%
 2366073 657941       13.5359    23       16.7606       13.5359 23933634   19.24%
 2394168 663622       15.7251    21       16.7606       13.5359 24219089   19.24%
 2423169 669465       14.9333    24       16.7606       13.5359 24507218   19.24%
Elapsed real time = 251.96 sec. (tree size = 295.93 MB, solutions = 63)
Nodefile size = 167.92 MB (85.78 MB after compression)
 2451378 675135       15.6222    24       16.7606       13.5359 24794346   19.24%
 2479463 680955       15.9068    18       16.7606       13.5359 25088688   19.24%
 2508603 685368       13.5525    26       16.7606       13.5525 25375291   19.14%
 2537926 689700       13.5759    17       16.7606       13.5756 25652094   19.00%
 2568000 694564    infeasible             16.7606       13.5986 25926715   18.87%
 2596694 699731       14.8356    20       16.7606       13.5986 26210473   18.87%
 2625841 704562       15.5986    25       16.7606       13.5986 26493794   18.87%
 2655677 709002       15.3397    18       16.7606       13.6077 26772485   18.81%
 2685911 713869       14.6222    21       16.7606       13.6222 27048077   18.72%
 2715234 719322    infeasible             16.7606       13.6222 27330313   18.72%
Elapsed real time = 280.83 sec. (tree size = 317.80 MB, solutions = 63)
Nodefile size = 189.92 MB (96.45 MB after compression)
 2743756 724787       16.2208    15       16.7606       13.6222 27610978   18.72%
 2772527 730272       15.2444    22       16.7606       13.6222 27898769   18.72%
 2802252 734787       15.2846    17       16.7606       13.6388 28181318   18.63%
 2832516 738599       15.0598    21       16.7606       13.6624 28460265   18.48%
 2863124 742381       14.3473    23       16.7606       13.6849 28737695   18.35%
 2892505 746624       15.4260    22       16.7606       13.6940 29011056   18.30%
 2922057 750330       14.5051    26       16.7606       13.6940 29286788   18.30%
 2951622 753815       14.8205    18       16.7606       13.6940 29564931   18.30%
 2981927 758121       13.7085    25       16.7606       13.7085 29840652   18.21%
 3012296 761254       13.7342    30       16.7606       13.7342 30115399   18.06%
Elapsed real time = 309.62 sec. (tree size = 336.35 MB, solutions = 63)
Nodefile size = 208.91 MB (105.67 MB after compression)
 3043194 764109       15.6418    18       16.7606       13.7752 30390735   17.81%
 3073136 767798       15.2803    22       16.7606       13.7803 30668248   17.78%
*3091258 770178      integral     0       16.6243       13.7803 30831247   17.11%
 3097750 768622    infeasible             16.6243       13.7803 30890125   17.11%
 3127925 772392       13.7803    22       16.6243       13.7803 31166240   17.11%
 3158896 775570       14.5359    18       16.6243       13.8038 31438571   16.97%
 3188512 779744       15.1581    22       16.6243       13.8038 31719472   16.97%
 3218492 783698       15.2679    15       16.6243       13.8038 31996202   16.97%
 3248195 787749       15.4215    18       16.6243       13.8038 32270914   16.97%
 3278459 791883       14.8038    15       16.6243       13.8038 32546054   16.97%
Elapsed real time = 338.13 sec. (tree size = 350.00 MB, solutions = 64)
Nodefile size = 221.92 MB (112.00 MB after compression)
 3308024 795919       15.9260    19       16.6243       13.8038 32824977   16.97%
 3337285 800306       15.7803    24       16.6243       13.8038 33104174   16.97%
 3366295 804730       14.5359    24       16.6243       13.8038 33387542   16.97%
 3396829 807384       14.1747    20       16.6243       13.8205 33665921   16.87%
 3427763 809878    infeasible             16.6243       13.8481 33935446   16.70%
 3458324 813104       16.0482    13       16.6243       13.8666 34210317   16.59%
 3488800 816540       14.8666    17       16.6243       13.8666 34484641   16.59%
 3520017 818971       13.8829    25       16.6243       13.8817 34754985   16.50%
 3549951 823100       14.5359    24       16.6243       13.8901 35037698   16.45%
 3579228 826985       15.5359    20       16.6243       13.8901 35322843   16.45%
Elapsed real time = 366.88 sec. (tree size = 365.66 MB, solutions = 64)
Nodefile size = 237.91 MB (119.83 MB after compression)
 3608547 831104       16.6077    12       16.6243       13.8901 35601723   16.45%
 3637521 835307       15.1581    17       16.6243       13.8901 35885912   16.45%
 3666838 839223       14.9102    23       16.6243       13.8901 36168367   16.45%
 3696443 843470       15.2444    18       16.6243       13.8901 36450780   16.45%
 3725852 847701       15.8901    17       16.6243       13.8901 36731390   16.45%
 3755097 852055       15.5123    19       16.6243       13.8901 37013426   16.45%
 3783975 856307       13.8901    30       16.6243       13.8901 37299836   16.45%
 3815084 858896       15.9068    14       16.6243       13.9068 37576124   16.35%
 3846683 860836       15.7487    22       16.6243       13.9303 37849671   16.21%
 3878011 862674       15.5927    16       16.6243       13.9470 38122873   16.10%
Elapsed real time = 395.54 sec. (tree size = 381.60 MB, solutions = 64)
Nodefile size = 253.91 MB (127.65 MB after compression)
 3908538 865723       15.4888    16       16.6243       13.9529 38402421   16.07%
 3940080 867724       13.9619    22       16.6243       13.9619 38677246   16.02%
 3971077 869847       15.6222    19       16.6243       13.9764 38953965   15.93%
 4000498 873204       15.1581    21       16.6243       13.9764 39239103   15.93%
 4030192 876359    infeasible             16.6243       13.9764 39525610   15.93%
 4060462 879243    infeasible             16.6243       13.9931 39809081   15.83%
 4092156 880895       15.1771    25       16.6243       14.0000 40086687   15.79%
 4121503 884522       14.0043    23       16.6243       14.0021 40365954   15.77%
 4153070 886002       15.9234    16       16.6243       14.0196 40641850   15.67%
 4185205 887218       15.1512    15       16.6243       14.0482 40912138   15.50%
Elapsed real time = 424.42 sec. (tree size = 392.61 MB, solutions = 64)
Nodefile size = 264.91 MB (133.23 MB after compression)
 4216548 888991       15.1345    19       16.6243       14.0482 41191699   15.50%
 4248254 890377       16.4427    13       16.6243       14.0627 41466696   15.41%
 4279163 892799       15.0718    20       16.6243       14.0718 41739649   15.35%
 4309717 895713       15.0718    16       16.6243       14.0718 42017250   15.35%
 4340168 898763       15.1983    16       16.6243       14.0718 42296882   15.35%
 4370489 901917       16.0718    14       16.6243       14.0718 42569004   15.35%
 4401004 905145       14.0718    28       16.6243       14.0718 42848896   15.35%
 4431088 908346       14.0718    31       16.6243       14.0718 43130397   15.35%
 4461586 911250       15.6153    20       16.6243       14.0794 43404865   15.31%
 4493804 912451       14.6428    19       16.6243       14.0986 43679010   15.19%
Elapsed real time = 453.00 sec. (tree size = 403.83 MB, solutions = 64)
Nodefile size = 275.91 MB (138.80 MB after compression)
 4525997 913360       14.1300    21       16.6243       14.1281 43945345   15.02%
 4558117 914548       15.7803    22       16.6243       14.1345 44218250   14.98%
 4590391 916088       14.1581    21       16.6243       14.1581 44482700   14.84%
 4621284 919061       15.1581    13       16.6243       14.1581 44756785   14.84%
 4651516 921929       15.1345    12       16.6243       14.1581 45032193   14.84%
 4681798 924854       15.6895    20       16.6243       14.1581 45310482   14.84%
 4712188 927804       14.2213    20       16.6243       14.1581 45590151   14.84%
 4742492 930620       14.1581    20       16.6243       14.1581 45869670   14.84%
 4773109 933680       14.1581    20       16.6243       14.1581 46150217   14.84%
 4803510 936807       15.5525    15       16.6243       14.1581 46428679   14.84%
Elapsed real time = 481.63 sec. (tree size = 414.79 MB, solutions = 64)
Nodefile size = 286.90 MB (144.42 MB after compression)
 4833527 939893       15.4260    17       16.6243       14.1581 46707334   14.84%
 4864040 943164       15.4500    19       16.6243       14.1581 46989578   14.84%
 4894500 946247       14.1581    26       16.6243       14.1581 47270128   14.84%
 4924607 949242       15.2348    21       16.6243       14.1581 47548606   14.84%
 4955132 952443       14.7012    21       16.6243       14.1581 47831036   14.84%
 4985075 955911        cutoff             16.6243       14.1581 48107350   14.84%
 5015359 959412       14.7921    24       16.6243       14.1581 48389311   14.84%
 5047205 961151       15.2777    20       16.6243       14.1747 48661725   14.74%
 5079956 961723       14.1983    20       16.6243       14.1983 48930191   14.59%
 5112393 962508    infeasible             16.6243       14.1983 49200141   14.59%
Elapsed real time = 510.10 sec. (tree size = 426.31 MB, solutions = 64)
Nodefile size = 298.90 MB (150.33 MB after compression)
 5144823 963411       15.5869    20       16.6243       14.2208 49470388   14.46%
 5176106 965460       15.6704    17       16.6243       14.2208 49741050   14.46%
 5208732 966727       15.0410    21       16.6243       14.2299 50005572   14.40%
 5241071 968458       14.6849    21       16.6243       14.2444 50272638   14.32%
 5271679 971038       14.8784    21       16.6243       14.2444 50547448   14.32%
 5302783 973308       14.2444    23       16.6243       14.2444 50826617   14.32%
 5333686 975861       15.2444    17       16.6243       14.2444 51104426   14.32%
 5364473 978225       15.6388    17       16.6243       14.2444 51383184   14.32%
 5394697 980849       14.8666    21       16.6243       14.2444 51657097   14.32%
 5425088 983293       15.3307    17       16.6243       14.2444 51931047   14.32%
Elapsed real time = 538.65 sec. (tree size = 435.66 MB, solutions = 64)
Nodefile size = 307.90 MB (154.94 MB after compression)
 5455637 985860       14.7803    25       16.6243       14.2444 52207155   14.32%
 5486361 988160       14.3754    21       16.6243       14.2485 52482933   14.29%
 5519255 988351       14.2610    19       16.6243       14.2610 52749739   14.22%
 5550484 990320       14.2679    19       16.6243       14.2679 53022682   14.17%
 5580623 993313       15.5359    23       16.6243       14.2679 53297338   14.17%
 5610557 996376       15.5378    15       16.6243       14.2679 53576886   14.17%
 5639899 999529       15.4025    19       16.6243       14.2685 53861880   14.17%
 5672380 999941       15.3012    12       16.6243       14.2846 54130980   14.07%
 5704327 1000932       16.0333    16       16.6243       14.2846 54403501   14.07%
 5735651 1001944       14.2918    25       16.6243       14.2899 54676859   14.04%
Elapsed real time = 567.34 sec. (tree size = 444.09 MB, solutions = 64)
Nodefile size = 316.90 MB (159.56 MB after compression)
 5768582 1002431       14.3122    22       16.6243       14.3111 54940982   13.91%
 5800957 1002639       14.3162    26       16.6243       14.3162 55213477   13.88%
 5832727 1003586       14.3307    19       16.6243       14.3307 55487117   13.80%
 5863543 1005296       14.3307    19       16.6243       14.3307 55762539   13.80%
 5894567 1006814       14.3352    23       16.6243       14.3332 56038114   13.78%
 5926075 1008352    infeasible             16.6243       14.3397 56298928   13.74%
 5956774 1010083       15.3397    19       16.6243       14.3397 56567862   13.74%
 5987370 1011826       14.3397    26       16.6243       14.3397 56842734   13.74%
 6017721 1013861       15.4978    22       16.6243       14.3397 57119108   13.74%
 6048474 1015259       14.3473    19       16.6243       14.3473 57392061   13.70%
Elapsed real time = 595.77 sec. (tree size = 450.16 MB, solutions = 64)
Nodefile size = 322.90 MB (162.72 MB after compression)
 6080565 1016158       15.5359    15       16.6243       14.3542 57660884   13.66%
 6110891 1018274    infeasible             16.6243       14.3542 57935193   13.66%
 6143669 1017858       14.3709    19       16.6243       14.3709 58206915   13.56%
 6176881 1017144    infeasible             16.6243       14.3944 58478018   13.41%
 6210253 1015877       15.1196    19       16.6243       14.4170 58745083   13.28%
 6241475 1017117       14.7489    23       16.6243       14.4260 59027255   13.22%
 6272795 1018293       14.4260    20       16.6243       14.4260 59311764   13.22%
 6303826 1019376       15.5123    20       16.6243       14.4260 59592336   13.22%
 6334857 1020741       14.7489    28       16.6243       14.4260 59876947   13.22%
 6365549 1022237       15.4260    22       16.6243       14.4260 60155978   13.22%
Elapsed real time = 624.34 sec. (tree size = 453.59 MB, solutions = 64)
Nodefile size = 325.89 MB (164.33 MB after compression)
 6396433 1024080       16.0482    15       16.6243       14.4260 60432588   13.22%
 6427014 1025809       15.0600    28       16.6243       14.4260 60714400   13.22%
 6458781 1026930       14.4375    18       16.6243       14.4371 60987351   13.16%
 6492431 1025564       15.1196    19       16.6243       14.4572 61253532   13.04%
 6525238 1024168       14.4662    20       16.6243       14.4662 61535901   12.98%
 6558691 1023235       14.4888    23       16.6243       14.4888 61807685   12.85%
 6591413 1023245       14.9529    22       16.6243       14.5123 62083332   12.70%
 6622799 1024638       14.5123    20       16.6243       14.5123 62360307   12.70%
 6653927 1025982       14.5123    21       16.6243       14.5123 62643361   12.70%
 6684844 1027157       14.9931    18       16.6243       14.5123 62922962   12.70%
Elapsed real time = 652.99 sec. (tree size = 456.11 MB, solutions = 64)
Nodefile size = 328.89 MB (165.92 MB after compression)
 6716158 1028258       16.0482    18       16.6243       14.5123 63203604   12.70%
 6747018 1029479       15.1581    23       16.6243       14.5123 63485406   12.70%
 6778310 1030855       14.5123    22       16.6243       14.5123 63767467   12.70%
 6809135 1032195       15.5123    23       16.6243       14.5123 64045945   12.70%
 6840146 1033582       14.5123    26       16.6243       14.5123 64324075   12.70%
 6871053 1035141       15.5123    17       16.6243       14.5123 64608706   12.70%
 6903647 1034977       14.5290    20       16.6243       14.5290 64872279   12.60%
 6935582 1035394       14.8901    18       16.6243       14.5359 65153299   12.56%
 6966478 1036822       15.8038    15       16.6243       14.5359 65440116   12.56%
 6997370 1038295       14.5359    22       16.6243       14.5359 65719465   12.56%
Elapsed real time = 681.51 sec. (tree size = 461.33 MB, solutions = 64)
Nodefile size = 333.89 MB (168.57 MB after compression)
 7027976 1039851       14.5359    17       16.6243       14.5359 65999458   12.56%
 7058983 1041493       15.8901    17       16.6243       14.5359 66285099   12.56%
 7089265 1043371       14.5359    22       16.6243       14.5359 66567539   12.56%
 7119067 1045545       15.1581    20       16.6243       14.5359 66854867   12.56%
 7151738 1044948       15.4427    17       16.6243       14.5525 67132683   12.46%
 7184623 1044515       14.8754    20       16.6243       14.5525 67409203   12.46%
 7218289 1043393       14.5718    18       16.6243       14.5708 67678298   12.35%
 7251945 1042172       15.3165    16       16.6243       14.5841 67944176   12.27%
 7284726 1041831       14.5986    15       16.6243       14.5986 68220410   12.19%
 7315676 1042027       15.5986    17       16.6243       14.5986 68496338   12.19%
Elapsed real time = 710.01 sec. (tree size = 463.35 MB, solutions = 64)
Nodefile size = 336.89 MB (170.14 MB after compression)
 7346573 1042116       14.5986    24       16.6243       14.5986 68775633   12.19%
 7377250 1042502       15.2444    19       16.6243       14.5986 69054937   12.19%
 7408567 1042897       14.7452    26       16.6243       14.5991 69333831   12.18%
 7441286 1041458       14.6153    20       16.6243       14.6153 69601815   12.08%
 7474052 1040920       14.6222    21       16.6243       14.6222 69873933   12.04%
 7504773 1041876       14.6222    18       16.6243       14.6222 70147710   12.04%
 7535492 1043055       15.5986    19       16.6243       14.6222 70421087   12.04%
 7566163 1044462       15.9303    15       16.6243       14.6222 70700564   12.04%
 7596159 1046076       14.6854    20       16.6243       14.6222 70981519   12.04%
 7626491 1047613       14.6222    26       16.6243       14.6222 71254061   12.04%
Elapsed real time = 738.55 sec. (tree size = 466.12 MB, solutions = 64)
Nodefile size = 338.89 MB (171.21 MB after compression)
 7657608 1048500       15.5263    16       16.6243       14.6343 71531013   11.97%
 7691091 1046957       15.1747    18       16.6243       14.6388 71794566   11.94%
 7724556 1045414       14.6388    20       16.6243       14.6388 72064482   11.94%
 7758745 1043212       14.6624    22       16.6243       14.6619 72323570   11.80%
 7792993 1040586       15.3307    21       16.6243       14.6849 72589298   11.67%
 7825688 1039743    infeasible             16.6243       14.6849 72861431   11.67%
 7858654 1038595       14.6940    20       16.6243       14.6940 73136149   11.61%
 7889647 1037087       15.1345    19       16.6243       14.6940 73398422   11.61%
 7921330 1035832       14.6940    24       16.6243       14.6940 73669909   11.61%
 7951843 1034305    infeasible             16.6243       14.7016 73930587   11.57%
Elapsed real time = 768.14 sec. (tree size = 460.59 MB, solutions = 64)
Nodefile size = 332.88 MB (169.03 MB after compression)
 7983249 1032945       15.6849    21       16.6243       14.7085 74191444   11.52%
 8017318 1030519       15.3709    15       16.6243       14.7251 74447500   11.42%
 8050019 1027824       14.7342    20       16.6243       14.7342 74701705   11.37%
 8082773 1023131       15.1196    17       16.6243       14.7653 74937751   11.18%
 8114808 1021124       15.4260    21       16.6243       14.7803 75194065   11.09%
 8145513 1020071       15.8666    21       16.6243       14.7803 75448519   11.09%
 8175576 1019303       14.9068    14       16.6243       14.7803 75703506   11.09%
 8207770 1018013       14.7803    21       16.6243       14.7803 75973230   11.09%
 8238806 1017173       14.7803    16       16.6243       14.7803 76237002   11.09%
 8269670 1016124       14.7803    23       16.6243       14.7803 76500882   11.09%
Elapsed real time = 798.87 sec. (tree size = 452.89 MB, solutions = 64)
Nodefile size = 325.84 MB (167.21 MB after compression)
 8300901 1015355       15.1581    13       16.6243       14.7803 76767768   11.09%
 8333167 1013983       15.3401    20       16.6243       14.7959 77031254   11.00%
 8365288 1012621       15.5123    14       16.6243       14.8038 77285950   10.95%
 8396717 1012955       14.8038    17       16.6243       14.8038 77550217   10.95%
 8428296 1013024       14.9068    21       16.6243       14.8038 77809065   10.95%
 8460133 1012914    infeasible             16.6243       14.8038 78075232   10.95%
 8491256 1013122       15.4260    22       16.6243       14.8038 78343755   10.95%
 8521970 1013573       14.8038    25       16.6243       14.8038 78606034   10.95%
 8553032 1014048       14.8038    16       16.6243       14.8038 78877056   10.95%
 8583639 1014602       15.3397    17       16.6243       14.8038 79148726   10.95%
Elapsed real time = 828.50 sec. (tree size = 452.53 MB, solutions = 64)
Nodefile size = 324.80 MB (167.33 MB after compression)
 8613691 1015535       15.8038    18       16.6243       14.8038 79422496   10.95%
 8646487 1014440       14.8205    16       16.6243       14.8205 79684093   10.85%
 8680337 1011662       16.0884    16       16.6243       14.8205 79937192   10.85%
 8714111 1008464       15.4260    21       16.6243       14.8430 80180886   10.72%
 8747583 1006194       15.8832     8       16.6243       14.8666 80428838   10.57%
 8780182 1004939       14.8666    22       16.6243       14.8666 80688258   10.57%
 8812193 1003773       15.2208    13       16.6243       14.8666 80950710   10.57%
 8844525 1002785       14.8666    19       16.6243       14.8666 81213825   10.57%
 8875939 1001730       14.8867    21       16.6243       14.8671 81474484   10.57%
 8910882 997671       14.8901    21       16.6243       14.8901 81723643   10.43%
Elapsed real time = 858.63 sec. (tree size = 445.36 MB, solutions = 64)
Nodefile size = 317.72 MB (164.55 MB after compression)
 8942437 996968       15.4260    24       16.6243       14.8901 81995392   10.43%
 8974355 996163       14.8901    23       16.6243       14.8901 82266206   10.43%
 9006859 995502       15.5123    15       16.6243       14.8901 82540385   10.43%
 9039073 994736       15.9068    17       16.6243       14.8901 82813305   10.43%
 9070881 994044       15.8901    14       16.6243       14.8901 83084949   10.43%
 9102802 993573       14.8901    18       16.6243       14.8901 83362912   10.43%
 9134866 993311       15.3901    20       16.6243       14.8901 83636634   10.43%
 9166721 993293       15.1581    18       16.6243       14.8901 83913711   10.43%
 9197794 993393       14.8901    24       16.6243       14.8901 84187407   10.43%
 9228732 994133       15.5525    21       16.6243       14.8901 84462274   10.43%
Elapsed real time = 887.61 sec. (tree size = 444.08 MB, solutions = 64)
Nodefile size = 316.71 MB (164.17 MB after compression)
 9263410 991105       15.0839    23       16.6243       14.9068 84724684   10.33%
 9297951 987545       15.2149    14       16.6243       14.9068 84982001   10.33%
 9332438 984438       14.9068    25       16.6243       14.9068 85246816   10.33%
 9368314 980072       14.9303    21       16.6243       14.9303 85504400   10.19%
 9404108 975518       14.9529    20       16.6243       14.9529 85761775   10.05%
 9438152 973370       14.9529    25       16.6243       14.9529 86025002   10.05%
 9472231 971005    infeasible             16.6243       14.9529 86288507   10.05%
 9506284 968586       15.4025    12       16.6243       14.9619 86557583   10.00%
 9539523 966860       15.4978    19       16.6243       14.9619 86830662   10.00%
 9573824 964040       14.9764    33       16.6243       14.9764 87097850    9.91%
Elapsed real time = 916.75 sec. (tree size = 431.06 MB, solutions = 64)
Nodefile size = 303.71 MB (157.68 MB after compression)
 9606657 961781       14.9764    19       16.6243       14.9764 87367162    9.91%
 9640357 959752       14.9764    17       16.6243       14.9764 87633130    9.91%
 9673761 957625       15.5123    20       16.6243       14.9764 87901527    9.91%
 9706975 956084       15.9764    16       16.6243       14.9764 88170424    9.91%
 9742347 951814       15.5996    14       16.6243       14.9931 88425891    9.81%
 9777600 947643       15.4336    15       16.6243       14.9931 88686239    9.81%
 9811000 945426       15.0097    16       16.6243       15.0097 88956597    9.71%
 9847341 938918       15.0333    16       16.6243       15.0333 89222454    9.57%
 9883470 933496       15.0482    17       16.6243       15.0482 89486411    9.48%
 9918878 928707       16.0482    21       16.6243       15.0482 89753573    9.48%
Elapsed real time = 945.99 sec. (tree size = 415.77 MB, solutions = 64)
Nodefile size = 290.71 MB (151.16 MB after compression)
 9954211 923387       15.8666    16       16.6243       15.0627 90025390    9.39%
 9988381 920107       15.5123    20       16.6243       15.0718 90293900    9.34%
 10022083 917310       15.0718    20       16.6243       15.0718 90567891    9.34%
 10055832 914815       15.5525    17       16.6243       15.0718 90841946    9.34%
 10088012 912825       15.0718    17       16.6243       15.0718 91114553    9.34%
 10120459 911274       15.0718    36       16.6243       15.0718 91396244    9.34%
 10155069 908138       15.0794    16       16.6243       15.0794 91643617    9.29%
 10191434 902792       15.4260    16       16.6243       15.0884 91901150    9.24%
 10229396 895591       16.1345    14       16.6243       15.1345 92143902    8.96%
 10264945 891374       15.5123    14       16.6243       15.1345 92405184    8.96%
Elapsed real time = 975.33 sec. (tree size = 399.54 MB, solutions = 64)
Nodefile size = 273.72 MB (142.66 MB after compression)
 10300379 886923       15.1418    21       16.6243       15.1404 92665095    8.93%
 10336197 882288       15.5123    20       16.6243       15.1581 92920177    8.82%
 10370223 879369    infeasible             16.6243       15.1581 93185872    8.82%
 10403673 876293       15.1581    18       16.6243       15.1581 93441078    8.82%
 10437569 872839       15.1581    19       16.6243       15.1581 93701678    8.82%
 10471461 869475       15.5123    15       16.6243       15.1581 93963198    8.82%
 10505594 866238       15.1581    20       16.6243       15.1581 94226594    8.82%
 10540171 862780       15.1581    23       16.6243       15.1581 94492079    8.82%
 10574347 859479       15.7803    20       16.6243       15.1581 94760326    8.82%
 10608590 856402       16.1581    14       16.6243       15.1581 95030576    8.82%
Elapsed real time = 1004.85 sec. (tree size = 384.32 MB, solutions = 64)
Nodefile size = 257.70 MB (134.97 MB after compression)
 10642322 853823       15.5123    20       16.6243       15.1581 95305836    8.82%
 10676923 850359       15.1732    22       16.6243       15.1720 95571733    8.74%
 10714576 843888    infeasible             16.6243       15.1747 95815501    8.72%
 10752900 836267       15.8901    22       16.6243       15.1983 96063119    8.58%
 10790942 828605       15.2149    13       16.6243       15.2149 96316614    8.48%
 10828186 822709       15.2208    17       16.6243       15.2208 96564336    8.44%
 10865926 816063       15.2409    15       16.6243       15.2409 96812062    8.32%
 10900383 812201       15.2444    17       16.6243       15.2444 97079956    8.30%
 10935202 807930       15.2444    21       16.6243       15.2444 97348202    8.30%
 10969695 803733       15.2444    20       16.6243       15.2444 97616321    8.30%
Elapsed real time = 1034.38 sec. (tree size = 361.45 MB, solutions = 64)
Nodefile size = 241.71 MB (126.82 MB after compression)
 11004646 799352       15.9068    15       16.6243       15.2444 97885113    8.30%
 11039394 795055       15.2444    20       16.6243       15.2444 98153346    8.30%
 11074275 790971       15.2846    17       16.6243       15.2444 98420404    8.30%
 11108643 787129       16.1747    17       16.6243       15.2444 98691192    8.30%
 11142554 784032       15.2444    14       16.6243       15.2444 98963982    8.30%
 11179096 778753       16.0333    14       16.6243       15.2610 99211760    8.20%
 11216802 772181       15.5692    15       16.6243       15.2610 99451074    8.20%
 11252744 767003       15.2679    15       16.6243       15.2679 99708800    8.16%
 11286390 763934       15.2679    18       16.6243       15.2679 99984116    8.16%
 11321841 758489       15.2846    23       16.6243       15.2846 1.00e+08    8.06%
Elapsed real time = 1063.71 sec. (tree size = 341.90 MB, solutions = 64)
Nodefile size = 228.71 MB (120.15 MB after compression)
 11360893 749074       15.2846    16       16.6243       15.2846 1.01e+08    8.06%
 11400657 739239       15.3071    17       16.6243       15.3071 1.01e+08    7.92%
 11439856 730697       15.3162    21       16.6243       15.3162 1.01e+08    7.87%
 11477191 723002       15.3307    15       16.6243       15.3307 1.01e+08    7.78%
 11513897 716166       15.9260    24       16.6243       15.3397 1.02e+08    7.73%
 11550228 710813       15.7342    16       16.6243       15.3397 1.02e+08    7.73%
 11586354 705312       15.3397    24       16.6243       15.3397 1.02e+08    7.73%
 11622497 699727       15.3473    12       16.6243       15.3473 1.02e+08    7.68%
 11660714 691494       15.6624    16       16.6243       15.3542 1.03e+08    7.64%
 11698994 682557       15.3709    20       16.6243       15.3709 1.03e+08    7.54%
Elapsed real time = 1093.76 sec. (tree size = 308.72 MB, solutions = 64)
Nodefile size = 201.74 MB (106.30 MB after compression)
 11740291 669728       15.4888    18       16.6243       15.4025 1.03e+08    7.35%
 11778559 661497       15.4111    13       16.6243       15.4090 1.03e+08    7.31%
 11816317 653309       15.5525    22       16.6243       15.4260 1.04e+08    7.21%
 11851909 647606       15.4260    21       16.6243       15.4260 1.04e+08    7.21%
 11888154 641246       15.6032    25       16.6243       15.4260 1.04e+08    7.21%
 11924011 635410       15.9068    22       16.6243       15.4260 1.04e+08    7.21%
 11959359 630280       15.9619    20       16.6243       15.4260 1.05e+08    7.21%
 11994430 625303       15.4260    22       16.6243       15.4260 1.05e+08    7.21%
 12029329 620318       15.4738    11       16.6243       15.4336 1.05e+08    7.16%
 12070256 609792       15.4427    18       16.6243       15.4427 1.05e+08    7.11%
Elapsed real time = 1124.00 sec. (tree size = 276.49 MB, solutions = 64)
Nodefile size = 152.83 MB (80.88 MB after compression)
 12111121 597851       15.9662    20       16.6243       15.4662 1.06e+08    6.97%
 12153211 585531       15.7852    21       16.6243       15.4978 1.06e+08    6.78%
 12189685 578616       15.5123    16       16.6243       15.5123 1.06e+08    6.69%
 12227343 570535       15.5123    18       16.6243       15.5123 1.06e+08    6.69%
 12264861 562701       15.5148    20       16.6243       15.5123 1.07e+08    6.69%
 12302083 554979       15.5123    17       16.6243       15.5123 1.07e+08    6.69%
 12339094 547841       15.5123    16       16.6243       15.5123 1.07e+08    6.69%
 12375468 541207       15.5123    21       16.6243       15.5123 1.08e+08    6.69%
 12417470 528785       15.6354    16       16.6243       15.5324 1.08e+08    6.57%
 12454122 521568       15.5359    20       16.6243       15.5359 1.08e+08    6.55%
Elapsed real time = 1154.41 sec. (tree size = 237.72 MB, solutions = 64)
Nodefile size = 113.87 MB (60.61 MB after compression)
 12490473 514872       15.5359    25       16.6243       15.5359 1.08e+08    6.55%
 12526255 508271       16.0333    15       16.6243       15.5525 1.09e+08    6.45%
 12567660 494944       15.5525    22       16.6243       15.5525 1.09e+08    6.45%
 12612117 478435       15.5927    12       16.6243       15.5927 1.09e+08    6.21%
 12653398 465516       15.5986    18       16.6243       15.5986 1.09e+08    6.17%
 12693899 452675       15.6032    19       16.6243       15.6011 1.10e+08    6.15%
 12734627 440119       15.6153    23       16.6243       15.6153 1.10e+08    6.07%
 12773188 429468       15.6222    20       16.6243       15.6222 1.10e+08    6.03%
 12812221 418089       16.5123    10       16.6243       15.6388 1.10e+08    5.93%
 12864033 389863       16.0482    13       16.6243       15.6940 1.11e+08    5.60%
Elapsed real time = 1186.23 sec. (tree size = 180.14 MB, solutions = 64)
Nodefile size = 65.92 MB (35.30 MB after compression)
 12916582 359749       15.9384    15       16.6243       15.7803 1.11e+08    5.08%
 12965473 335747       15.8038    19       16.6243       15.8038 1.11e+08    4.94%
 13014131 310931       15.8666    16       16.6243       15.8666 1.11e+08    4.56%
 13063362 286677       15.8901    13       16.6243       15.8901 1.12e+08    4.42%
 13106341 269546       15.8901    13       16.6243       15.8901 1.12e+08    4.42%
 13159843 239469       15.9619    14       16.6243       15.9619 1.12e+08    3.98%
 13207826 216322       15.9931    16       16.6243       15.9931 1.12e+08    3.80%
 13261609 184648       16.0718    23       16.6243       16.0718 1.13e+08    3.32%
 13307560 158158        cutoff             16.6243       16.1581 1.13e+08    2.80%
 13345876 139713       16.1747    24       16.6243       16.1747 1.13e+08    2.70%
Elapsed real time = 1221.22 sec. (tree size = 71.59 MB, solutions = 64)
Nodefile size = 20.96 MB (11.38 MB after compression)
 13377245 133232       16.2208    17       16.6243       16.2208 1.13e+08    2.43%
 13404474 132531       16.2375    20       16.6243       16.2375 1.13e+08    2.33%
 13435709 125316       16.2444    14       16.6243       16.2444 1.13e+08    2.29%
 13466011 120490       16.2444    16       16.6243       16.2444 1.14e+08    2.29%
 13495160 117575       16.2846    15       16.6243       16.2610 1.14e+08    2.19%
 13523622 115744       16.2645    18       16.6243       16.2645 1.14e+08    2.16%
 13555111 109653       16.2846    17       16.6243       16.2846 1.14e+08    2.04%
 13583532 107549       16.3071    18       16.6243       16.3071 1.14e+08    1.91%
 13611024 106519        cutoff             16.6243       16.3162 1.15e+08    1.85%
 13638344 105423       16.3162    14       16.6243       16.3162 1.15e+08    1.85%
Elapsed real time = 1249.95 sec. (tree size = 56.66 MB, solutions = 64)
Nodefile size = 10.97 MB (5.99 MB after compression)
 13666076 103355       16.3307    13       16.6243       16.3307 1.15e+08    1.77%
 13695813 98858       16.3397    21       16.6243       16.3397 1.15e+08    1.71%
 13722714 97559       16.3397    14       16.6243       16.3397 1.16e+08    1.71%
 13748642 97757       16.3397    20       16.6243       16.3397 1.16e+08    1.71%
 13775048 97592       16.3397    18       16.6243       16.3397 1.16e+08    1.71%
 13801135 97768        cutoff             16.6243       16.3397 1.16e+08    1.71%
 13829397 95447       16.3473    16       16.6243       16.3473 1.16e+08    1.67%
 13857114 93737       16.3564    15       16.6243       16.3564 1.17e+08    1.61%
 13885677 90220       16.3709    16       16.6243       16.3709 1.17e+08    1.52%
 13913751 87874       16.4025    19       16.6243       16.4025 1.17e+08    1.33%
Elapsed real time = 1276.31 sec. (tree size = 49.04 MB, solutions = 64)
Nodefile size =  6.97 MB (3.83 MB after compression)
 13941253 87050        cutoff             16.6243       16.4025 1.17e+08    1.33%
 13968620 86077        cutoff             16.6243       16.4025 1.17e+08    1.33%
 13996020 84885       16.4260    18       16.6243       16.4260 1.18e+08    1.19%
 14023354 83655       16.4260    19       16.6243       16.4260 1.18e+08    1.19%
 14050048 83433       16.4260    23       16.6243       16.4260 1.18e+08    1.19%
 14076964 82869        cutoff             16.6243       16.4260 1.18e+08    1.19%
 14104377 82690       16.4260    19       16.6243       16.4260 1.18e+08    1.19%
 14130861 82958       16.4427     9       16.6243       16.4260 1.19e+08    1.19%
 14157191 83371       16.4260    19       16.6243       16.4260 1.19e+08    1.19%
 14183697 83646       16.4260    21       16.6243       16.4260 1.19e+08    1.19%
Elapsed real time = 1301.91 sec. (tree size = 47.23 MB, solutions = 64)
Nodefile size =  5.98 MB (3.28 MB after compression)
 14210397 83495       16.4260    16       16.6243       16.4260 1.19e+08    1.19%
 14237285 83050       16.4260    19       16.6243       16.4260 1.20e+08    1.19%
 14264040 83197        cutoff             16.6243       16.4260 1.20e+08    1.19%
 14290468 83118       16.4260    13       16.6243       16.4260 1.20e+08    1.19%
 14316797 83055        cutoff             16.6243       16.4260 1.20e+08    1.19%
 14343453 83061       16.4260    15       16.6243       16.4260 1.20e+08    1.19%
 14369645 83122       16.4260    23       16.6243       16.4260 1.21e+08    1.19%
 14396411 83132       16.4260    15       16.6243       16.4260 1.21e+08    1.19%
 14423262 82836       16.4260    15       16.6243       16.4260 1.21e+08    1.19%
 14449865 82725       16.4260    17       16.6243       16.4260 1.21e+08    1.19%
Elapsed real time = 1327.25 sec. (tree size = 46.87 MB, solutions = 64)
Nodefile size =  5.98 MB (3.28 MB after compression)
 14476534 82608       16.4260    17       16.6243       16.4260 1.21e+08    1.19%
 14503136 82428       16.4260    15       16.6243       16.4260 1.22e+08    1.19%
 14529487 82493       16.4260    14       16.6243       16.4260 1.22e+08    1.19%
 14556429 82155       16.4260    27       16.6243       16.4260 1.22e+08    1.19%
 14583198 81790       16.4260    21       16.6243       16.4260 1.22e+08    1.19%
 14609657 81765       16.4260    14       16.6243       16.4260 1.23e+08    1.19%
 14636387 81590        cutoff             16.6243       16.4260 1.23e+08    1.19%
 14662411 81619       16.4260    14       16.6243       16.4260 1.23e+08    1.19%
 14688839 81738       16.6077    19       16.6243       16.4260 1.23e+08    1.19%
 14715642 81349       16.5827    15       16.6243       16.4260 1.23e+08    1.19%
Elapsed real time = 1352.49 sec. (tree size = 46.28 MB, solutions = 64)
Nodefile size =  5.98 MB (3.28 MB after compression)
 14742623 81017       16.4260    20       16.6243       16.4260 1.24e+08    1.19%
 14769324 80661       16.4260    19       16.6243       16.4260 1.24e+08    1.19%
 14797713 78308       16.4427    18       16.6243       16.4427 1.24e+08    1.09%
 14825965 75758    infeasible             16.6243       16.4572 1.24e+08    1.01%
 14853329 74150       16.4662    15       16.6243       16.4662 1.24e+08    0.95%
 14880408 73557       16.4662    12       16.6243       16.4662 1.25e+08    0.95%
 14908122 71767       16.4829    15       16.6243       16.4805 1.25e+08    0.87%
 14936337 70115       16.4888    13       16.6243       16.4888 1.25e+08    0.82%
 14963966 69328       16.4888    20       16.6243       16.4888 1.25e+08    0.82%
 14991768 67333        cutoff             16.6243       16.5089 1.25e+08    0.69%
Elapsed real time = 1378.37 sec. (tree size = 40.18 MB, solutions = 64)
Nodefile size =  2.99 MB (1.64 MB after compression)
 15019505 66278       16.5123    16       16.6243       16.5123 1.26e+08    0.67%
 15047162 65612       16.5123    17       16.6243       16.5123 1.26e+08    0.67%
 15074429 65102        cutoff             16.6243       16.5123 1.26e+08    0.67%
 15102144 63991        cutoff             16.6243       16.5123 1.26e+08    0.67%
 15129653 63166       16.5123    13       16.6243       16.5123 1.26e+08    0.67%
 15156791 62763       16.5123    13       16.6243       16.5123 1.27e+08    0.67%
 15183993 62422       16.5123    16       16.6243       16.5123 1.27e+08    0.67%
 15211471 61560       16.5123    16       16.6243       16.5123 1.27e+08    0.67%
 15238153 61366       16.5755    16       16.6243       16.5123 1.27e+08    0.67%
 15265381 60657       16.5123    16       16.6243       16.5123 1.27e+08    0.67%
Elapsed real time = 1403.91 sec. (tree size = 37.31 MB, solutions = 64)
Nodefile size =  2.99 MB (1.64 MB after compression)
 15292369 60467       16.5123    17       16.6243       16.5123 1.28e+08    0.67%
 15319403 60321        cutoff             16.6243       16.5123 1.28e+08    0.67%
 15346549 59730       16.5123    17       16.6243       16.5123 1.28e+08    0.67%
 15373622 59343        cutoff             16.6243       16.5123 1.28e+08    0.67%
 15400638 59220       16.5986    16       16.6243       16.5123 1.28e+08    0.67%
 15428139 58617        cutoff             16.6243       16.5123 1.29e+08    0.67%
 15455198 58263       16.5123    18       16.6243       16.5123 1.29e+08    0.67%
 15482195 57898       16.5123    18       16.6243       16.5123 1.29e+08    0.67%
 15509377 57565       16.5123    17       16.6243       16.5123 1.29e+08    0.67%
 15536804 56856       16.5123    24       16.6243       16.5123 1.30e+08    0.67%
Elapsed real time = 1429.09 sec. (tree size = 35.68 MB, solutions = 64)
Nodefile size =  2.99 MB (1.64 MB after compression)
 15564137 56553       16.5123    20       16.6243       16.5123 1.30e+08    0.67%
 15591277 56056        cutoff             16.6243       16.5145 1.30e+08    0.66%
 15619212 53696       16.5290    13       16.6243       16.5290 1.30e+08    0.57%
 15647023 51936        cutoff             16.6243       16.5290 1.30e+08    0.57%
 15674325 50924       16.5290    13       16.6243       16.5290 1.31e+08    0.57%
 15702204 49216       16.5833    14       16.6243       16.5359 1.31e+08    0.53%
 15728719 48577        cutoff             16.6243       16.5359 1.31e+08    0.53%
 15755486 48828       16.5790    24       16.6243       16.5359 1.31e+08    0.53%
 15781700 49141       16.5359    12       16.6243       16.5359 1.31e+08    0.53%
 15808033 49432       16.5359    12       16.6243       16.5359 1.32e+08    0.53%
Elapsed real time = 1454.42 sec. (tree size = 32.44 MB, solutions = 64)
Nodefile size =  1.00 MB (0.56 MB after compression)
 15834386 49277        cutoff             16.6243       16.5359 1.32e+08    0.53%
 15861012 49157       16.5359    19       16.6243       16.5359 1.32e+08    0.53%
 15887421 49343       16.5359    17       16.6243       16.5359 1.32e+08    0.53%
 15913911 49231       16.5359    19       16.6243       16.5359 1.32e+08    0.53%
 15940235 48929       16.5359    19       16.6243       16.5359 1.33e+08    0.53%
 15966808 48783       16.5359    19       16.6243       16.5359 1.33e+08    0.53%
 15993898 47922        cutoff             16.6243       16.5359 1.33e+08    0.53%
 16021153 47407       16.5359    25       16.6243       16.5359 1.33e+08    0.53%
 16047894 47085       16.5359    19       16.6243       16.5359 1.33e+08    0.53%
 16076545 43824        cutoff             16.6243       16.5525 1.34e+08    0.43%
Elapsed real time = 1479.76 sec. (tree size = 30.04 MB, solutions = 64)
Nodefile size =  1.00 MB (0.56 MB after compression)
 16103988 42270       16.5525    14       16.6243       16.5525 1.34e+08    0.43%
 16131040 41331       16.5525    18       16.6243       16.5525 1.34e+08    0.43%
 16158240 39984        cutoff             16.6243       16.5525 1.34e+08    0.43%
 16185088 39137       16.5525    13       16.6243       16.5525 1.35e+08    0.43%
 16212653 37667        cutoff             16.6243       16.5525 1.35e+08    0.43%
 16240342 35320       16.5692    11       16.6243       16.5692 1.35e+08    0.33%
 16267914 33691       16.5751    13       16.6243       16.5751 1.35e+08    0.30%
 16294963 32363       16.5841    17       16.6243       16.5841 1.35e+08    0.24%
 16322484 31130       16.5841    13       16.6243       16.5841 1.36e+08    0.24%
 16349836 29202        cutoff             16.6243       16.5986 1.36e+08    0.15%
Elapsed real time = 1504.88 sec. (tree size = 23.69 MB, solutions = 64)
Nodefile size =  1.00 MB (0.56 MB after compression)
 16376599 28551       16.5986    13       16.6243       16.5986 1.36e+08    0.15%
 16403603 28024        cutoff             16.6243       16.5986 1.36e+08    0.15%
 16430891 27252       16.5986    15       16.6243       16.5986 1.36e+08    0.15%
 16457953 26616       16.5986    14       16.6243       16.5986 1.37e+08    0.15%
 16485151 25933       16.5986    13       16.6243       16.5986 1.37e+08    0.15%
 16512348 25141       16.5986    16       16.6243       16.5986 1.37e+08    0.15%
 16539306 24696        cutoff             16.6243       16.5986 1.37e+08    0.15%
 16566650 23721    infeasible             16.6243       16.5986 1.37e+08    0.15%
 16593484 23412       16.5986    14       16.6243       16.5986 1.38e+08    0.15%
 16620773 22809       16.5986    12       16.6243       16.5986 1.38e+08    0.15%
Elapsed real time = 1529.75 sec. (tree size = 20.93 MB, solutions = 64)
Nodefile size =  1.00 MB (0.56 MB after compression)
 16647951 22104        cutoff             16.6243       16.5986 1.38e+08    0.15%
 16674923 21743       16.5986    20       16.6243       16.5986 1.38e+08    0.15%
 16702127 21270        cutoff             16.6243       16.5986 1.38e+08    0.15%
 16728983 20767       16.5986    25       16.6243       16.5986 1.39e+08    0.15%
 16755830 20522       16.5986    18       16.6243       16.5986 1.39e+08    0.15%
 16783254 19851       16.5986    14       16.6243       16.5986 1.39e+08    0.15%
 16810259 19508       16.5986    21       16.6243       16.5986 1.39e+08    0.15%
 16837530 17811        cutoff             16.6243       16.6077 1.39e+08    0.10%
 16864825 16721       16.6077    18       16.6243       16.6077 1.40e+08    0.10%
 16891873 16060       16.6077    15       16.6243       16.6077 1.40e+08    0.10%
Elapsed real time = 1554.65 sec. (tree size = 18.02 MB, solutions = 64)
Nodefile size =  1.00 MB (0.56 MB after compression)
 16918819 15658       16.6077    15       16.6243       16.6077 1.40e+08    0.10%
 16945684 15185       16.6077    17       16.6243       16.6077 1.40e+08    0.10%
 16973033 12579       16.6077    14       16.6243       16.6077 1.40e+08    0.10%
 17000076 11255       16.6153    11       16.6243       16.6149 1.41e+08    0.06%
 17027634  9414       16.6153    17       16.6243       16.6153 1.41e+08    0.05%
 17055713  7164       16.6153    12       16.6243       16.6153 1.41e+08    0.05%
 17083462  5248       16.6222    17       16.6243       16.6222 1.41e+08    0.01%
 17110264  5024       16.6222    22       16.6243       16.6222 1.41e+08    0.01%
 17137209  4717       16.6222    18       16.6243       16.6222 1.42e+08    0.01%
 17164066  4235       16.6222    13       16.6243       16.6222 1.42e+08    0.01%
Elapsed real time = 1579.59 sec. (tree size = 12.86 MB, solutions = 64)
 17190654  4055        cutoff             16.6243       16.6222 1.42e+08    0.01%
 17217822  3358       16.6222    19       16.6243       16.6222 1.42e+08    0.01%
 17245060  2436       16.6222    12       16.6243       16.6222 1.42e+08    0.01%
 17272125  1968       16.6222    20       16.6243       16.6222 1.43e+08    0.01%
 17298883  1612       16.6222    15       16.6243       16.6222 1.43e+08    0.01%
 17325956  1439       16.6222    16       16.6243       16.6222 1.43e+08    0.01%
 17353136   749        cutoff             16.6243       16.6222 1.43e+08    0.01%
 17379570   207        cutoff             16.6243       16.6222 1.44e+08    0.01%

Cover cuts applied:  15
Implied bound cuts applied:  491
Flow cuts applied:  198
Mixed integer rounding cuts applied:  420
Gomory fractional cuts applied:  20

Root node processing (before b&c):
  Real time             =    0.14
Parallel b&c, 4 threads:
  Real time             = 1599.59
  Sync time (average)   =    1.52
  Wait time (average)   =    0.01
                          -------
Total (root+branch&cut) = 1599.73 sec.
STATUS : Optimal
Solution status = Optimal
 Number of constraints = 601
Solution value  = 16.6243
c(0)=1.35425 c(1)=10.3397 c(2)=8.93035 c(3)=15.2701 c(4)=2.80385 c(5)=3.71755 c(6)=5.9855 c(7)=13.0884 c(8)=13.9619 c(9)=11.694 c(10)=0 c(11)=7.33975 c(12)=0.394449 c(13)=16.6243 c(14)=9.33975 c(15)=16.0884 c(16)=7.93035 c(17)=2.26795 c(18)=4.5359 c(19)=4.93035 c(20)=14.3564 c(21)=12.0884 c(22)=10.694 c(23)=6.80385 
