
Graph (V,E) with |V|= 23 and diameter = 6

Coordinates: 
vertex 1 : 0 0
vertex 2 : 1 0
vertex 3 : 2 0
vertex 4 : 3 0
vertex 5 : 4 0
vertex 6 : 0.5 0.866025
vertex 7 : 1.5 0.866025
vertex 8 : 2.5 0.866025
vertex 9 : 3.5 0.866025
vertex 10 : 0 1.73205
vertex 11 : 1 1.73205
vertex 12 : 2 1.73205
vertex 13 : 3 1.73205
vertex 14 : 4 1.73205
vertex 15 : 0.5 2.59808
vertex 16 : 1.5 2.59808
vertex 17 : 2.5 2.59808
vertex 18 : 3.5 2.59808
vertex 19 : 0 3.4641
vertex 20 : 1 3.4641
vertex 21 : 2 3.4641
vertex 22 : 3 3.4641
vertex 23 : 4 3.4641

Distances: 
  0   1   2   3   4   1 1.73205 2.64575 3.60555 1.73205   2 2.64575 3.4641 4.3589 2.64575   3 3.60555 4.3589 3.4641 3.60555   4 4.58258 5.2915 
  1   0   1   2   3   1   1 1.73205 2.64575   2 1.73205   2 2.64575 3.4641 2.64575 2.64575   3 3.60555 3.60555 3.4641 3.60555   4 4.58258 
  2   1   0   1   2 1.73205   1   1 1.73205 2.64575   2 1.73205   2 2.64575   3 2.64575 2.64575   3   4 3.60555 3.4641 3.60555   4 
  3   2   1   0   1 2.64575 1.73205   1   1 3.4641 2.64575   2 1.73205   2 3.60555   3 2.64575 2.64575 4.58258   4 3.60555 3.4641 3.60555 
  4   3   2   1   0 3.60555 2.64575 1.73205   1 4.3589 3.4641 2.64575   2 1.73205 4.3589 3.60555   3 2.64575 5.2915 4.58258   4 3.60555 3.4641 
  1   1 1.73205 2.64575 3.60555   0   1   2   3   1   1 1.73205 2.64575 3.60555 1.73205   2 2.64575 3.4641 2.64575 2.64575   3 3.60555 4.3589 
1.73205   1   1 1.73205 2.64575   1   0   1   2 1.73205   1   1 1.73205 2.64575   2 1.73205   2 2.64575   3 2.64575 2.64575   3 3.60555 
2.64575 1.73205   1   1 1.73205   2   1   0   1 2.64575 1.73205   1   1 1.73205 2.64575   2 1.73205   2 3.60555   3 2.64575 2.64575   3 
3.60555 2.64575 1.73205   1   1   3   2   1   0 3.60555 2.64575 1.73205   1   1 3.4641 2.64575   2 1.73205 4.3589 3.60555   3 2.64575 2.64575 
1.73205   2 2.64575 3.4641 4.3589   1 1.73205 2.64575 3.60555   0   1   2   3   4   1 1.73205 2.64575 3.60555 1.73205   2 2.64575 3.4641 4.3589 
  2 1.73205   2 2.64575 3.4641   1   1 1.73205 2.64575   1   0   1   2   3   1   1 1.73205 2.64575   2 1.73205   2 2.64575 3.4641 
2.64575   2 1.73205   2 2.64575 1.73205   1   1 1.73205   2   1   0   1   2 1.73205   1   1 1.73205 2.64575   2 1.73205   2 2.64575 
3.4641 2.64575   2 1.73205   2 2.64575 1.73205   1   1   3   2   1   0   1 2.64575 1.73205   1   1 3.4641 2.64575   2 1.73205   2 
4.3589 3.4641 2.64575   2 1.73205 3.60555 2.64575 1.73205   1   4   3   2   1   0 3.60555 2.64575 1.73205   1 4.3589 3.4641 2.64575   2 1.73205 
2.64575 2.64575   3 3.60555 4.3589 1.73205   2 2.64575 3.4641   1   1 1.73205 2.64575 3.60555   0   1   2   3   1   1 1.73205 2.64575 3.60555 
  3 2.64575 2.64575   3 3.60555   2 1.73205   2 2.64575 1.73205   1   1 1.73205 2.64575   1   0   1   2 1.73205   1   1 1.73205 2.64575 
3.60555   3 2.64575 2.64575   3 2.64575   2 1.73205   2 2.64575 1.73205   1   1 1.73205   2   1   0   1 2.64575 1.73205   1   1 1.73205 
4.3589 3.60555   3 2.64575 2.64575 3.4641 2.64575   2 1.73205 3.60555 2.64575 1.73205   1   1   3   2   1   0 3.60555 2.64575 1.73205   1   1 
3.4641 3.60555   4 4.58258 5.2915 2.64575   3 3.60555 4.3589 1.73205   2 2.64575 3.4641 4.3589   1 1.73205 2.64575 3.60555   0   1   2   3   4 
3.60555 3.4641 3.60555   4 4.58258 2.64575 2.64575   3 3.60555   2 1.73205   2 2.64575 3.4641   1   1 1.73205 2.64575   1   0   1   2   3 
  4 3.60555 3.4641 3.60555   4   3 2.64575 2.64575   3 2.64575   2 1.73205   2 2.64575 1.73205   1   1 1.73205   2   1   0   1   2 
4.58258   4 3.60555 3.4641 3.60555 3.60555   3 2.64575 2.64575 3.4641 2.64575   2 1.73205   2 2.64575 1.73205   1   1   3   2   1   0   1 
5.2915 4.58258   4 3.60555 3.4641 4.3589 3.60555   3 2.64575 4.3589 3.4641 2.64575   2 1.73205 3.60555 2.64575 1.73205   1   4   3   2   1   0 
d: 
  3   2   1   0   0   2 1.26795 0.354249   0 1.26795   1 0.354249   0   0 0.354249   0   0   0   0   0   0   0   0 
  2   3   2   1   0   2   2 1.26795 0.354249   1 1.26795   1 0.354249   0 0.354249 0.354249   0   0   0   0   0   0   0 
  1   2   3   2   1 1.26795   2   2 1.26795 0.354249   1 1.26795   1 0.354249   0 0.354249 0.354249   0   0   0   0   0   0 
  0   1   2   3   2 0.354249 1.26795   2   2   0 0.354249   1 1.26795   1   0   0 0.354249 0.354249   0   0   0   0   0 
  0   0   1   2   3   0 0.354249 1.26795   2   0   0 0.354249   1 1.26795   0   0   0 0.354249   0   0   0   0   0 
  2   2 1.26795 0.354249   0   3   2   1   0   2   2 1.26795 0.354249   0 1.26795   1 0.354249   0 0.354249 0.354249   0   0   0 
1.26795   2   2 1.26795 0.354249   2   3   2   1 1.26795   2   2 1.26795 0.354249   1 1.26795   1 0.354249   0 0.354249 0.354249   0   0 
0.354249 1.26795   2   2 1.26795   1   2   3   2 0.354249 1.26795   2   2 1.26795 0.354249   1 1.26795   1   0   0 0.354249 0.354249   0 
  0 0.354249 1.26795   2   2   0   1   2   3   0 0.354249 1.26795   2   2   0 0.354249   1 1.26795   0   0   0 0.354249 0.354249 
1.26795   1 0.354249   0   0   2 1.26795 0.354249   0   3   2   1   0   0   2 1.26795 0.354249   0 1.26795   1 0.354249   0   0 
  1 1.26795   1 0.354249   0   2   2 1.26795 0.354249   2   3   2   1   0   2   2 1.26795 0.354249   1 1.26795   1 0.354249   0 
0.354249   1 1.26795   1 0.354249 1.26795   2   2 1.26795   1   2   3   2   1 1.26795   2   2 1.26795 0.354249   1 1.26795   1 0.354249 
  0 0.354249   1 1.26795   1 0.354249 1.26795   2   2   0   1   2   3   2 0.354249 1.26795   2   2   0 0.354249   1 1.26795   1 
  0   0 0.354249   1 1.26795   0 0.354249 1.26795   2   0   0   1   2   3   0 0.354249 1.26795   2   0   0 0.354249   1 1.26795 
0.354249 0.354249   0   0   0 1.26795   1 0.354249   0   2   2 1.26795 0.354249   0   3   2   1   0   2   2 1.26795 0.354249   0 
  0 0.354249 0.354249   0   0   1 1.26795   1 0.354249 1.26795   2   2 1.26795 0.354249   2   3   2   1 1.26795   2   2 1.26795 0.354249 
  0   0 0.354249 0.354249   0 0.354249   1 1.26795   1 0.354249 1.26795   2   2 1.26795   1   2   3   2 0.354249 1.26795   2   2 1.26795 
  0   0   0 0.354249 0.354249   0 0.354249   1 1.26795   0 0.354249 1.26795   2   2   0   1   2   3   0 0.354249 1.26795   2   2 
  0   0   0   0   0 0.354249   0   0   0 1.26795   1 0.354249   0   0   2 1.26795 0.354249   0   3   2   1   0   0 
  0   0   0   0   0 0.354249 0.354249   0   0   1 1.26795   1 0.354249   0   2   2 1.26795 0.354249   2   3   2   1   0 
  0   0   0   0   0   0 0.354249 0.354249   0 0.354249   1 1.26795   1 0.354249 1.26795   2   2 1.26795   1   2   3   2   1 
  0   0   0   0   0   0   0 0.354249 0.354249   0 0.354249   1 1.26795   1 0.354249 1.26795   2   2   0   1   2   3   2 
  0   0   0   0   0   0   0   0 0.354249   0   0 0.354249   1 1.26795   0 0.354249 1.26795   2   0   0   1   2   3 

max distance : 2
Lattice 2
UB for lambda 16
Number of variables 277
Tried aggregator 1 time.
MIP Presolve eliminated 24 rows and 1 columns.
Reduced MIP has 529 rows, 277 columns, and 1564 nonzeros.
Reduced MIP has 253 binaries, 0 generals, 0 SOSs, and 0 indicators.
Probing fixed 0 vars, tightened 1 bounds.
Probing time =    0.00 sec.
Tried aggregator 1 time.
Presolve time =    0.01 sec.
Probing time =    0.00 sec.
MIP emphasis: balance optimality and feasibility.
MIP search method: dynamic search.
Parallel mode: deterministic, using up to 4 threads.
Root relaxation solution time =    0.01 sec.

        Nodes                                         Cuts/
   Node  Left     Objective  IInf  Best Integer    Best Bound    ItCnt     Gap

      0     0        2.0000   161                      2.0000      169         
      0     0        2.0000   149                    Cuts: 78      249         
      0     0        2.0000   128                   Cuts: 232      426         
      0     0        2.0000   140                   Cuts: 232      575         
      0     0        2.0000   143                   Cuts: 232      732         
*     0+    0                           13.1345        2.0000      732   84.77%
      0     2        2.0000   143       13.1345        2.0000      732   84.77%
Elapsed time =   0.48 sec. (tree size =  0.01 MB, solutions = 1)
*   761+  660                           12.9764        3.2679    10164   74.82%
*   845+  728                           12.8901        3.2679    11433   74.65%
*   997   845      integral     0       12.8756        3.2679    13336   74.62%
*  1027   867      integral     0       12.8666        3.2679    13640   74.60%
*  1035   870      integral     0       12.8430        3.2679    13688   74.55%
*  1074+  897                           12.8038        3.2679    14165   74.48%
*  1110   923      integral     0       12.6222        3.2679    14486   74.11%
*  1200+  989                           12.4260        3.3595    15493   72.96%
*  1275  1038      integral     0       12.4170        3.6340    16303   70.73%
*  1279  1038      integral     0       12.3307        3.6340    16347   70.53%
*  1329+ 1070                           12.2444        3.6340    17071   70.32%
*  1402  1111      integral     0       12.1581        3.6340    17911   70.11%
*  1445  1140      integral     0       12.0627        3.6340    18325   69.87%
*  1532+ 1187                           11.8901        4.0000    19166   66.36%
*  1560  1201      integral     0       11.6222        4.0000    19509   65.58%
*  1714+ 1262                           11.5123        4.0000    21437   65.25%
*  1884+ 1370                           11.3307        4.0000    23974   64.70%
*  2168  1554      integral     0       11.2444        4.0000    27621   64.43%
Elapsed time =   1.44 sec. (tree size =  0.48 MB, solutions = 21)
   2376  1702        2.9785    85       11.2444        4.0000    32916   64.43%
*  2562+ 1150                           10.9764        4.0000    35299   63.56%
*  3273   993      integral     0       10.7085        4.0000    45355   62.65%
*  3921+ 1091                           10.6849        4.6340    53637   56.63%
*  3950  1105      integral     0       10.5986        4.6667    54047   55.97%
*  4755  1562      integral     0       10.5123        5.2679    64955   49.89%
*  5128  1729      integral     0       10.3307        5.2679    70468   49.01%
*  5689  2031      integral     0       10.2444        5.2679    80420   48.58%
*  8198  3111      integral     0       10.2208        6.0000   117322   41.30%
* 13104  5139      integral     0        9.8666        6.2679   187165   36.47%
* 15322  5548      integral     0        9.7803        6.3557   216565   35.01%
  22046  6565        8.7679    36        9.7803        7.0000   305461   28.43%
Elapsed time =  11.30 sec. (tree size =  2.71 MB, solutions = 32)
  29316  7432        8.5408    22        9.7803        7.2679   399926   25.69%
  36306  7808        8.0359    21        9.7803        7.6222   486233   22.07%
  44330  7316        8.0238    34        9.7803        8.0000   574811   18.20%
  53225  6636        8.6222    24        9.7803        8.2679   663394   15.46%
  62199  5062    infeasible              9.7803        8.5359   744499   12.72%
  74160   114        9.5359    17        9.7803        9.5359   817253    2.50%

Cover cuts applied:  3
Implied bound cuts applied:  355
Flow cuts applied:  67
Mixed integer rounding cuts applied:  334
Gomory fractional cuts applied:  21

Root node processing (before b&c):
  Real time             =    0.47
Parallel b&c, 4 threads:
  Real time             =   29.81
  Sync time (average)   =    0.01
  Wait time (average)   =    0.00
                          -------
Total (root+branch&cut) =   30.28 sec.
STATUS : Optimal
Solution status = Optimal
Time with cplex.getTime: 30.29
  Number of constraints = 553
Solution value  = 9.78029
c(0)=8.1581 c(1)=5.89015 c(2)=3.6222 c(3)=1.35425 c(4)=9.78029 c(5)=2.26795 c(6)=0 c(7)=8.51234 c(8)=6.2444 c(9)=9.42605 c(10)=7.1581 c(11)=4.89015 c(12)=2.6222 c(13)=0.354249 c(14)=3.5359 c(15)=1.26795 c(16)=9.78029 c(17)=7.51234 c(18)=0 c(19)=8.42605 c(20)=6.1581 c(21)=3.89015 c(22)=1.6222 
